4.746180327925755,0.5671641276049801,0.4577892801600649,0.009756606203741526,0.041857392379733335
15.613564072703724,0.7651838698653873,0.695959188932969,0.006085444126816516,0.02529293330471325
12.816950960801975,0.7797133639755008,0.7029594365766483,0.006987312310618471,0.007495900498179081
15.706517259824048,0.9129911319024515,0.8212168671399069,0.008668699777886948,0.006511774057924713
12.965105905886618,0.8786106312372789,0.7836346193117686,0.0077490809003454356,0.01597651205698285
9.473520111664119,0.8137670043809829,0.7090829384132266,0.007227272646801992,0.011535468826138633
15.415474448358124,0.6132205230754605,0.5483010742498527,0.004325287271525084,0.009815214440824959
7.97148975317805,0.6083398305445026,0.4922761815923817,0.004071777458196049,0.014541656073982225
4.841835211003271,0.6857448869263776,0.5784904834068645,0.0036068872785680038,0.008530021699819812
5.211662326389329,0.6799885869740762,0.5972784577104329,0.00376007060210111,0.003588728858562395
22.296304652968974,0.7820307835396578,0.6557585743694532,0.005107615642066219,0.00562302466717594
3.591121491123924,0.6891866254599441,0.5994464960424779,0.0034198571692376674,0.0014450836392808858
4.256650724062742,0.7203258884723159,0.6294949616154744,0.0028377324778120373,0.01897957810403253
2.01027491510447,0.6284527493415322,0.5273027348505495,0.001563437450719716,0.032481053882000524
1.2907961038247322,0.5558667442258639,0.4651827266625421,0.0022355356552480722,0.017620803367592433
1.8053052701925707,0.5643061819860665,0.47670538004064916,0.0016665459241313706,0.004881445333066323
4.844046687724639,0.5577042791624417,0.4480578531327087,0.0036493455890407346,0.008391565168386373
1.8864000274196204,0.5380010604632939,0.44348113340389356,0.0023333421257591127,0.0016935975183277165
9.412786516746047,0.7749123893040067,0.669583196448608,0.0016544923228043874,0.0005263739775233274
9.152470664266133,0.6425503499425551,0.5714888417195724,0.0017349320360766877,0.025876599058907154
14.060137048694049,0.6682861191837549,0.5474639104792642,0.0032015072291666216,0.05408112045673531
2.07225981706968,0.5344897637525867,0.43920051281698946,0.0035382785341236704,0.05901421884254518
3.3204032611448295,0.5397452012988107,0.4548656848024017,0.0013033234593483722,0.03820918414987877
9.711632147833255,0.48060917102188,0.3756317056605437,0.0008091501596541985,0.03669205330316937
8.431234682515171,0.7927317698932337,0.697067360769797,0.0004832049556291408,0.029523783950498483
5.7191614300563645,0.5880939479141167,0.5117274857639702,0.0009762977348568702,0.013968459557735617
8.276534067284478,0.505522861289066,0.3967242446117863,0.00164254682235225,0.023703056869110548
7.666295107534176,0.7163887019576377,0.6374908946529253,0.0030067202943273256,0.007124664756236465
19.20541668448894,0.6284919198889907,0.5028743395364146,0.0030658638497580294,0.0034293631199667496
4.5458714511177645,0.5898092813965661,0.5095916865536397,0.0031514251565950375,0.027849539632957356
12.710123885792791,0.7057894151985402,0.5869143130691806,0.0036706994470971557,0.03698649058660624
4.729637970588471,0.5887444271584124,0.47857314838931325,0.002887413036895136,0.024416921387251492
1.8917956710930053,0.6135083231153114,0.5092094174488278,0.0035860081356448733,0.028382369298089904
13.546182928708525,0.5471409944024639,0.42809330525526806,0.0027835845043397687,0.039892300422460884
13.814125132825616,0.53568072569743,0.41725279520739833,0.0023343357239880486,0.022374829367105813
2.5604488449731924,0.6490083504961086,0.5455258021368142,0.002864976969038008,0.023173443416732394
7.320807520626136,0.689130017396494,0.5815465420816847,0.00020261803152149625,0.021217305200580593
10.98149392941706,0.6576243022571765,0.5901850702343335,0.00035307718462163193,0.01218286805240087
8.977774780517072,0.8101256954781226,0.7116385934691924,0.0032241897674224517,0.010439115088184889
26.15002466895472,0.649403297620436,0.6005400994884862,0.0019630124699137794,0.030145026404697867
27.23912098924224,0.8279015181879691,0.7011109073516404,0.0037458908761717077,0.026389448034739797
12.963387351826633,0.7605818092715212,0.6887506145235361,0.0041878604187095495,0.04327911673574962
4.523040732730475,0.6541536068517638,0.569160352391566,0.005265839466810122,0.052927257257039576
2.0795953697651637,0.6445049189158738,0.5530851522913012,0.004182856910474214,0.05714193090672963
6.259084813588177,0.6637830061303127,0.5523067544191278,0.004815241667726353,0.053428164988802845
9.375620057891428,0.5353347096240006,0.4218234200730523,0.006004709206690935,0.05270245096447426
7.92595471742028,0.6712708893078101,0.5554990603946612,0.0055069104564734106,0.02700580253790486
2.2263652790064965,0.5276912096362595,0.4281747516819957,0.0039018774869436935,0.018538502009255338
2.5714173358562915,0.5314954271336187,0.4368038788222231,0.005215031792180969,0.01286316269001328
7.367136361148853,0.4892802273187759,0.38990325679752547,0.0053625551841487455,0.00662922892430289
3.973625209099766,0.6775546377445151,0.5894977909910442,0.006118508977855194,0.022933181961190402
11.802579980824877,0.7467506528103279,0.6300843227839908,0.005896061441551168,0.03950068242145703
11.93945975541627,0.5984819932267924,0.5271440562143466,0.005579221975146217,0.0465797764418285
5.109111556742647,0.688549683692588,0.582466357860101,0.007985967577026685,0.04198990465392397
11.053487649908567,0.7013882885340387,0.5816151399186691,0.008923114957973707,0.029091681455507543
11.817795508847395,0.593152506595462,0.5204375482780238,0.006467812895155154,0.040127464600547696
3.211902560289099,0.6016822113425574,0.49761365581191386,0.009596408342311912,0.03033962619048475
7.709834894706178,0.6560731005722655,0.5715950658116395,0.010232549892426387,0.0285120407206196
7.5229398214378875,0.6079201989721046,0.5220531286665587,0.010094133085962539,0.039776515792726175
6.3709878502041075,0.5330521256918391,0.4373991516760188,0.009540736937269943,0.038090318016561084
5.073260882678959,0.5975714671469783,0.4926155735514559,0.009291824613692793,0.04599024490522611
7.949381931196713,0.6696540676364531,0.5732703396040546,0.011190186803246807,0.05160298089019931
6.625213757010301,0.6799495729884181,0.5714090877264741,0.007982344452472784,0.05289267195765521
7.816461540230195,0.666099791812645,0.5821777418308802,0.008076306995152566,0.05599421052026593
8.828200529654975,0.7747889109241051,0.6797107581953186,0.008879051613306576,0.045429690963156424
11.385932224747705,0.6946050306000183,0.6015873364234636,0.010993729229536314,0.07025971473893347
11.151109411211628,0.6251295517103738,0.5083877897016933,0.0068577578374148145,0.06640733528174142
8.940447849355383,0.5189648230298479,0.4273671770751861,0.007919294253878554,0.061716339663606595
14.04343213534068,0.5355920281334966,0.4216332321409315,0.008344313376412345,0.06377891534234915
11.47789030140818,0.5013462812988603,0.41067600109309815,0.007729428426764147,0.06221941019414384
5.488683209530517,0.5665976386314624,0.4711497136231135,0.009501058337839204,0.046801381657487234
6.47301632538399,0.7366047294612249,0.637161250335594,0.009701407977758677,0.034791914778720456
7.221825720918236,0.5671641276049801,0.4577892801600649,0.009756606203741526,0.041857392379733335
