88.41706068628383,0.7224611385140275,0.6291968059369697,0.003850347161879164,0.12600854657559768
83.94972103675842,0.5249533693600675,0.6804392439901532,0.0013303582752737858,0.04850035128650225
84.16476715186366,0.3769127448765062,0.4690387362676738,0.002950564966561828,0.03524288892224607
4.39622055975906,0.5119822690898546,0.4180422178292779,0.004446161641396217,0.05739264582423361
8.075495826232697,0.4894372886620664,0.39674388553052364,0.005360942406575742,0.04358951268463653
7.946048515499724,0.6374486822037849,0.5507627859841148,0.008618964071556582,0.06868254582409651
8.707987604216804,0.5732252219857372,0.48911028164501485,0.008087678186839817,0.06750603133733278
4.562025600115973,0.5551375272584866,0.4532622071933934,0.0072768040945214415,0.058129644164479854
7.919034187517079,0.5716597581276354,0.46218617542934526,0.007483067990580644,0.06670038947457205
11.812351813551336,0.772759860295412,0.6857746218905365,0.00840673153043093,0.07306556579723283
9.656162231896811,0.6001048145202457,0.5160218374287128,0.007912159919148096,0.09210017508628839
8.64452683583848,0.5132219565134006,0.4187326292375312,0.007178203651188918,0.07477941370601669
15.28671692174374,0.5456691955410552,0.43204941834299326,0.007404184795945763,0.09174578046394283
15.72249751981974,0.5484915645534852,0.4715176914968531,0.007796224910686246,0.093913289417347
17.231534086647237,0.540635542743766,0.4696104460510336,0.005844975351678251,0.09050643952339879
18.24754877770701,0.6124034148895444,0.48890226887903454,0.005312618064649197,0.08427206296867289
10.132325317615301,0.5139257814690699,0.4326553761141577,0.004741219736725017,0.061092427235316396
8.5560696184816,0.49152275976102167,0.4048780691317692,0.002597212369879228,0.06702196567852865
11.311310214860038,0.6049668332609198,0.5369763350860913,0.0019215525622263982,0.07332961189091429
9.281032153072228,0.5233550979199698,0.4110721367257018,0.003328240951304929,0.07626122234884966
7.790403358291047,0.56913186142763,0.4937700249360845,0.0027008054753902655,0.0909840272576765
13.238231483469267,0.5655426817586443,0.446810075557655,0.0023994611191712313,0.07673817007614903
1.4749612394746725,0.5462099302659904,0.4523311571821367,0.0008009911261667724,0.07308003748164231
7.87174214521702,0.6576836424963519,0.5845611627745566,0.0012723892784754838,0.09281856707588479
12.947900127251856,0.784738896362325,0.7139554123492498,0.0008749982906388587,0.058906312068974856
8.014581772316255,0.6500604584330351,0.5774774358608333,0.001180842624689265,0.05723460517485359
9.99905258649573,0.7459546133596087,0.637878160747113,0.0002638603246432848,0.05635310082719868
14.581766282172792,0.9004129669845653,0.8056948087828022,0.003760077522787389,0.055594047506793955
11.557108372926248,0.5093355950531055,0.39567566257425224,0.002317495848724974,0.06446599120744542
12.305990974053742,0.5242564770327123,0.4522298733675564,0.0009766904484492093,0.0664707616969752
16.039544478592468,0.6616506308495048,0.6013309134413692,0.0007343316185431982,0.06006770850671221
13.669804092107313,0.5065636053910832,0.43305817541251823,0.000237793477557602,0.042368671889091256
3.0390752828756877,0.5289055367242923,0.4267198195521061,0.002735745546033079,0.056170194476960186
1.5027354682003249,0.6338850816170735,0.5429375843040186,0.0033708011954053136,0.050890024590918195
11.183955328100819,0.7708479059154709,0.6588720713958407,0.0045069556687961755,0.061395802244271235
7.6181992597727275,0.6889746573598367,0.6068408538732901,0.006777414774804478,0.05088359219475859
7.776652902796473,0.5099199456035552,0.4005952595746064,0.005669026748469117,0.044127989726133146
8.462213799801962,0.5175800064357554,0.42524321212125993,0.008031436369897792,0.05575559436973826
2.6930361057705223,0.5711016531128879,0.47696694050712224,0.006217998803025133,0.056602763340863796
2.2354420240534205,0.6507582888959601,0.557004724571931,0.004725884952156915,0.05847402227532713
6.399118869938887,0.7268634069776634,0.6277804957281136,0.006406457739347282,0.07080224872290125
20.591982396352915,0.5904407514812883,0.46640781857875213,0.0067823752013432105,0.07597200063933426
5.208789465175094,0.6222786192796438,0.5448038528447059,0.001519097639683463,0.06658970554499957
6.206188840848918,0.7389504417737738,0.6395228971075796,0.0003806168960275131,0.08075417117307153
18.422221373422982,0.6156589899571167,0.4936278578688721,0.0004511269720135038,0.07152869130396984
3.411519220821848,0.5382010791267404,0.4343964327406206,0.002380818574564964,0.07723728821912443
6.469013113815847,0.541919637557425,0.43211234874131316,0.002346817567553902,0.07938316602290801
7.779158768779719,0.6683515844364463,0.5933297440901802,0.0025399256453193307,0.09823430898639147
11.632461171857415,0.4601106081000331,0.36179548310013965,0.001257595443731547,0.09463319799911102
1.0447075606363052,0.6192176458293254,0.5236975891390048,0.002083713233422314,0.10244150041590058
3.493445046441558,0.6307656832355351,0.549521934768466,0.0004418479545607551,0.09604472841569688
1.2880046931076703,0.5697508231583702,0.48118570105776726,0.0009283450393317623,0.10685302665335053
5.411635508970579,0.6957662693327937,0.5923005824685792,0.0004437943256100493,0.08571133502699838
4.263138965739927,0.5578276594734579,0.475019147889101,0.002941757623404513,0.08919330444580957
19.806128074258563,0.8312330994102866,0.7684717633350523,0.0027162638450501796,0.08611942212641222
18.87352745496116,0.8348952978527905,0.7213537630127388,0.0004211551427933573,0.07585807603286582
7.802681881270831,0.7454403263500627,0.6393297730731385,0.0031574628491938964,0.0967233720518854
7.82367304973122,0.6712582182896687,0.5590032322448807,0.0034693918939953557,0.09144211452426249
3.0177312938100798,0.549204360426838,0.45613514002858196,0.00513710275295569,0.06936593245919993
3.475563399591379,0.6753664915021205,0.5816815753997786,0.004327195269724726,0.09060239681543204
3.3183222493057736,0.6582248042376652,0.5553790799531813,0.0027243472089673376,0.11157471603954013
3.1480377405106554,0.6905003065908718,0.5947482973517779,0.0024171899345602123,0.10436428760592191
6.309723057556159,0.7593504198694252,0.665432372481203,0.0007144282756606061,0.09405180723719957
5.330493185252786,0.736973201316433,0.6473330842748263,0.00047719384082697895,0.09122775433676124
4.560576923653903,0.6861431907385518,0.6023828396548435,0.0024413710457123405,0.08443832558593607
7.203683818694842,0.6260496253792112,0.545612968669217,0.00505100900364521,0.10891807577663856
4.7364537276090655,0.6889230589879549,0.6007697563213873,0.004088829352433545,0.10186139459260675
4.71655572990149,0.5642364267730409,0.4581997136200121,0.003927780802357458,0.11126593991119951
6.384655708884017,0.6495563300514298,0.5397897723117226,0.0033288071470702575,0.12103336350319482
10.177330384498967,0.7905988830808206,0.6859114588921964,0.003349593777961761,0.12195969742801013
16.73891875628335,0.5042701707578057,0.4312807426351987,0.0028394643740104445,0.12098543307673716
9.810661931084397,0.6345631932169008,0.5191823107956282,0.002617723278754043,0.12258137120797982
19.249879261630234,0.7522818606131422,0.6886239712804798,0.00508435160583753,0.10599673735949991
5.560179136988717,0.7224611385140275,0.6291968059369697,0.003850347161879164,0.12600854657559768
