848.4949518435767,0.6322593601459291,0.5330853030514248,0.0018690413403236817,0.08487803420551854
89.4473676835981,0.35396985026268424,0.7143204578070212,0.004034501724073299,0.008534166299075548
89.65600079500607,0.4303859980326463,0.9066680666794271,0.0032502108810692786,0.01417402473249273
92.2837561819174,0.10287841395896247,0.5309432555752336,0.005919907149572643,0.01721068399997266
91.88097219346452,0.15412203165907218,0.6803324203857805,0.0069631959447618835,0.01155715799810601
92.91477351029037,0.03256639970425554,0.7084453233107918,0.004046763092400402,0.0021607878318555644
90.53508602792907,0.342654582723225,0.8825095702392836,0.0037142095484564083,0.01512719612863769
90.51968025094415,0.5717216536688198,1.3146841969548813,0.0048094063382525185,0.010538000132715261
91.7558199668572,0.3978987566521973,1.3996387892443114,0.003393111041670171,0.0065985295658844215
92.87001814849891,0.27172354325388165,1.921975459198408,0.0056632091011026234,0.00912457107244328
93.1336582848873,0.22843713941673022,2.180939790518432,0.005418753779936719,0.011917328883033328
92.88486799870338,0.32104085799084103,2.061636983197478,0.005186449905237938,0.02120974796413099
92.93851413763213,0.3517627593366893,2.1900552508216045,0.003687146613756986,0.03644590709813611
93.09246544572073,0.30467809422057324,2.3213097642448473,0.005656101603885714,0.03526712641810362
93.15142332979543,0.21876658136798482,2.2228296100587652,0.005560186976663158,0.046609809807868295
93.50990626005687,0.06227743411704484,2.6718136318062733,0.009649676325901586,0.0413420520527254
92.9374343506053,0.7548006661996496,2.732768982010207,0.008467034453047341,0.05585115478055275
93.12558973728132,0.4902535966181683,2.7192628201902433,0.01047369543846702,0.039156343136885985
93.37397048434188,0.22071263302866262,2.7254685905976688,0.00874467915360447,0.04627368319964032
93.0454560270134,0.41649997232144775,2.4671278507413446,0.00803896829232735,0.025093993780359806
93.34738918779362,0.1679091812148308,2.468167387196142,0.008865267925039416,0.012799757029606666
93.54121461361976,0.009711052851326701,2.5746997999634007,0.0087734530724231,0.03909610262979211
93.28122711951086,0.11601633417165425,2.1867775861725534,0.009161174556286275,0.03681976243965427
92.75063060640517,0.47772164378076853,2.217073020860462,0.007950943630424694,0.042172563060196844
92.67018191070206,0.5534737776431632,2.251772111726361,0.008733193845385255,0.035573199228030594
92.50104873527312,0.5605678182636381,2.121195879918616,0.007802823042495648,0.04017205722492319
92.29984634595984,0.705984846226607,2.1589248549494187,0.006163488725310116,0.043079486872295784
91.2200848729949,0.6850245006718626,1.6652053548002599,0.003959097421166657,0.044581720347906306
91.7422168392739,0.4469402769176284,1.5007493181835232,0.0032840595410845753,0.04644336102746478
91.00653356290712,0.5510453042259239,1.4081614695145932,0.0015110511798340184,0.040176553468477115
91.97727443382108,0.37754124929485894,1.471500329429585,0.0022644522806671216,0.02877366271978602
84.11758747968632,0.7277486986682928,0.9493868985683006,0.0002495403336578014,0.029534349879157498
66.38182287655549,1.129019117856907,1.1545176949436722,0.0012435919271938732,0.03427476585919953
69.94750282552285,0.9686366052087159,1.013708063588581,3.618941743844194e-05,0.04020795612272677
56.46019763284305,1.151547066162962,1.1440553601917127,0.0010104823622827433,0.011955575056045997
35.82258943257649,1.1081144359495774,1.0542848415103976,0.0016496879175058156,0.013241643848296392
16.708149359991275,0.8818409424352303,0.8075243339957492,0.0031987119785719348,0.025764166506573257
18.300713499086946,0.6014743485597517,0.4743169999032647,0.005707620987291344,0.023209893772639583
7.116500495367797,0.5145183769485202,0.4299125937628481,0.004553162674892384,0.024807298266177842
10.756980103529603,0.47935298969553813,0.3873761330259676,0.006115231457856353,0.03267081444732173
16.725333230500983,0.5178380073055757,0.40033079700554985,0.008484726655338514,0.04949436714528205
3.9661602149076787,0.6520149395601258,0.5552947954119234,0.007941608376373572,0.05144838628629334
10.030095034437084,0.7493968806916479,0.6659054094208368,0.008028715418030899,0.04867386112674388
8.06044927962991,0.7030608730198826,0.6140141165923899,0.00895938295619838,0.05649876531480415
6.99585407088248,0.7357437515076659,0.6269713561846831,0.00803365513550265,0.03345790563045292
4.276356477449447,0.6937192741654105,0.5929021598729458,0.009405612215441273,0.030304765376943908
12.025654473778562,0.5293057903592588,0.44557372502065895,0.009169024127417555,0.0447604490496446
5.138706733903209,0.6004349879311711,0.5058563769056119,0.011367746881041961,0.031152277937959487
4.793090525906502,0.5823751082720644,0.48769390639408317,0.009924271471792484,0.03920501480929768
5.16709749996927,0.5513180950535682,0.44256575584113717,0.008215531390598036,0.03352601067281805
11.81081022940279,0.8165529194991933,0.7322302632461481,0.0071138926236334245,0.04358166367835432
5.599633076750701,0.7395884137402167,0.635316524749555,0.00683840290498526,0.02842885267937336
3.227688482847631,0.681509953893711,0.5887411670062214,0.0056813512341827525,0.04121767629467281
3.8207092006699113,0.6485097127720624,0.5655680945099739,0.0030820933279695575,0.03299654694418589
4.495570743202979,0.681674447681175,0.5965405508462674,0.004587230998967224,0.013474066021059956
0.6182498929303597,0.5753385741265066,0.48044870155638975,0.004053673652539744,0.021204705754525172
0.7143146165641009,0.5971722738049974,0.5004356756632807,0.002635503102601904,0.009938338134250598
7.967446203939198,0.5731508883767903,0.46126704284331643,0.0009210903576805441,0.012207768334052016
3.6429270711510426,0.6151975486399075,0.5340861460935391,0.0013578284864728923,0.0020919696729832255
5.829914590413717,0.6564982691488042,0.5795180390731746,0.0007492739140853345,0.005646621829564576
3.732828844549663,0.6729495907852869,0.5884131844643312,0.00018512373275344335,0.00011287036389622668
1.2717488324235555,0.56299229151697,0.47244814237838517,0.0006887898636226482,0.004380667560382508
2.7893886533203203,0.6668523856975181,0.5791707044876613,0.0018103547078799163,0.011993997011463798
16.84437170643778,0.4519188010345825,0.3492449140698187,0.004633326653978177,0.0008794053507977465
13.298701078200418,0.6392063832972924,0.5706045458436044,0.005221058355031225,0.005242487485046975
4.061384820932545,0.6941836526887184,0.5893687261172734,0.008613104059125354,0.025488163968640377
2.6120671056415743,0.6766845904457656,0.5820406305019661,0.0065317198750766275,0.020318716446252834
1.7418043902092923,0.6523846292841419,0.5577912082351381,0.00497001927586832,0.036351066178541
1.3299786800628604,0.5643118138761043,0.4728722161286179,0.003969330897198314,0.04015180397242255
7.393942802881076,0.7436812037786051,0.6359367398205251,0.005993633847012842,0.04615547796639268
2.310114653763483,0.5924824461806644,0.5033530163290295,0.005577754523506742,0.038622352989138936
3.4474600887659173,0.5219641314893333,0.42988028575938697,0.00400930564111068,0.0535291985046071
1.3188015000554782,0.5567810301165146,0.45864873281891794,0.00394967942922527,0.05293983859024613
1.0668490878895773,0.5954565765656735,0.5051648751783969,0.0028827103207946505,0.0577907683530898
3.134790682538637,0.5453872080365525,0.44086875722065005,0.002644494843066464,0.05803812141284947
6.448410166238347,0.5657045662797772,0.4547269734775591,0.00197791101282623,0.06511198615582019
5.491226635984511,0.6515549655245174,0.5729681477419265,0.002396271091470823,0.05365151900957242
3.1057302703392256,0.5456451687247461,0.45991010201367855,0.0026996310612120117,0.04146402423292179
1.2282586380165421,0.5658852865915899,0.4765029754071679,0.0014553575607778025,0.08127085982754581
1.850419620922462,0.6426617985144975,0.5482921523227235,0.00020800895118757248,0.0920372486604634
8.540914202363073,0.8024044011540994,0.7129277886585538,0.0019015446144318832,0.07556728837328566
6.414661798071307,0.7596526007015669,0.6618899198603349,0.0038106385850598546,0.0694199807637443
12.309545219637576,0.8005684661845186,0.6891759754131219,0.004681844472581411,0.05204032358296157
10.145640367796199,0.8120619655590007,0.7232663309356172,0.006538215060407375,0.04251439547708834
7.701046424622044,0.7519144412353919,0.6606333176127249,0.007267180146242478,0.05417081578043417
5.3740917990324775,0.7194948720345664,0.6275098527717593,0.005402069810861153,0.06565867219261003
2.8256591301908003,0.5603714539138731,0.4559305943619629,0.003238919872808249,0.07058473581785571
2.3134730090327933,0.5539146762796783,0.4517051997456012,0.004348849877077294,0.0575567567244697
1.4627283898105004,0.5453415920285325,0.453363216649234,0.002331900824813931,0.054455141391529925
2.7163169568102954,0.6640631294389071,0.5755686138987591,0.0030147922784851565,0.0576869352457345
2.813711331698393,0.6326351955708929,0.5430094952566422,0.005829175631060397,0.045799101600724985
7.25561852668168,0.757542268923408,0.6638582996034377,0.005342804802639941,0.07906402927345894
9.427098916119554,0.4891391105961035,0.38273623021726877,0.004407321406639027,0.0719550118027044
12.581645593917397,0.48136037956492245,0.398506709391922,0.0023285138870770515,0.07231348576687593
7.268910511135179,0.5011570132012979,0.4174100241797337,0.0005503701838898837,0.07974484574237216
7.093884636289912,0.5415514763346105,0.465148349437959,3.4066769270304814e-05,0.09150884153394913
2.815270893601374,0.6492294622481203,0.5642292401928942,0.00010422571747454966,0.10969609771265532
15.195742423923978,0.7700885720216739,0.6538779829559137,0.002249815805540927,0.10371246085488174
19.03785502110449,0.7138813988270135,0.6565088338311789,0.0011361340969085181,0.11720748036805813
6.7304982383191305,0.746230329161928,0.6632073904749439,0.0008915294510011547,0.11810485917172393
10.211396565690881,0.5952317337876611,0.526751525030903,0.0003610712800263394,0.11520632865154355
2.5802448033163956,0.6598522535013442,0.5600909248729024,0.0013198791687453163,0.10008796207118122
1.7665417973937387,0.6218759149944698,0.5350606232964132,0.0012112102234371216,0.1069226501405421
3.0154820368379536,0.5881101399132691,0.5061584685894568,0.0009874639493060457,0.09405868248593613
5.467619650855576,0.530649981579972,0.44939634000723694,0.0011005564939049173,0.09531879128166763
1.611952422840777,0.6322593601459291,0.5330853030514248,0.0018690413403236817,0.08487803420551854
