3889.836017836474,0.18520192735455931,0.12831826196689625,0.004272546503437718,0.5211789032274057
26.58171872531505,0.2388456484284041,0.16002357003149437,0.0016716002265950275,0.026515954849582402
3.1319668530585796,0.2577555043221517,0.20543635802436952,0.001540796293183968,0.025516061905292816
2.166182258615929,0.3017519448702113,0.22876713753951416,0.002328703573562227,0.008212255278841393
1.2788432041154152,0.31123731748932215,0.249144889468086,0.0006372879650537115,0.038976041556413876
0.9324922863008855,0.2579427612557747,0.19392006135115006,0.0012300130835570125,0.010379412539140962
4.769669112617264,0.315097717569648,0.2381379319306967,0.0012446003113236153,0.00604154004321098
3.1591069326375907,0.3898983094602707,0.30536710362136443,0.0008660129720095657,0.0003179664704391783
1.7061102664493575,0.4225625839111574,0.3421559875407701,0.001190036668039854,0.0012877316988021909
0.6772388839281243,0.33588154412912385,0.26465240148672453,0.0014782915178727244,0.004714663072524723
0.3856380051969772,0.2694078084951743,0.20537462662521408,0.003732660876234142,0.008661216785230923
1.5699717282547347,0.1335490783754077,0.08817865858123074,0.004310658585157354,0.01320353816621834
1.9377817351808178,0.063893778912462,0.025658059693795837,0.0035078750863551853,0.024961625674503926
0.3672270197996833,0.06849832038657573,0.023052436881240007,0.003741416157994661,0.020975473570737254
0.8066693783775986,0.14540618129246657,0.09567835854844511,0.005585932707561959,0.017281404644074867
0.3904605028338746,0.18846754470995508,0.13314505801869758,0.005131910663720167,0.02584418957624919
0.35862520021340066,0.21648903519175047,0.15815277204978487,0.002639203051300576,0.016172729869092337
0.4148598238534677,0.28200039339716565,0.21656614352856024,0.0034116101577735558,0.02717372035086401
0.4596501272078449,0.28875682188027746,0.2230991124777268,0.0034049415118157507,0.02289184159501425
1.1678171158084065,0.2891006903342833,0.21703645768663277,0.005027441346393651,0.022808575377706416
1.2047583928618542,0.30212350083619605,0.2369483402022558,0.004765577894911532,0.013980349922086152
0.6048844150138926,0.2617131250092199,0.2000367597303913,0.004329490382051696,0.012091542963107087
0.6069573101353697,0.2945747345579453,0.2301458689502681,0.002594481328154449,0.007250673118861825
0.6186956227510508,0.32773229012207566,0.25918684357662786,0.0008403697602833474,0.006404027951083269
0.5646018702739031,0.3171787074185357,0.24956221347170512,0.0005248566532623326,0.005551865731532494
0.3827106554164828,0.25284551170726466,0.1919785920905482,0.003096583370034086,0.018134532740605162
0.33863168130799143,0.24647833320711315,0.18433072113885646,0.0044757354218022205,0.005565025640979949
0.6024540236455511,0.22604748885483705,0.1688610831137118,0.004109871912584019,0.005390327599053351
0.41615190430622623,0.22294246463112455,0.1620485249654778,0.004065245365093984,0.008494950931066012
2.7175714214427766,0.14919339236326784,0.08906431426919859,0.005717875037426214,0.004727548045953973
0.377253538177328,0.14168721883047797,0.08931344407037844,0.004051138841016545,0.015506202712835012
0.3255503980059189,0.16424494847258242,0.10965449387670452,0.004558839870875118,0.00414077870089931
0.7092418846957385,0.27320523684172326,0.21352519559513047,0.0013309685708962852,0.018275752291269123
0.45829632555393074,0.24703694975785268,0.19061918959731203,6.0905130786472784e-05,0.023155231305319827
2.704248854921463,0.3100583478704435,0.2332377121653325,0.004288345685127337,0.02584277943387026
0.36340202724816967,0.2504927151513029,0.19035189291841065,0.002431528333588895,0.02631196084802329
0.4101666343963809,0.28019795166505984,0.21544650349767686,0.0029704955954100967,0.019899284417829545
2.391735228703424,0.2604886782580368,0.20409775299945096,0.004005162421998772,0.028449418914744076
0.5465405817746551,0.1625353145396879,0.10726935514825567,0.003965493053992729,0.017104357043669506
2.448814766787941,0.2308701587205076,0.17727393153774706,0.004688262979929275,0.019189451531747417
0.503117329003904,0.22310192724692446,0.16793362657219882,0.0019370645128859902,0.017696281079275598
3.1540385188933473,0.2227721174415114,0.17034127729809298,0.005596270764399112,0.007198770674472506
1.6018934313502038,0.25975678322396323,0.20139425191722218,0.004407410362433104,0.010830495402822236
1.0127930616488439,0.3223322671153493,0.25212359581299276,0.006243690401198215,0.01019282550525627
1.9215568616038605,0.40817966265426026,0.3167974983164399,0.008196479093920123,0.012528362218627822
2.0118546147659404,0.45142140910151085,0.3570810404730114,0.0084849864763904,0.009737390054248996
1.5504165276827153,0.3578592754867046,0.27996803008596505,0.01029648852122092,0.00262550983608781
1.3875661728131115,0.4117179607802307,0.3203416153735141,0.011005326619063421,0.022488522527925978
2.643171685860787,0.45656843465774816,0.36488300807423296,0.00921517803615505,0.011193458010603875
2.803870796818704,0.4560846849987054,0.35528138782834406,0.009763732904108322,0.0073784297683323966
0.8515411907619443,0.36172235764690813,0.28003936980594524,0.008954551692043561,0.0028213495053838814
0.6581530031066594,0.33147785116883155,0.2513169928970525,0.012521325915232214,0.012898684588029879
0.431822167940342,0.28538676916005185,0.21068269685089597,0.01256585077203565,0.012630349246366563
1.4158701345574194,0.291015103657563,0.22088916146504614,0.011837228688349317,0.01975838569113316
2.5673584722892,0.3398640048173229,0.26577342058607506,0.011806760486156196,0.036653061291119
2.679831796201076,0.4427869391861401,0.3429741671431089,0.010551430763847583,0.022335722738702067
2.6109270133642393,0.38382974897537075,0.3043649945583046,0.01055140492412443,0.01744913233090509
2.4480737418298597,0.2622704262399015,0.20200178003216324,0.007807399821202345,0.04063438812402505
1.1000138336736094,0.17066624539529052,0.11807169242642272,0.007000192799223018,0.04163800914989478
1.3914751986531464,0.1364608704447976,0.08862935652444898,0.006122204033074022,0.04247049483259685
0.38709610318497895,0.12605380296454297,0.07037448287234177,0.008773643651720005,0.0329498277813018
0.38049314654158894,0.05116180327972826,0.010079685022190962,0.002163972191185453,0.049434523065225486
0.3421484021419701,0.07085015637691397,0.027245446465392537,0.0022275631220072486,0.05285754662023422
1.0569548303626009,0.11293150297732643,0.06897549041493263,0.003387091929416142,0.018263508365332935
1.535673894892475,0.1720671662142898,0.11439608118298236,0.002814635969237724,0.025977670365307737
0.3569035226590037,0.15220317443541223,0.09656479533167686,0.006492016367687293,0.03962754958932201
0.4624653364370077,0.04655200675343746,0.0011748427099793762,0.0045253696973993895,0.05156483353712391
0.34582875051673884,0.061451570283300505,0.016298616911145224,0.004861640290841543,0.06460904295645419
0.5057259452832275,0.07998726813217008,0.037156499258662816,0.002829870388920802,0.08299259271214283
0.34384141045492733,0.1292342141543113,0.08024261665414933,0.0021876453312856354,0.10498089615489455
1.2579049317985536,0.13821129509353225,0.09497532676717266,0.0010333013656415135,0.09338084243781475
0.4316122430461913,0.23490650105715946,0.1781123197174681,0.0017607700004282944,0.1090342217077467
0.5975399074378438,0.2703046825234201,0.2066947987654046,0.0006756130446612385,0.11428252294023919
0.6568924020050725,0.23513965566509692,0.17891318971981182,0.002369066047269578,0.11253565024010402
0.6025551177419274,0.24594143878171634,0.18726742948962052,0.003306873379961823,0.10467723708076167
0.43130352428721414,0.27518525275491224,0.2106269399254495,0.004206418750640911,0.10966010556478001
0.48534462572144027,0.2662681545314923,0.19679572276987425,0.007675188067166626,0.09677054476097384
1.9973966209206329,0.23201841291468578,0.1638439225101488,0.00614911756231769,0.09108861606843009
2.050350960254183,0.13692624658742353,0.07870108319061965,0.005947078563374465,0.0968604518151161
2.3648571896846846,0.05510791552030357,0.015099482840098516,0.00671873857076649,0.10834347058393407
1.6490710383602847,0.07004078242192438,0.029556041750433866,0.004725482236775165,0.10740831203952272
0.8243667468928466,0.07423855827977274,0.026118670647943494,0.003698454203441506,0.0988251340031639
0.39771813535817124,0.0635999746840217,0.019030915857724463,0.002926481950441756,0.09382969427946235
0.304554088237378,0.16197597153857562,0.10935521558443928,0.004048793061680054,0.11604681047941423
0.3815568046467075,0.10746884345722371,0.059967996334354956,0.004530360922076168,0.11879275217039571
0.3194856690984821,0.13169036679548576,0.08107063528391512,0.003964711083733264,0.10699891522855459
1.734696662406617,0.11936197829185644,0.07590536092317865,0.003984367178530521,0.09816167210725046
1.8896525530824135,0.051143953191094216,0.01218626725139725,0.0050523479107002995,0.11875493786684686
0.5438186756112893,0.06985503453269111,0.025605137497142015,0.005208809476551671,0.12686170124441182
2.111355769053286,0.11355684811131356,0.05871254669923105,0.004579120630431203,0.11340919011676678
0.3124957958703177,0.12764091042175368,0.07692414805161972,0.00470618017938439,0.1250451890887718
1.5371193621243233,0.04718493488482908,0.001231723177699387,0.001911892415116348,0.12516138335367483
0.37069420353405885,0.0536807798547398,0.012725198559944187,0.00037767559029197985,0.11102511098691675
0.40779933938178853,0.0595786661134382,0.019774365188621218,0.0005981874073256033,0.11809451304194798
0.3931944677989428,0.052290772043130714,0.008562934929174818,0.0029997171338188248,0.11239066235937262
0.6911986959748291,0.06412239041832238,0.02165348025774313,0.004498802714211534,0.14264087148071875
0.33820026302271494,0.12487345701893385,0.07550274836367803,0.0045338196783712105,0.1717306848612864
1.711272635616276,0.09901906414444342,0.0561878062798976,0.004988252060446354,0.16305707436524608
0.7203988325116008,0.09754841836127943,0.045393797470226926,0.006189988712714241,0.15177420767208205
0.5397443041839997,0.08613197650344498,0.03800940041242051,0.007863582568075149,0.1563911808685885
0.5309595183765495,0.06558986230546882,0.022367934180127703,0.004422020512225823,0.16906386697351042
0.36745722326272345,0.09842229162844829,0.05063427477402664,0.005378896743020983,0.16484768994140273
0.3389180994680766,0.09555692921454852,0.045948632942155274,0.006073351602170129,0.18051834958874022
0.6349757738130267,0.06556557082833482,0.019992239211202203,0.0024663496138180013,0.1648494171299388
2.0677687314085187,0.06678645020745327,0.014720045645960016,0.005707827112107822,0.14736122004477034
0.705989010161276,0.08489272497900753,0.03851704629609716,0.006932220487339663,0.13561336566962612
2.4712998642933073,0.06905805523862464,0.01697936993825134,0.0049668238985489666,0.14719271360982827
0.7327019407699494,0.07328450912793504,0.0260212371983757,0.0032083308020563603,0.14684489892214567
1.6883057181072627,0.16436527231328796,0.11319022714673108,0.007635239718733935,0.1625161996437846
0.8269802514542336,0.09251673157119561,0.04033684822064873,0.006296943270281215,0.14381967943438367
1.6946835446024653,0.14173486875043959,0.08293855240622487,0.006660531044841379,0.12525543536052014
0.45281639948399954,0.175185807096685,0.11923245099175267,0.007554001716378002,0.12436256236450416
0.6164704199437284,0.13600868624821752,0.07918476723496526,0.00783371925900794,0.1118005839304197
0.32372573789165926,0.19759506983454167,0.13677092404104235,0.009114020106929712,0.12012058664992106
0.323244654630785,0.11601809000257989,0.06574931477279035,0.005828699738410721,0.11633130828490909
0.41616294440105195,0.1285134982589805,0.08004386089690278,0.004055243145380659,0.11656468738016977
1.2012155267658153,0.20330988137373862,0.14911516364549707,0.005625742635983821,0.12889874049253489
1.06812643432606,0.1553516484722664,0.09855668667545586,0.004608147102380023,0.1255185239604136
1.6330068957318724,0.12757150282028423,0.06934774367433126,0.007514375661605991,0.1414456536092695
0.32809742614605647,0.0961102955924293,0.047203778671943156,0.005697479028916127,0.12235693329281458
0.3238342425911487,0.1405636509503282,0.09206679110385887,0.0021415655470734744,0.1250762708546765
0.3802277688180186,0.1816930735951484,0.1272134470560623,0.002192867862819098,0.13699193715813532
1.279153119937466,0.21246873900306126,0.16141521101288375,0.0016784638349495297,0.14584906948871096
1.4402725428663707,0.17594731858769347,0.11871474795615147,0.0021802852580300514,0.14972878589589583
0.3290724537282951,0.19575826788571735,0.14264324465707592,0.001595858295705927,0.15763388170934772
0.6718404015460492,0.2496583623250486,0.18799762410488538,0.0006800375760493698,0.15445107594372565
0.491641047235979,0.2819376589109322,0.22053112151703894,0.0005899815266851685,0.16793810105948684
1.1099095631680782,0.23864264174242947,0.18441509221054336,0.001499064611532912,0.16087218725494648
1.3369892440334248,0.18236851371713558,0.13425504091415563,0.001980825741414461,0.1505206387243355
0.6587006225086857,0.2350523417872612,0.1808020759026987,0.00038700258900344693,0.14808424500143832
0.6232982694184797,0.23117737102722838,0.17138647970066656,0.0010350870214871296,0.15513778229462982
4.350799932244735,0.2130267141732172,0.16545310017001802,0.0035772543973827103,0.15352816457162574
3.9134106835763367,0.24746599965464428,0.19559081912612244,0.0035294818063472716,0.1422745268869165
0.8268909563849108,0.2587943444649673,0.19843172365240827,0.004379585385559407,0.13856275330778026
0.7084310418519557,0.24912433764395311,0.1897668617179601,0.0040929401465369004,0.1522469907962554
0.6018173262907973,0.20660020936846016,0.15144636672117467,0.004266009718523054,0.15222104802009043
0.3555171952702131,0.26018904526102754,0.19346035342605908,0.007341056424718769,0.15072127577463074
0.5046305171859274,0.3055299764132407,0.23137308012520025,0.008571311392583226,0.1402165474747636
1.4009671487043305,0.3982899931200144,0.3164051209496237,0.0065832109695455505,0.12104162213442043
3.303117080476342,0.4016772406774679,0.30763834929345435,0.008701905108315856,0.1254718463384313
0.47756185432883974,0.25516012233551744,0.18763828852841097,0.006958770215724383,0.1471926885120753
2.374743325804258,0.21717457116025,0.14872344661896186,0.007547118717094443,0.15184252941945728
0.5899051530578759,0.17722575051497594,0.12002908357354172,0.00930925231491781,0.14178692342054308
0.3539233337457473,0.2120091035051861,0.14900077552542276,0.01009357623196399,0.13332087889216462
0.3301295958253774,0.12181853479267926,0.06615976354538301,0.009834385788611885,0.12455103237603439
0.4482868636367006,0.12455102694105796,0.06976076326733605,0.010957786503056906,0.11180802072790744
0.36370636323373823,0.18686191499952837,0.12412970290703867,0.010124473448191553,0.11080038746469327
0.786160562952333,0.1550059214683553,0.10237663802775034,0.007581972983010044,0.10334852554767848
0.5086127387547159,0.19236581253083163,0.12964474923908922,0.008640182352026767,0.08569144151847569
1.9489355355666433,0.10104092490583073,0.05436382189596632,0.009165036877288871,0.09781652805001566
0.49467164318996754,0.15669407121248677,0.09733965214639573,0.008918114763352691,0.07678871508697699
0.5842372323975258,0.0660351411724259,0.01307975699832585,0.010037319463147249,0.06380070607597718
0.8567801763721327,0.06742654132412446,0.01994447872131494,0.009875648986931261,0.08540275987221768
0.40899706071446795,0.052706044472425675,0.004691094480319888,0.00930165308937341,0.07599640216350009
0.3519571549211002,0.10850648155197684,0.058762157412228413,0.006374054960855066,0.07963899272912867
0.7362775274466609,0.04258814910592271,0.00010793419721401992,0.006187047492094439,0.06931064279087562
0.3982085571378969,0.09157644327434475,0.04349122431263791,0.004154928209903987,0.07630932428666762
0.6788421997026737,0.06347700806794598,0.018566931740716767,0.0069384778886094735,0.08411639950955392
0.4698798534067975,0.05854045700627501,0.010204423804714483,0.006560441682107202,0.08005744847070453
0.5822543284798591,0.0766956109248158,0.02591566370742787,0.0070344771018635436,0.0857390148192141
0.6888276019886174,0.0542657593239062,0.01022189373777017,0.006764622474440799,0.0802506736129331
1.0848731189219976,0.08897913342997012,0.03626608100628734,0.006423960281217788,0.0679852451346119
0.3325442125778717,0.08840528033169338,0.03785510270951995,0.007947590619068134,0.08545117085235314
0.44978974489148754,0.1580016679762275,0.09795487339829206,0.009730305459600394,0.08749252082282921
0.6318153533225981,0.13930394027036005,0.08537549827770216,0.009721723464554967,0.07867690126856956
2.211499348916784,0.06891768908490611,0.0242087781006049,0.010155468486691258,0.08470587053335785
3.2435775271132874,0.05810843718325386,0.0008888476586154277,0.009986718109249216,0.07179505377219128
3.004353258948369,0.05430206962480544,0.012085315171892668,0.010053820578086256,0.085252961477323
1.0287559596585547,0.10083366519910472,0.04349352253369892,0.010228252933479624,0.09645628302672365
0.47127859935526706,0.06796570398208755,0.017700625491053043,0.010960228720393097,0.09871238548646605
0.4205429240686709,0.09579558518506957,0.043053698012370176,0.008307733630795264,0.09712725254121585
0.4975130402945145,0.15771577996529926,0.097819940306037,0.009353495673757378,0.08510864145764246
0.32541418877826683,0.16182221741933747,0.10297532343999476,0.009138350279456928,0.09569682970965626
0.5958512305072444,0.07732821403016067,0.030843671963166633,0.007148053068644307,0.10266598417916974
1.1820908785327706,0.07874794316584836,0.03311857456314156,0.008133394398462963,0.1196876907805276
1.029924139221789,0.09978486744922481,0.0525926300393459,0.007647475394500418,0.11303927114772908
2.626439528004682,0.1932020848932104,0.12990272255094676,0.004597308161765212,0.12468624471249751
1.495739167859988,0.27875491098313027,0.2157658253545231,0.006536998851967779,0.12852714674938281
1.253588188797042,0.33813412029624673,0.256407154668039,0.008725942345357647,0.10986423793309914
2.1357455700271473,0.35260323922645476,0.28167905380863456,0.0058445977237371145,0.11332112265889072
2.102548549624757,0.3827705448764637,0.29779105891364754,0.0043167812831639086,0.11791166114461935
1.7517464600885901,0.4374661293396257,0.34898979567213095,0.004630588273548311,0.12258738564037144
1.5649341117292634,0.40809322591237457,0.3288889640064412,0.0025912139645639203,0.14122622103342042
0.7903032837894337,0.3412040943602901,0.26800801874198504,0.0018501001826454863,0.13848206904269203
0.32905216920322466,0.24129856239315176,0.18254154953973706,0.0016323018107566273,0.14649038497123681
0.9767863584414185,0.32791113561514085,0.26270837751804094,0.00023427008076258864,0.14701354308493622
1.8783084740038696,0.3376788109762698,0.271338331103415,0.002794529476972777,0.14766127658110242
1.0053552116844395,0.33999532433266355,0.26711987663117337,0.00628671735308481,0.16021433811176486
0.37415836245410344,0.239999005083535,0.1772912479824979,0.00665239427686494,0.17322940231704273
0.37712833793526823,0.1861997858193165,0.12425956546556241,0.011994658945860843,0.16883637750074107
0.3975114597221782,0.050653710061386636,0.00222247571827848,0.009754043249683046,0.17947303695696573
2.5362475267187485,0.09824949974323027,0.05171090792090972,0.010344606573555981,0.1826383439946295
1.2579069786773958,0.10407106084972541,0.054807142695114816,0.010006939906989096,0.16486803823961727
0.45580608208806633,0.08863356193007949,0.03586538717528104,0.011857748225239525,0.17003275211408891
0.34126244796180427,0.09127954678265102,0.040172989759494036,0.008833875488549633,0.1373478671168251
1.747651374304403,0.0787768304101687,0.025133324345725024,0.006871457248548436,0.1335281361985903
0.5070864508196566,0.15301107944476258,0.09470794676194463,0.008179579125014314,0.13175513725355828
0.3293505979772383,0.10025871795327695,0.04993277385333669,0.007127097831887944,0.13913111562894076
0.32905889749258516,0.09627275341951362,0.04507883801463447,0.008188056453826652,0.14411267423292384
0.7533844965984285,0.13733394195788198,0.08308972406808779,0.010708425900213736,0.15481006173193068
1.4644996920046398,0.14443907398855005,0.09072740772132994,0.011536375008741552,0.16387439733349043
0.3227381786653306,0.12815462544210202,0.07032539476433489,0.012502135789067588,0.17217635802990439
0.6981862322188812,0.09127435024169997,0.03716496470553349,0.014182418133289703,0.1619790451202392
0.5801489515201962,0.05346852470469428,0.0042752751303499065,0.011515601781497777,0.16072075830111138
0.319581148700565,0.14667471955726613,0.09086176010866862,0.008902664932713635,0.12875108705673424
0.46194389168727484,0.11944146180223544,0.06558275495045016,0.010537257817428734,0.12478875792894027
1.4563751281838861,0.06780217926681145,0.021326465933198792,0.01047397415811798,0.13860874450634902
0.9794856354322514,0.13003149816927073,0.0777304159574401,0.01012027669926099,0.13455605254651395
0.32643146324669325,0.13191588513143995,0.0800813609409016,0.006252162982749698,0.13065448091997414
0.4981836201798343,0.08529314478101643,0.03217020547151559,0.009106154826032251,0.1372264142159962
0.34649451611830123,0.14924013076390785,0.0947263624043746,0.0077335014915926505,0.13749541748920255
0.4694268110403472,0.17722959179530548,0.12265884397216406,0.006057944850648543,0.13908988590675747
0.35950624108861773,0.059302054525010375,0.012046575399160972,0.007487941748469775,0.13724110860350344
0.5696309209883079,0.06867209329087799,0.016558411351649663,0.009071759842270589,0.14800331829610144
1.2901848395100732,0.05424034283725205,0.00015030597967191986,0.010055371629011375,0.14753720514117807
1.50583092138001,0.08535219790656134,0.036263618804527956,0.011895471162970274,0.14230962812859324
0.5931551196991552,0.11572944831832618,0.06244295031784563,0.010953994610356928,0.14976075894517882
0.36993471733915656,0.1107939035337629,0.055522871903528344,0.009969256131386859,0.1431220698453945
0.6348433294979046,0.18706898060745206,0.13070810875789668,0.007670102371124513,0.13635803113058098
1.2282202811080438,0.2165432719769099,0.15049685246518793,0.00722008631572337,0.14869871290272293
0.5193937197284556,0.3090180641637658,0.23472905913258735,0.00825530662839785,0.170315029164206
0.8758492873611545,0.364289644623779,0.2813946155919313,0.009206563005289676,0.16824950942131964
0.5686058385420234,0.3096644580503359,0.23701788873282964,0.00837246973517309,0.17860841325396346
0.8095828872631456,0.27661056668803136,0.20950442522183788,0.008904056012387505,0.17306573673323808
1.7320869664926513,0.36049385328895567,0.2824228067020512,0.010897495545593557,0.16912283914853599
2.204957012276826,0.43338618328713213,0.3457012606789298,0.008906365463077765,0.16165535746681842
5.060897547902594,0.42288154442983666,0.3235230082420187,0.008661497093451738,0.17960655249289653
2.4039075389368216,0.42701457515169355,0.342189288569983,0.008001347411008618,0.19367534787229923
3.127402632580041,0.44808418667760413,0.35877968745745686,0.010594198704251507,0.21098631123867145
2.3018073816131066,0.42464594244643933,0.3378892765919038,0.01017079585759982,0.2169095198499414
1.7508684514106327,0.39154782000409694,0.30696051004498726,0.012394667707086714,0.22418524822013297
1.5197487720928464,0.4210034553045812,0.33053816911535155,0.010859181186594787,0.22273573727162085
0.7220304827896422,0.3309756638427901,0.25444477392587633,0.009995854501377946,0.23063279803198816
1.10482816241033,0.3898036739451171,0.306801838590186,0.006031714352911352,0.23434332964527926
1.4086158235050057,0.39781549744410577,0.3151542488482652,0.007640720507296069,0.2345461942286938
2.6143890959596585,0.3585089043303458,0.2715980684722125,0.008443885000272926,0.23885290924371572
2.5559532472102067,0.38303419413104395,0.3071739444166648,0.007127427948679661,0.2468406007642584
3.502435486328599,0.4436382945554185,0.3471398826644337,0.005309768748712386,0.26027088833469797
4.317297788389622,0.4508462901834459,0.35332274421777743,0.003939014700284053,0.26835022891858445
4.938394805177152,0.47492398559754845,0.3735694567647769,0.003563641024942257,0.25757796258402116
2.7234617657479028,0.48565469878591616,0.3918551931030281,0.0021501670497797165,0.25414086496957516
2.182612445426703,0.42856253306700637,0.3473946822539616,0.0030888070694588643,0.26119157869127385
1.7633272910195465,0.3724029987379721,0.29102861699368776,0.0028117050440653684,0.27801970561668515
2.0711715758520937,0.45204575638926403,0.36365116839178824,0.0012380610324718394,0.2794475476214371
2.4664097300034236,0.4710552595107922,0.38228646509906183,0.001379842626251746,0.270948786225318
1.750940389714693,0.4326516536295591,0.35021809194930026,0.0008617168721061873,0.2869189810174901
2.1143020656921516,0.431510369626304,0.35137095700189486,0.0010685412576472665,0.30054430561313533
2.8701818640917582,0.4877470013113358,0.39225814940181447,0.002150736219216445,0.28802509620243943
3.852587953065392,0.5261776389439934,0.426100293326789,0.0012016526825823304,0.2736367470614968
2.2946902569504264,0.46629780560230033,0.3749221130057056,0.002758220023176241,0.2641639515805291
3.3011425295184296,0.5013062771310021,0.4095106520591155,0.0005081989592920079,0.26499377145743386
2.8098369720841605,0.4767981792207479,0.3889448918802161,0.0011174854091352145,0.27210159857627825
1.582055933943331,0.42207193577494123,0.33943071780040895,7.48437236756886e-05,0.2688991033825143
3.5155294992421293,0.40872776167367536,0.32020384165367427,0.0018133615508573748,0.27856613563573474
4.532015954623577,0.44768078862841343,0.36900003762759503,0.002891385301844704,0.2924306529027116
3.6149081237542022,0.5144941689148305,0.416455370437405,0.004752542289232269,0.29032335472678833
4.130401075854096,0.4935683188265679,0.40377993699434717,0.004021278874123631,0.30569264259899376
3.6610261592583324,0.5183792155661652,0.41436990209900826,0.005593139183125354,0.308054329648378
4.322587509430321,0.5294916125220128,0.4327442727679962,0.002310581226863863,0.3388834897618862
4.511790671074917,0.5432346128524143,0.4429671094957119,0.002005595491706698,0.3453056581786989
4.678490501114968,0.550489372619803,0.44594203680141087,0.0012234544624508494,0.3455628306939954
3.252413151005067,0.49768072830007076,0.400104175033333,0.0016906094166211586,0.347099625011404
3.953116445156422,0.5121139590020789,0.418553113866251,0.002583479859577813,0.35839298760972416
3.7044093123793274,0.5213067825958062,0.42253087148944224,0.0032147081984215224,0.3606865357801146
4.008387127598354,0.46195186191470905,0.37965227033331994,0.0027467586447750126,0.363982562705344
3.753980275714974,0.4513647401930863,0.36940814165815955,0.0039164043833278955,0.3721008330602541
2.8010884381877843,0.4675878083155822,0.3797492239885193,0.0036111626446576122,0.3854682272590589
1.4842073126108517,0.38570881691371955,0.3081123986019587,0.00522075353867585,0.39803823547108635
1.0392391867154203,0.36596746633684596,0.2850525177213787,0.005761113847891461,0.3879773562031754
2.797335587547819,0.44310417561636045,0.3482429990440303,0.005310312480634983,0.3869055965373855
2.3180409669405555,0.4221366052287531,0.32948281052908757,0.0068045414459816725,0.3638443877047763
2.347390182243206,0.41433303225048473,0.3347816136888298,0.004868281489216114,0.3791453477799556
0.8007224688286837,0.35652850773887834,0.2811812770605724,0.003997494894962784,0.399110968167903
0.5648203086000403,0.3017923782780876,0.2354013812665866,0.0032512318836841166,0.39087417783555006
0.4247108463395643,0.28475799342501223,0.21724303913722579,0.004685257573855512,0.3732601350740325
1.0134534729701137,0.3426020256171492,0.2705431937667152,0.005096325021814079,0.34345075246821194
1.4387931917472945,0.3232649451780757,0.25615489925455004,0.004556569409684613,0.36148010432822564
0.6131187118199306,0.3194162524343335,0.2455168341447729,0.008442474081078512,0.3417054958658962
0.5259067322404329,0.23676135387973712,0.1752152522449283,0.006994484368640282,0.33497777118633654
0.8208237934799947,0.3320611154205564,0.2598824113373704,0.005994039126091942,0.3533454945611857
0.7510409432635404,0.3269914741129821,0.2543311157806929,0.002919589469446052,0.3566834854875821
1.3366539103767698,0.40293337414019426,0.32385665340532666,0.002059281613511447,0.3303832266391265
1.2526689190793772,0.39237606550279097,0.31566518711192154,0.0015368156936828381,0.3285177533483401
1.2574704494415447,0.39339468159475227,0.31267001151038126,0.001966687142775626,0.3345865634202534
4.49702424363272,0.3952657630816846,0.3061298481778279,0.002905088136288571,0.3242094883577547
2.0841434355905553,0.44868465007596003,0.3617490737605462,0.003733974981618365,0.3216866900267901
2.4330398606328663,0.47062285176382984,0.3756974753294897,0.004711724664817725,0.3396984750144489
2.0431058024435207,0.4091563620991274,0.3303098088720695,0.004134838961050555,0.3511595669489205
1.7431780108459352,0.3545663937599752,0.2722592571794127,0.006039269535343376,0.3433639337478863
1.6228575228216844,0.3132696864615585,0.24710325378601097,0.005536270949045118,0.35209199370693944
1.567803542410376,0.36741276895229896,0.29273689550691445,0.0057953287950058205,0.3609851903332642
1.5502993416330806,0.42121172927548217,0.33556526991716285,0.005983277233653248,0.3679566122807347
1.5076764189919214,0.3958347677065886,0.3146954738621894,0.007037536713525602,0.3754300655180573
1.976125486713299,0.38154614954273847,0.30303157400893865,0.00864926446205564,0.38394810579968486
1.3661064030274315,0.4135242219942204,0.3231193157590821,0.010098340331262874,0.367803628529277
1.6326859905478308,0.3993784915133795,0.31421910967710526,0.011119401836097139,0.37528536333296075
1.6464063853335817,0.41057540409024346,0.31809098161488575,0.01018667375865939,0.36920561741253666
1.6118108684807755,0.41097951249505704,0.32151825302507697,0.007262913422036755,0.3572102206977785
2.9384598995443163,0.29544750306502776,0.23334701418314263,0.006564394949175129,0.3562097837946971
1.9895068624453494,0.31163982863074996,0.23534924546849814,0.0048236758155815575,0.36162031629921615
0.6908732704147134,0.2570543610622448,0.1964133519585302,0.004369886199794158,0.3658385124525999
0.5730974988644645,0.23904289741274634,0.17595413604489327,0.0037434677466599807,0.36949378052066567
0.429812948495903,0.2867389219878692,0.2194210658907433,0.004281608973587193,0.3878463363733802
0.9686126875605603,0.3157768654640461,0.2503716443293427,0.002301387522165529,0.36674574128485277
3.0387295722017456,0.4213158237108011,0.34454984803258093,0.002529136514117318,0.3823395331696735
1.398954304688447,0.3806390505708672,0.3001883209432623,0.0020913476447156957,0.3649671926610659
0.6236121975462259,0.3317099931999638,0.2588566901269496,0.004525506439478592,0.36976179212929094
2.057357671456289,0.27664953242291807,0.20457861981081832,0.004768355781340058,0.39033763224018375
0.7330433556974314,0.31676989138747813,0.24358175407108307,0.004617982592314589,0.3762556099576012
0.8233345331686293,0.2884944845783782,0.22316658364738146,0.005577657798045695,0.362870374227725
1.921869713431534,0.2505100608478431,0.1798563851320755,0.006703812822252665,0.34628485295922584
3.972054979839673,0.20810348345447277,0.14213440214854933,0.004105327829785814,0.33149891861642683
1.3429508476184735,0.15719994243484597,0.0996849627844291,0.0045622448203195675,0.33010512579058404
1.9324339058592495,0.1666733835846344,0.10454769822232134,0.00722003273663333,0.33467948661625374
1.0926222366740401,0.20312671427037657,0.14628202995680956,0.008070810741976157,0.34281300134011566
1.0375308597552213,0.12413384866252768,0.07542573365110532,0.007202670285140205,0.32654583259296366
1.0275535104978397,0.05005484719697742,0.005434971508581465,0.008785953900490868,0.3280091911474096
0.5446106083682425,0.14208531837976457,0.08536781889327698,0.011953240991671523,0.3355781655121494
0.7541367351494578,0.1771428299080819,0.11764480801348697,0.012345864772541367,0.3477978686911239
1.3557169557698179,0.17230344155830826,0.11284862123038347,0.014521739245107898,0.33497544315416783
1.164842278701632,0.19112710231523622,0.13187321958056644,0.011961569014534488,0.33915338881325535
0.3136643026271767,0.233151436140346,0.16664410740340305,0.010382173871061443,0.34824538533382937
0.366818371543835,0.2332289749243942,0.16668165222012027,0.009189354752308924,0.3545692356099195
0.7672458578291578,0.11699681365502862,0.06139714032629277,0.007841248310993008,0.3545241324544748
1.1690617725104218,0.10739046983855849,0.051105629760162294,0.008309183438884434,0.3615772377407587
0.3582738657323378,0.070056768467371,0.019938604538399976,0.009629992507293312,0.3493337779965974
2.309177854821283,0.04449042093036669,0.0025946928872379003,0.009261160891377254,0.3446804621305594
0.41659085489971953,0.16354691076712605,0.1072316789144945,0.008851253183488804,0.335839598437756
0.3156189848143773,0.23448524645626434,0.17040126764462504,0.00769226164435124,0.32492480248494054
0.8918584306887678,0.2238522803121202,0.16495287626928815,0.00728906028706912,0.32159936931475663
0.32592640238608006,0.11292279128081271,0.062378279978267295,0.006408846716336618,0.3191201332402428
0.4871568710638364,0.14603836824904848,0.0910643845369905,0.005615019945981175,0.31566979610080587
0.8271344973269498,0.12968266816276747,0.07930982653556623,0.007754426346869127,0.3242141436729291
0.31127625960374694,0.22470320437574012,0.1645337651591077,0.004444162656555143,0.31275303860449155
0.41793372556400576,0.15515356795706495,0.0995172995929194,0.005793353129113764,0.32447098204308245
0.40432054807222595,0.23211025142254105,0.17345245605099424,0.0038110998516013776,0.32784615077543333
0.39615513134054,0.259046638685647,0.19748854096397808,0.003163640526102083,0.31295620199544916
1.93537236959647,0.20473187258234934,0.13992044306868567,0.005940943318359745,0.32362828598005194
0.7191603796645608,0.2813192331452491,0.21040003235356625,0.006320018307205868,0.3136943369873934
0.7177315529594154,0.1744772475381294,0.121626083107323,0.005731893384823225,0.2969201982085903
1.9963122796752306,0.21283742631649727,0.1484231708443509,0.004542296548093827,0.3134038004592444
1.1319454477816546,0.34457820582792636,0.26940447770986803,0.0017759189070678315,0.30312355980673
0.5002932561261446,0.271086681929397,0.207692050722949,0.0009429802612439336,0.3046030840543261
1.1762147605177877,0.35021251848067336,0.27986935901242094,0.0027456728226491704,0.3002514362787378
2.457535185193287,0.31518230099833044,0.25407115066988506,0.0019857197357643916,0.295994559240967
1.2991304281056115,0.3981058569079078,0.3160483231570476,0.002703500221500542,0.2940283732572566
1.9133019808980154,0.2717560127504177,0.21310363919412167,0.004019947393548833,0.3045716847885546
1.6214812067703968,0.22740472328353034,0.162278088421509,0.004287616382012898,0.3094645290413855
0.45745107981509303,0.2940244104730286,0.22660751188219797,0.0033996091992994186,0.2942579181639931
0.4600599427708441,0.28334105416307637,0.2152824764038293,0.006928695842428957,0.2973123374266764
1.066174058200421,0.2517589548419985,0.19009814348440152,0.0073967657926968895,0.2878432317963046
0.5463109366992722,0.2584012611647879,0.19636911774780744,0.0048969058092452585,0.26976940240020025
0.45089707341838386,0.2787367547515452,0.2134330956360297,0.0046999355702266946,0.2756515308047112
1.0482066692894105,0.2584357956436395,0.19056183351928177,0.004783627286229523,0.27354697995819377
0.4569866933195583,0.29481045121078014,0.228679534002845,0.0021714984440476975,0.2642374389028139
0.9679763394368701,0.3324900652593519,0.2648206731419472,0.002005645002531872,0.26921497405296496
1.0121867521581418,0.378086102638938,0.301527052314093,0.00250718036563301,0.2667415573877007
1.191288676409047,0.3255383214731724,0.2602041661298284,0.0015808383276165452,0.24183557914260642
2.242316757529359,0.39272222856625494,0.32072465295423597,0.0006591652903842796,0.24036232478022854
3.455282577722522,0.48240645609176747,0.38525030885277833,0.0015421605674918576,0.2501671798542541
5.647673148118788,0.5612018800804776,0.4596149467383661,0.003078689765580585,0.24895017390479152
7.109127421352883,0.4969057015033459,0.39159074852967984,0.0014289174655995583,0.2342673728504221
3.765210659737988,0.49632173615371505,0.406414765304394,0.0022515626101156485,0.21430857300514128
4.125624965379557,0.4444358500037958,0.3655400771452205,0.002876146147988581,0.21759831853817432
2.12780308589743,0.45814630301217835,0.36821845258146757,0.0036495931883947065,0.20741999299907607
2.6481438705316123,0.48096135974064697,0.3894838036741169,0.0021591117174062906,0.21059002946937452
1.5358883543045414,0.39640782983310086,0.32094943037791784,0.0010620215139112957,0.2097476408052609
2.1869003852023496,0.4567760728494483,0.3705744666845818,0.0010985699537524108,0.22523188488596832
7.215376102556048,0.4407809426230436,0.3438650098181783,0.0010930619340385678,0.22151639653148159
7.431536573034619,0.5275043925033965,0.4401557575606619,0.0013116144763911186,0.2067135723536575
8.0857060485151,0.5090855132348977,0.3991808443828232,0.0031372881043916466,0.17596882756473434
2.7484767008550826,0.48199005432186126,0.387185375254875,0.0022949983580786864,0.1728645738535909
1.938299487676674,0.42310426531524453,0.3343482315265766,0.003983414167187461,0.18451936454809484
2.080030151044805,0.410665563871139,0.3202267647064619,0.006542234196622041,0.2024899865156517
3.306021191554874,0.37633689491750255,0.28537318186728244,0.009051151130640003,0.20711759235848962
3.8880398834383407,0.3004221406785751,0.23620148693891335,0.009652152032651327,0.2129506011083897
4.314896749660359,0.27862347699392265,0.2179727244443827,0.00938660625213994,0.21193875496673323
4.150841492475149,0.3475080207957387,0.27752380327212556,0.009583196620936388,0.22384379031763946
3.949625943387719,0.32899580257153305,0.2612221629975727,0.009587177862174862,0.22062096494184744
0.6896960590316691,0.31480929283429593,0.23767323110316593,0.013134492848500233,0.22457459197728266
0.4276890524815129,0.2639387674731015,0.19132383786627183,0.014129433720471207,0.2134629730600365
0.9542282445266121,0.19013598926426872,0.12256205992963702,0.012290265394847611,0.19024553662323504
1.3441948849166518,0.18693905081285134,0.1262228759574224,0.014291800400645087,0.19127144297422563
0.4453035032234716,0.16629062125462502,0.10288860646949723,0.015906395485275657,0.17928610313109342
0.30613251373262607,0.18335029889431545,0.11396536508903354,0.017949047925654937,0.19249526409944778
0.4265082371049749,0.22000214514542105,0.15027450401645676,0.01663663783112248,0.19798689246310078
0.32904389546415036,0.17074126772952375,0.10513779529158182,0.01675741950237742,0.2070194030319618
0.32160629546716685,0.17640504357133036,0.1083209612923473,0.018622032825588452,0.20705204836522276
0.29479814906938206,0.20384302398050197,0.13245900383497777,0.018475646654795997,0.2356505666133864
2.6067972882943398,0.318219331192357,0.23912733170524303,0.020271104787180923,0.22419047170501624
2.492389097413491,0.38355596941485015,0.29529966338765823,0.019638753911936865,0.1885214702415519
1.535832656357704,0.40450494145813237,0.3035082850254606,0.019785526589251874,0.1830200241393413
0.8576770533113746,0.31638286069128885,0.2323294329934046,0.020861488326597153,0.18973818918891455
1.4303471167756692,0.3294409662790834,0.2451422686674884,0.02123900661038605,0.20750929565093623
0.7312933115219883,0.32186730916090334,0.23533395578293712,0.021934318612254138,0.20806940626895265
0.9226834056828926,0.32913193504428007,0.24347105665799343,0.020874404628118844,0.21194195212491151
1.334041898610837,0.32860949343814105,0.2454414750044925,0.019878456240721567,0.18192828585312892
2.3508289390796384,0.26972655573280513,0.18431882495548893,0.018678119876736704,0.18850287651805064
0.5346100219205132,0.19981058432908752,0.1279277714077638,0.017052541526708282,0.17855284202080066
0.3560464238696496,0.07176105687007775,0.014450901925148085,0.016666961348413216,0.17909684389187647
1.5083887808974312,0.08870817580460176,0.032305673234569676,0.01900217952139508,0.18795057546208307
1.4208938268646094,0.14590741398357857,0.0756822746955856,0.018330595389822384,0.182031176773758
0.3329903711259187,0.19324237425726418,0.12451611890268824,0.01586443314816297,0.18395425832439066
1.1273498882124144,0.10645400316149681,0.04459800462142424,0.014082173961485575,0.17965464144540136
0.6748365470100319,0.12580384772062275,0.07025946647972059,0.012726868471467142,0.16852233681642434
0.3098312724070048,0.14439196290380069,0.08506723301873889,0.011712189326269967,0.1467009504941381
1.8043310514162207,0.21665769308999935,0.1573311496982558,0.010823081951970228,0.14596439656509425
3.1413356344021417,0.2889707946913085,0.21169376838738135,0.006871272905842581,0.13060439896679923
1.1244190297338612,0.3410861396477987,0.2689800779085275,0.005811181695202308,0.11943677411460349
0.7133419322566211,0.32172535256734064,0.2464868831526504,0.006260646882437984,0.11365546067010107
1.5456679601908743,0.3398169228206993,0.2698650421510192,0.005238426585752175,0.10638575442248537
1.0354993608208278,0.3248511888029353,0.25608156433910706,0.004590919837370782,0.09775725889974524
1.0833744767579563,0.268323867798796,0.20745699138117307,0.004546534273105376,0.09908541493007912
1.1630295892891844,0.22005391078018327,0.15949095883141354,0.0014250677188163015,0.09530424367352684
1.9349374549320755,0.15535106942774318,0.11275105830290255,0.0003401775930766519,0.07836337024213888
0.4801256500766483,0.13628133859711306,0.08626265124544474,0.0015553032586954666,0.05589502247481443
0.7351684606246681,0.1807461618390242,0.12528336203663046,0.001637643003052813,0.06175526844790254
0.6926101925522653,0.12007188184088818,0.07376780446375761,0.0039671578360729485,0.05313824450481854
0.32803303072001205,0.12241418802155805,0.07208329363600613,0.0044169719538649154,0.06480544932092666
1.5173788310833531,0.0493074220444589,0.008536409863884112,0.00620678970954023,0.08600015336591514
1.0533168238527892,0.07828248084576749,0.024468448705183103,0.008477817609532444,0.1050229674818907
2.7075070971243873,0.05830159964552965,0.004092610827268795,0.00760389805414238,0.10365217786389944
0.9523035560658443,0.08889712568358718,0.04220676080500496,0.007768556406506401,0.08997199569259808
1.7409591827608142,0.06294322251829093,0.008879394926267055,0.008522983093579354,0.09008926061994414
0.6684937832222381,0.07353930695647865,0.02348153784944189,0.011320927609304263,0.07854802833931418
1.0237128054903026,0.15140742595586915,0.0885343779730657,0.011219991185042737,0.09861874889402009
0.9420015949253108,0.2024405899682695,0.1353591689233008,0.010468491146345772,0.08266131922759232
3.1700619938746017,0.23940632066839923,0.1829860735955589,0.007863500109389937,0.0899765601243946
0.36805684874700706,0.175118803793847,0.11835644022114802,0.007765746730204046,0.08582401774491183
0.39313779729635,0.2591794119567847,0.18985690921425946,0.010941061597475349,0.07885655533838978
0.3854195278910434,0.2678973631626821,0.20023222034111732,0.007799623128191359,0.07996519733396387
0.7443403409636596,0.26799411439064796,0.20279552068430207,0.007770872469138312,0.08685383661386419
0.6138473838161573,0.32201460378200497,0.24840051158974769,0.007482490874101807,0.0873886719959817
0.613835248351226,0.3147872385458609,0.24102423789671595,0.006163852800118578,0.09873636434342756
2.2914224552132305,0.31605035038121465,0.2501973783955106,0.006319180544822562,0.09960655389743812
0.5376411207054879,0.3067598943892368,0.23408435288217813,0.008489134475902303,0.09600232655386264
1.595157212302934,0.26972457790275506,0.207310373594283,0.00732401767120706,0.10685053063063035
1.3535572028563931,0.24042853120856958,0.1804677914906905,0.007757763150990235,0.12643115715030462
2.9643479688969365,0.12236108195065018,0.0779934553624839,0.006879054102627429,0.11852365604821573
0.39680079735504686,0.21338874920913736,0.1509798842649797,0.006778969566871301,0.11680665906649862
0.6912244963521675,0.1963097943101113,0.13938681747392132,0.007500519488688859,0.10168588995693816
0.7316336679531958,0.2080918654533495,0.1485470434154475,0.009056925466305805,0.10655678161653953
0.7213401433149518,0.28979747699300307,0.2155206322953561,0.008702504990291118,0.10710949509126434
1.524496102238475,0.4075901658603555,0.31745807028327006,0.008637826893735373,0.09893744142977481
1.4165075271485772,0.3568062861814682,0.28081334805958263,0.008279029126033628,0.0839068003501615
0.6075990792681406,0.32264789022517926,0.2447266507279844,0.009761142723117504,0.08689303763312568
0.7789949407002513,0.25529083752033754,0.18746385858405762,0.012172853546173501,0.09124675402680443
0.8493726778338626,0.25477289865692776,0.18777289155550297,0.011649748352101568,0.08138765535751816
1.333756550968008,0.26125603786307144,0.1912965584528803,0.01531546722272238,0.07858159662662172
1.6664392428999129,0.30555804853502455,0.23069505143779329,0.015434704214115328,0.07509069086962365
2.1879623141224007,0.3465683663717182,0.2665735363591702,0.01601558233566833,0.055818406609636245
3.022712275573514,0.37753628554600227,0.29485389086256,0.01580712120953375,0.054024019726982314
1.0951748093567177,0.3844390088159143,0.29196068461160846,0.015549378048402623,0.04647442969716667
2.993569530153822,0.45480852041195036,0.3578551130010449,0.01636302820557703,0.04647716004436814
5.0006796986049435,0.40176606693963096,0.2979071587515488,0.016168196543320367,0.04644724376243003
2.79785259565057,0.48802136662498863,0.3813900507110078,0.01634649053174677,0.0208782844537474
3.08696365906273,0.48727876248043966,0.3809258589261711,0.01839515616326373,0.016703201053431406
3.9322137582983823,0.530572116851513,0.4100970871672024,0.021947296907991125,0.0014775494468321337
2.006921560264273,0.4518401739431088,0.345049654536775,0.020485968126677263,0.013311174649544033
2.904929085877832,0.48245385792189266,0.37358881434181057,0.021467838026387083,0.02716469943000252
3.60412591991267,0.47736337336655243,0.35730028584909485,0.024574457716902615,0.02168517811569698
6.037999186623381,0.5738735974693056,0.4389362640722735,0.024373568490362083,0.027748585994383283
3.2744429109774718,0.5076402031978903,0.38778909517435983,0.024184965272997013,0.010979164683575498
3.1587917467670814,0.5038403705275218,0.38587773038950096,0.02281151266045094,0.024631397388451156
2.9965576810167165,0.41142386732505104,0.3168387944155784,0.02206474247446048,0.024000599742940366
1.3218376358590114,0.4091835950092769,0.30793867234720435,0.021580009815948955,0.03725967828601963
1.0544120480213552,0.3857219922463964,0.28787395369940944,0.022703758678838348,0.047907205402022084
2.0816132786354298,0.44657861912345553,0.3397934489842292,0.024581255071566242,0.04957364885935807
1.9027631000209548,0.4331109799799516,0.32776745420838665,0.0253247450382757,0.03890879542087426
2.1733513250825927,0.44105840800558765,0.32908589117716214,0.02460446778061249,0.037981023867971545
2.4594568816907802,0.37095826396329473,0.2645348929870591,0.02664244661350398,0.04552225828285817
1.8802398736216401,0.4003266258998363,0.2901405651122557,0.02808120849979615,0.03580333092716911
1.8986814690445113,0.31932025637975947,0.231937638547315,0.026635000169757433,0.034899968591675344
1.2384500829084109,0.39036229440944525,0.2851045003560533,0.026801031559435726,0.05415130671811494
3.106180795238842,0.36427747203378735,0.27356512920382536,0.026127038073185078,0.05127433754079265
0.8853573479801476,0.3685838119583259,0.27239526143368104,0.023163243659520712,0.040201247276536185
1.9920544968928926,0.35049777463450615,0.2608854789751246,0.024530320735862123,0.02259158080420516
0.9564333837152503,0.3692577332463025,0.268031251306026,0.02641535782127818,0.01991222225022736
0.8706981862776096,0.36665934943176515,0.2654654491509128,0.027823603146928954,0.023958558857873492
1.5807731578423216,0.27442081373004645,0.19009977029735148,0.028739990891780576,0.04737925131265648
0.49666319375534584,0.3079846310870261,0.21371043450183586,0.028684550493258378,0.06110789528158335
0.551429111331274,0.17044551702813965,0.08878734271219388,0.029728273359950166,0.06267130675147556
2.203140683637585,0.20090803689631598,0.12561906256453076,0.02925359470678534,0.048082007362213054
3.822632420320838,0.2237804542214736,0.12977161129042675,0.03065270852050501,0.04127313001594234
2.784410662558579,0.2881156973769207,0.20608626382191414,0.027215285669896595,0.0521874696717486
0.7686642474802985,0.2664807366161049,0.17910447815743533,0.02432032857431971,0.05940443848854888
1.0421004323436056,0.25159212856904273,0.17591231623974468,0.021395346578564067,0.059626572136586835
2.5105088450391344,0.2456135456862659,0.17451703945331853,0.020793856057135594,0.05823706998568496
0.5293466757979735,0.24808939991782733,0.1702926810112057,0.02193522663417993,0.05490586134407155
1.2225966238386399,0.23002310993714242,0.16179194093513224,0.0169034414106188,0.06642907713623514
0.5950403617228992,0.22600723889547128,0.15425945619245357,0.01882989596144416,0.0908480213533524
1.6286866080550417,0.2525202437844788,0.17058167616014053,0.0183458559517128,0.0928324779500057
1.4213153422422977,0.15995903326443273,0.09904689729149439,0.017240173011593942,0.10487268279204878
1.1243781750854993,0.2506174974273384,0.17073810002431994,0.01762630663067101,0.13283809325632667
0.3637072606151318,0.24506371445715805,0.17131593622353758,0.017084458622473136,0.132893385323983
0.4230097658449703,0.240461913168783,0.16812472383389807,0.016785048209301386,0.12264579352228838
0.44858163935215595,0.261113465317129,0.19042106891251165,0.012658261086442357,0.12220819129379623
1.0473016917622378,0.22075013050138362,0.14581428618341968,0.016167024315241838,0.11707094266049327
0.581392392032209,0.2982752917597513,0.2175508405821548,0.015027051815013903,0.10686493624493579
1.3661918237244564,0.3269280098579553,0.2493234305913627,0.014436330922259346,0.10781890735645239
1.7339418585160928,0.3246561508282129,0.2363708544526556,0.015809473407959768,0.11411122244334114
1.1718021116188222,0.3954288295519712,0.2983904690301924,0.018855036540500515,0.09648938540131435
1.2149466432131562,0.382474340188695,0.2853020385554843,0.01952851742737814,0.08064734571537797
1.1240482602606043,0.31484733788892105,0.23155398075880096,0.021147744520547875,0.08246541990159914
1.16259336026407,0.29231945115594943,0.20388658453634972,0.021213109770605865,0.07877020773732847
0.8999290037326063,0.3537577102324657,0.25906309082543766,0.02542164410171362,0.060465427889685806
1.1588033222488547,0.3738113796414199,0.2771900890779216,0.025148880551821736,0.057994232870403756
0.7321840693217471,0.31886869724394046,0.22509471857900132,0.025030482829842975,0.04751377012177975
1.4485347733214644,0.4190926848167882,0.3144093116930534,0.02404607398650553,0.03247853035828115
1.3537357386317561,0.3345612726521899,0.24612371365998906,0.02409578418687267,0.04722560479590621
0.9577498031090241,0.3525003748750311,0.26026706015580303,0.02336673552280134,0.03638556667177401
2.9046356684961903,0.31935541977304016,0.2228510965059563,0.022597065721715465,0.031358275902800506
1.820410709150073,0.23764156100564543,0.1653977439327191,0.021390653282448498,0.01643629395525749
2.316914424246507,0.2479016262874607,0.16326090048298725,0.020239781004126742,0.0025543877322817266
4.302252631937273,0.25765243003910954,0.18630008967949435,0.022454150143009777,0.026327283178866713
0.6228566196392988,0.26072736103697874,0.18400765567050936,0.019717080549254026,0.040763943900100616
0.5014884757754943,0.3091275363345079,0.22391735053965744,0.019974375100762987,0.062232318251824806
1.4585105198668562,0.21387780112973037,0.1444533889995333,0.020461660238339077,0.06350687136584036
2.1224785099636634,0.19534144011435844,0.13028699303570832,0.019387629810152206,0.05242928447146147
0.3246399511404629,0.1311364094892149,0.06530854734901557,0.01921874785886518,0.05749494981915728
3.4277348677237187,0.05826835057203528,0.0070059414088873215,0.019474430005194634,0.05463591102080473
0.9274325071877554,0.07290853949765169,0.0153494364480143,0.019793232187514463,0.06632210292366973
0.3440608370801596,0.06651862309265369,0.00869199212107915,0.01708816032874109,0.07899850252898494
0.346449416278984,0.09180155679838811,0.030991209581042727,0.017523321895989947,0.07432800248467275
2.6207677082992533,0.07536849706393366,0.02389012768642043,0.017180388608890998,0.07071477452542385
2.1930660178066583,0.07856027571753195,0.013922956826639299,0.017208490514983507,0.07388774671700891
1.7936121209749065,0.11067430575873605,0.04151069697447452,0.019716289054676733,0.07349948615523022
0.7918327225477076,0.18398985360985431,0.11698920711066857,0.019286472939665292,0.09972394437669893
0.7461388081675903,0.2314972795786347,0.16088118376644878,0.017691873125172654,0.09388718734416253
1.8254815330407836,0.25381983370792327,0.1831424815527697,0.018071820852963234,0.06202396075591908
0.4852075420601062,0.3034551981510103,0.22043289652688616,0.01875214486140967,0.06244412351175114
1.2753356173583446,0.2372877048498545,0.16581855982616062,0.019459464175358175,0.052052722955032604
0.8427651302627641,0.29025100971446494,0.2089023888602712,0.0215128250307923,0.056768498438329804
1.4129400854783143,0.4162067016038379,0.31684801738705254,0.02007892580168724,0.08462318748561946
2.707160316763422,0.4384774986173849,0.33832311523197806,0.022291123449161215,0.08699030688256408
3.6419952644027984,0.41829944187194673,0.3251553521366061,0.021148356188752503,0.10309172146087127
2.1800595452370173,0.42257748389263944,0.32462469316070697,0.021625776433869797,0.11890709592181639
1.678179541057151,0.4268172679970927,0.32130820929493153,0.0217024032969168,0.14775600569489253
2.662974826985021,0.4284822145129726,0.3356883678561682,0.016700408214675194,0.13945202887613334
2.7146878146594373,0.3869325041778726,0.3032567336891853,0.014822448885501887,0.14066693796495391
1.2590982416022833,0.2983763664989147,0.21646830175789078,0.013714266163235901,0.15166760933236467
1.5423397203821116,0.29499846626825854,0.2240601482772223,0.012647551135959452,0.15645540551857426
0.3396706797091422,0.246594159641153,0.17663616905159094,0.012636242988846077,0.15886542888409644
1.3764381809810649,0.3314761165495325,0.24292297791939577,0.016126513777429154,0.15689857146690142
0.34430269911484235,0.2540784105640627,0.18024110214125055,0.015550648715434814,0.16330544384628642
0.44123835307977566,0.2932508485542767,0.21594619243651866,0.014332819554663336,0.17506380487318765
1.5073548607910832,0.42108289306049673,0.32492935782512977,0.014021933000710272,0.16368229477022975
1.4513926556327668,0.41905272960283296,0.32572085687038477,0.013547657353545597,0.15671919850239596
1.82828669439019,0.4052681425688373,0.31888949624312496,0.011872763543179359,0.1608736778616997
1.6937910051171137,0.25928650254662644,0.19333559636941136,0.012460932892738034,0.1762293165725345
1.8648220688185042,0.2828324684924547,0.21623748560762165,0.01057110757326969,0.14511839364281393
1.410727683138217,0.2347126862096416,0.16317389045815894,0.010360760533417784,0.1623815246557893
1.0643373976363892,0.1118719761811096,0.06160412410615586,0.009863791937866314,0.1658256318035981
0.9440562911526946,0.24818381414005342,0.17542189308598943,0.011203058736932106,0.18265575569892178
1.1838001589980807,0.27655072002552517,0.1994050867756518,0.011706188976411229,0.18746540047891253
0.5395129774801127,0.3135300206021908,0.23555426278046604,0.011333887256699348,0.1848350872052037
0.527308463762106,0.3097635421311108,0.2360655272219204,0.008913886213705341,0.18594259677643887
2.0530164035111533,0.4083015107763783,0.3263999793902314,0.007466855845734903,0.18224787189106548
1.5539778611088866,0.4077465494132093,0.3199985726521911,0.006092382994899779,0.18527818155003575
1.9165370595597353,0.3744234861536132,0.3022778726432821,0.0030443893365473974,0.19566431888712182
1.1108906684373387,0.3539545117185276,0.2851046447551103,0.0002497939334827307,0.23028011453735547
1.4252048116163323,0.28112829051907046,0.2216593763345865,0.0024874571891229822,0.25263280540822364
0.8985287488620397,0.3666169288585537,0.293469189288907,0.0003472185635496872,0.2279761466969536
1.8628186846661139,0.33344799057331365,0.27019184802820273,0.000230534414462143,0.22375318980055728
1.8500862662425237,0.2220409829597375,0.17254490446897552,0.00038400943013410026,0.23967978646445678
1.9975359493582572,0.2910216939067828,0.23388062559323697,0.0001929395785201074,0.2646801934844747
1.173937426093684,0.29255092959622503,0.22326654653738384,0.0018381144618843724,0.2621396794891094
0.4079402137976015,0.2132104514466856,0.16045158429155681,4.188552950439798e-05,0.26144228655126267
0.9199491350749632,0.30394161142291926,0.24197249888163422,0.0003164051886722584,0.2505163954939545
3.823247076192879,0.34238235589355337,0.2790340477784384,0.0029735263176777224,0.25239336090592984
1.969443691394182,0.38338473654708355,0.30101185753413773,0.001938262518088138,0.26699616519770425
2.420575902977136,0.2829101323835464,0.22701083749097722,0.0008484460219783964,0.2643834326710151
1.0571033855395187,0.24545310495328881,0.18351600041381524,0.00021978764795414643,0.2720942698002004
1.6515813112391668,0.13947757655818757,0.09660052938133834,0.0014829888541660061,0.3047775984196158
0.3885359539868747,0.14506128225207876,0.09862354756314848,0.0003627863272161497,0.31995625215318024
0.3242747017445193,0.1577992984645629,0.10724156460426652,0.0012031400475236856,0.3391058701677496
0.3215836350481821,0.10614641615176768,0.06109318732937907,0.0011172790473769844,0.33501093173929336
0.6895374551613404,0.052294707227904975,0.012821690306681503,0.0023310736506593037,0.3383663495427035
0.5726967836750388,0.14889895520216043,0.1006808806458003,0.0028789140371496716,0.3297086085962886
1.038417499927555,0.12467587518637757,0.07064696067328051,0.00480272306096049,0.3257626613029862
0.8227236609883335,0.14989520908460882,0.09440313029890716,0.004499209811171613,0.339612369165462
1.27862470503657,0.17989363778752268,0.1305572601425187,0.0033282421940845726,0.30777880523202583
1.1620076570693247,0.08906889906103402,0.03756602680878182,0.00504414234030583,0.32403023721752994
1.7263822142122838,0.04609483108055782,0.006741749458233522,0.005471808065110683,0.3322376007628819
0.8228806974751657,0.083906478988205,0.04102331926973117,0.003930941951433748,0.33692159431528274
1.1248863691382265,0.0860489825338184,0.04038245772461749,0.007479024746826747,0.3562866155749073
1.341190025951952,0.13754303480826516,0.08999391262725302,0.005664065242708197,0.35819035915297426
1.6063784044536984,0.12272006366167576,0.07601031550540774,0.006721220392352688,0.3505925683437424
0.34038065523294747,0.08748930943384138,0.03787809370278372,0.007580699340520598,0.34963963355496525
0.31245434463438587,0.1619113772303843,0.10550328473468447,0.008069398975028412,0.3668319064800122
2.4807726592999204,0.09716749200611596,0.0406754227158202,0.00714446704539979,0.3453160568623567
0.743130202562737,0.16486819253758528,0.10452615281564084,0.00819024410616794,0.32825296307701685
0.4996288053296231,0.05121613529721104,0.004185578620899355,0.005638209651506725,0.3105842414539705
0.4746657698400924,0.09077092525637885,0.047730932496345926,0.0020461944740598976,0.31229936812944653
0.3726493874677755,0.19444498606899374,0.1430042962129277,0.000483198120717536,0.28693134388353814
0.6520260581633556,0.3265144791689897,0.25940028396406745,0.00036966599503553946,0.2944919694782875
1.1822700644816746,0.3868829657058758,0.3085928564180653,0.0005172962511181627,0.2873913668873058
2.142852399972777,0.4019775295049693,0.3187140137770163,0.00012023691536549788,0.29782435570237237
0.7259931395833761,0.33722404522583277,0.26542514775618065,0.0013279951549835113,0.30080332377319907
0.9932794494947186,0.36848312388509075,0.29421077918755817,0.002351154248822899,0.288202425266619
1.6432082517836097,0.3139208751386718,0.23973699163997284,0.0030796962440151924,0.2963694610796046
3.431324012357933,0.25130354286154977,0.18305201374555036,0.0020089566363578125,0.28704109949216244
1.2440483078035065,0.1833287943255139,0.13431346295012617,0.0025690168937127474,0.2714605821510782
0.41238214251016786,0.19872053712022575,0.14728024086979843,0.00033084528384337173,0.2681846612343886
0.42936798470818077,0.1928718586690023,0.14158298427970228,0.0009123959434849753,0.2558029931125488
0.5380020927251202,0.2943128846467013,0.23108841766668606,0.0009447309473647255,0.2597565053855854
0.4181909831146287,0.27993976026885825,0.21696027302660742,0.001584526055867697,0.25473867504810244
1.6002128456960225,0.28431893799265373,0.22643727041944814,0.0008978840927253728,0.2281839088298569
1.5264980007223765,0.36448188180257024,0.28653231576105376,0.0009531541910186619,0.2229574318392733
1.5948736367755363,0.40547365358299514,0.32828936137246406,0.0012412301882478802,0.1907000330835179
4.085570245050767,0.4123806144256588,0.3216685417370644,0.002654943332093263,0.20155976903277345
4.539476965150384,0.4680032973024919,0.3703766195389276,0.001354586064668671,0.18902639142212044
4.58583884410565,0.517639922544162,0.4113566767936941,0.004153372608903163,0.15981616136842486
4.904995767410571,0.5021153716695564,0.41321924862793996,0.0031438153815158457,0.13994939628061417
1.1058203526425228,0.38458392046091894,0.30541358998680085,0.00221026721087129,0.11738157606667893
2.176582818044023,0.36348922806151096,0.2835024265954862,0.0015446549110984691,0.11363151532631666
2.7995042931207608,0.4322840473436257,0.3419801778927217,0.0019383038979151831,0.10904852754776201
3.067759527965535,0.4695195179588909,0.38189245089877133,0.0038974988326120463,0.11972909175785973
1.688071962878842,0.4231396958634642,0.3400415108124801,0.003793426903904397,0.11962852305292254
1.1150587497658202,0.2994867577302188,0.23684882564471776,0.0023330977034944247,0.12733747208093255
0.8175930743460947,0.2867726214094149,0.22033937073158527,0.006857004639880881,0.11947526544405192
0.8650665862447191,0.2903206865183382,0.21705329332183876,0.007064938878864619,0.11509957788156677
2.1846908862571355,0.28447676822784107,0.20534569755748797,0.01071278647274404,0.12515254294772513
2.3621752685797146,0.30620505360383904,0.22090157095191273,0.013946132929183522,0.1064593583627733
2.5743494518729335,0.3583335730867896,0.2803793112516919,0.013151368879522802,0.1182396200503115
5.226462761527873,0.1646485842570456,0.1124988443925532,0.014132369828931932,0.11886499081790575
0.47772810966638746,0.12486506702370538,0.0659272180155118,0.015285966657685057,0.13226935517372493
1.3730027528275939,0.16517185523369335,0.09940074295362994,0.012030182858737602,0.13865737889596283
1.1997742368019568,0.23495558006706263,0.1614206167763695,0.01280852958374765,0.1379543650933043
0.4126824101832553,0.2561654342724131,0.1841205321202674,0.01439964208803865,0.1330976879265414
0.5959753300755215,0.2649365352597747,0.18758352832850825,0.015162250967247864,0.11095416645991926
0.9082450467061896,0.3505534507490406,0.2660917761701658,0.01580983565017424,0.12043755277579031
1.8087508557971,0.28351514575409675,0.19732922040917436,0.018657009525093547,0.13527245740952826
0.4567010154259384,0.20265253529409416,0.12985695778137157,0.01803287017234047,0.1262091252681731
0.4519932294077684,0.2957060234749498,0.21122723126348067,0.021506002544579968,0.14293960696256533
0.5383702086654061,0.24034340930200437,0.16066092403039658,0.02052259399759638,0.1251131352459986
0.4936987656389304,0.2548762396741361,0.17362611919734836,0.020773779790538464,0.1406854881202034
0.40065609712988604,0.26629348189756596,0.18381495510890333,0.023481088537778853,0.12246923177656052
0.42063150638307867,0.18692426428675568,0.1113704550898541,0.022650207303201074,0.1078830691234278
1.1725517075455867,0.18677369964477492,0.11729435591188472,0.022678274568889177,0.12214712903741588
3.2756104457758157,0.2424591191638426,0.1552965817954354,0.022396314459627614,0.12491875583305985
2.7730880783968934,0.17531353888617507,0.10928224879336465,0.02359669290587643,0.11942064290854627
0.3298820162746386,0.1746889356618819,0.09979612966266065,0.023992382740274945,0.1138650280660899
0.6138472380350803,0.17795405798353,0.1058584874039418,0.024369896348957677,0.12863875520978946
0.8116774790564847,0.2666018157685038,0.18724448465657229,0.022598394737865107,0.10904608081567846
0.832642670058337,0.2787594145460042,0.19685579040277668,0.023672004908508626,0.09562885595308583
1.07940381506086,0.24099064605902534,0.153372759327434,0.02664135958060205,0.10949077128603792
0.8062972627378239,0.18563198251955518,0.1074164333215055,0.023916887571483393,0.13984584420797705
1.4797959705877084,0.15917552486161404,0.09214210799657042,0.023654618184346183,0.15360656870780426
0.31208073652859825,0.2219525180592743,0.14553106709965175,0.021962726645183166,0.16071434159734244
0.5216818739244006,0.3028063055714468,0.21705817852563392,0.022566608361696452,0.16128165085371027
0.7324264651399643,0.31048378913827307,0.21889559042210507,0.02390291656651123,0.17759229832781842
1.4998525288292537,0.42166735305527164,0.31519599058080705,0.024187807201346098,0.17014006750792404
2.674811659742301,0.37195787419783743,0.2828531492507951,0.022765327895684664,0.17241036708848703
1.5063225912970502,0.41990261071755014,0.31736034274145486,0.020318132996909433,0.17867872562506718
1.83878698284347,0.4059227952902347,0.30433700171540773,0.01909621861877575,0.17810883747729855
2.36460243858784,0.4650496608763556,0.35567423714952257,0.01938737911156174,0.16866803327771726
2.570242037326639,0.4804468433324569,0.3730432022734537,0.019232740021198846,0.17185213156019444
1.1105608803799085,0.39155943579953023,0.29245042540125243,0.0215936117869817,0.1634213878679414
1.4476817118108334,0.40440849522257954,0.30645934694298793,0.022382756218874825,0.17635788788291476
1.0211297165918352,0.3679672239391403,0.26871576257563634,0.02410149116849547,0.17387456760400066
3.1958837045982507,0.34582527677953734,0.24394122987105266,0.024466667879836854,0.1842627027026756
2.122587374122792,0.46076608345164405,0.34638655856159717,0.026047736852446022,0.19638560169067834
1.353966110864306,0.4053684931260354,0.3030706598552942,0.026148355369402562,0.18144463211424633
0.6601921617315047,0.33021892040641143,0.2371444002781521,0.026699257067248825,0.17341836133929828
0.45408935009808266,0.25643321632090865,0.17218681378461848,0.027190809576279076,0.1755249855050091
0.37412318441179915,0.27506151793811423,0.18672620968924555,0.027638560995193386,0.17460465775992637
0.442631915496596,0.22606926280324774,0.14338649781488305,0.025679393508986743,0.17932330854884107
0.4826802129546106,0.146945957179882,0.07588527718088413,0.025634331612764003,0.18551727761269415
0.361862255875447,0.07982406642617082,0.011474482301276803,0.027278949585755097,0.19386155401205332
0.4417560257108741,0.11735674782551705,0.045276187587857265,0.02581329270989889,0.20514782862327935
0.6931992640532357,0.1611847329933896,0.08960745836945452,0.025816533836235278,0.18839860242864395
0.5619840959699832,0.18399651000014478,0.10309041994526268,0.027717656443375233,0.18346255638813141
2.267843551716324,0.09846498151417142,0.022228550963716592,0.027202507904904378,0.17470803898364215
0.8665242004045034,0.07530590953876451,0.010589252016630184,0.026650136102806407,0.19145917484648925
1.2986933665160205,0.0979379863177367,0.034956989570922636,0.02439866567580924,0.18263047168098384
0.3537272295700585,0.07999140523291584,0.016153070282227597,0.022610098715841725,0.2008082151238315
0.9392867183644087,0.12041073167169852,0.04797496775691236,0.02400853812722238,0.1955528699211094
0.2965199661868463,0.1994091649218646,0.12265858994143253,0.024511895686433926,0.18608676207512223
0.8662748372794095,0.25233000251559806,0.16826107464622378,0.02244191154481061,0.18698946804837496
1.379437728745807,0.2018240027802429,0.11965251210885222,0.02485760767806068,0.19000681372263284
0.6981110201824887,0.18125751478826557,0.10804473417911645,0.025550401233275313,0.16968280317427928
1.6338516728140717,0.1781503434861235,0.10779482501486502,0.025575447241746627,0.18162869950600616
0.8168672775034052,0.13696928067325193,0.06485434468931714,0.022526141515787065,0.18820600085554856
0.5630515130158107,0.17041182688289153,0.09585138172523083,0.02267300102537267,0.19680414941940486
2.7717260141003948,0.17655316984510852,0.1115353084288128,0.022507684967801124,0.1946833888685332
3.3563416389488623,0.20508820122030252,0.12055652611496573,0.0239393498700169,0.1924383580214621
0.3826044464065007,0.24237609977491545,0.16190570274942115,0.024553800307918157,0.1915611497141144
0.5865632384940355,0.3237003116501801,0.2345355005046658,0.023155740446061408,0.20679406786772525
1.0734902276600715,0.37216071922337346,0.27420561464646126,0.02212388381121551,0.21075111271461483
0.8994334799353674,0.35152635991301906,0.26057911462005773,0.022446393851648015,0.20650363394692972
1.2846721283268647,0.3848679180394804,0.29107756114688493,0.021271309103734582,0.21414451500566078
1.171830998894441,0.38354707117424475,0.284703154665427,0.021414318152084277,0.21858011602758484
2.1865011578387135,0.3414307952983203,0.2555556711643169,0.023047965886335092,0.21212317677884862
0.46778703032575325,0.2823706222341122,0.19900093870736177,0.022876897081837894,0.20269679398425386
0.9227102502847224,0.2076943614273587,0.13577893259909027,0.02232778169274412,0.1928453688917188
0.9645419841279891,0.1327511585266824,0.06258594837436753,0.020541797008512157,0.21032563547386787
0.7107809960215218,0.07833110607749796,0.0189166584961388,0.02055607731198433,0.22414027356871782
3.1474522387623693,0.1394666181158527,0.06648370168371023,0.019181457984349788,0.2415064005040106
0.6535383568561383,0.07680401131406922,0.018989466601125944,0.018833194792895514,0.23107944685039106
2.0240492772204597,0.08280465755252561,0.030324769499362907,0.016590386357672668,0.2085763275356912
0.4796071735611337,0.06324202865609702,0.008551092251227799,0.015804371073495017,0.21674235622055502
0.66527558795975,0.15715146930162116,0.09585840405523656,0.010165978122975565,0.21460438633592074
0.5196743770870614,0.15883528233498936,0.09692258866251664,0.011219722190718253,0.21054997670898407
0.6182610105293012,0.10710293883126937,0.05697442789467178,0.008603496322905493,0.19824427351654264
1.0750859399060146,0.19869316214170615,0.13244610915101748,0.009736181680992589,0.20356563954410115
0.5360740623298096,0.2334412229081256,0.1683407422397363,0.011034298152191362,0.2031199539959075
0.3243503413336569,0.17906482691403772,0.12072086863546094,0.00855638316528333,0.21770358970246856
0.4173426932583557,0.11093485879764621,0.058085095831966624,0.009935155563874018,0.20355379542553645
0.4953813097066466,0.14556759816583714,0.08656641842719591,0.00968233157777196,0.2115833220295358
0.9515294369805046,0.11020852855740138,0.05432148421851911,0.00818026797449889,0.19697478689227413
1.1718790990316887,0.18523978681160247,0.1326081439009909,0.005842889328161732,0.20386974828341062
1.2710630388182989,0.2254140108699289,0.1557328215059405,0.009841261100718111,0.20275819859089914
0.583023808615531,0.26368566412567196,0.19820368060878477,0.007909137372111047,0.1695038162210796
1.3929391244499096,0.3353955568177448,0.2530795925082757,0.009290323568060635,0.19694952861943155
0.44581746861009375,0.2836501502747419,0.2147873908879249,0.007492804735973348,0.19068801397484478
0.4371529020090948,0.2697325534931287,0.20399930193486923,0.006328439631379511,0.18208213487389815
0.6021257834391146,0.2946146052329751,0.22139333367293615,0.007738650806065717,0.19205827869117886
0.6045192741458154,0.3294051635214963,0.25243808800006523,0.008772953027584164,0.1791148947656318
1.606061300774033,0.38396988804288407,0.30358207405683135,0.008863652341939298,0.1744688215226549
1.8839354884005517,0.4060715692006716,0.31479945529003917,0.008509028131543028,0.19560253882465484
1.7343283492199795,0.4372132453658213,0.3451757611143623,0.007964609420450677,0.21788612706262894
3.0853306350176584,0.46738053303136484,0.36561380820314066,0.00879019000237793,0.21702983589895478
1.5595280226429697,0.40417828351510005,0.3195252901452058,0.009167225655153393,0.20741880961846454
0.7134250069114203,0.346871887835534,0.26849518190140487,0.007936625648235477,0.22056684075724717
1.2604029171333926,0.3939079867089104,0.31260844443957364,0.006078384100439971,0.22637187880690007
2.0691976601453796,0.31945904319415874,0.2430220272308515,0.00381523244144875,0.23908087710498657
0.5712962063167376,0.32062777222333605,0.24983456454449662,0.0034129870354273,0.23360881024905494
1.8763373599711437,0.35823980686923557,0.2847692523660528,0.006966581300328167,0.23443618826188947
1.530092912900738,0.30767142994204894,0.23177800831041107,0.005842746424615287,0.22571073860132831
0.8407303216442491,0.2740128760906224,0.21089011208414835,0.005318423926647669,0.2284356771993844
0.8614707780243666,0.24204884810799335,0.1845725270939245,0.003621274288651266,0.2176924611973635
2.294401202179205,0.2748218680309718,0.20239871421889621,0.004940433380511592,0.21158965645966454
3.45080430583002,0.2634480673829251,0.20979221781275154,0.002766582262738141,0.19271330144178933
1.1359056429826608,0.2909668817687478,0.2207408275667022,0.0030859741643233496,0.2070690387438775
1.1213093840783044,0.32720562861086844,0.2528499476525297,0.0029996923159181337,0.20531135459979158
0.5447597138393926,0.3014165003535335,0.23342606424012155,0.0021993609076304543,0.21501591560301545
0.5761151621759683,0.2423963283980209,0.17535698068686292,0.007358540141247012,0.2217788061209672
0.3403375489960195,0.2183600763209545,0.15355610049186608,0.009224234118054963,0.23169275706688117
0.2929960280212346,0.19119437054111593,0.13122040666217147,0.00807815593442829,0.23829072215395733
0.6297542808179871,0.23127702699839778,0.1635468366041543,0.00906890692209672,0.2656873619117249
1.1310512944873723,0.2939428010606629,0.21716522875765476,0.009420188754925424,0.26104085037872077
2.941866590805598,0.3308657392784076,0.2610042764292324,0.009724525626281722,0.2608865696814907
0.7676603892669064,0.2959383201475077,0.22132745027680317,0.008200341966604924,0.2748311934375684
1.6561037389317486,0.2850160454984996,0.21066916623687373,0.006797258234599261,0.272299159365059
1.6085880341506276,0.2857375387415616,0.22070010247544364,0.008053060438770437,0.25924131873768147
1.1377975307634205,0.38013070410389355,0.30106078108882095,0.0059882894802271245,0.2860993812046301
0.9009417189874732,0.33056725487245897,0.2617803516840932,0.003152538000379277,0.27344710048705057
1.0673990951867272,0.3068050890234553,0.23458975952094616,0.0034241536439894096,0.2693713603526755
0.8291834261250935,0.3382027515733468,0.26492750581477426,0.0019457906156172303,0.2776784492909432
0.6713056300603066,0.31904378324289134,0.2510910209169536,0.002816589480973725,0.27502446350597703
1.3361065843449804,0.4062429578912867,0.32162690584749953,0.00463802353821475,0.2817160119374058
2.24948981021472,0.42151050221194664,0.3408792347383702,0.004250435804651479,0.29083936172762104
2.1179262975191504,0.40723273288624334,0.3288470186553601,0.004268574357740843,0.2918457882011306
3.692264178428093,0.4440656576767179,0.3625057030013855,0.004775325094968888,0.2911861670529134
2.782475437541533,0.4822552173261778,0.3850913817125751,0.004334003394578668,0.31617797593295394
2.2990640259340407,0.457812716860416,0.36758674523868207,0.006128946316652003,0.31670532963815634
2.236796373274937,0.3618220674640745,0.27799847461600563,0.005569834599953046,0.2957716677119635
0.8692963534795247,0.34077329434255543,0.2649941784961342,0.0039862632401586,0.29483653600890397
1.5447059098840328,0.26453634548140514,0.20827814832369543,0.0016163769883174657,0.2911939017531651
1.680551371848215,0.3395190472528652,0.2625194595160659,0.00265741428791289,0.30790544476297077
0.972140986380329,0.35599506979308243,0.28078379016359695,0.0013300848027710396,0.3156742118573975
1.3791335586828497,0.39138806879412025,0.3106172129924402,0.0014251610028425492,0.3197657507244766
1.9483561548512407,0.33787654128938543,0.2727987667211704,0.001662622862580182,0.31578671374867023
0.7869780841538487,0.3089422911621534,0.24516790200043234,0.0008350242698952248,0.3335780497501453
0.9401940071027077,0.2591855613520615,0.2013897783139935,0.0021371619588411994,0.31787500586972484
1.1396214640163889,0.22901316831360058,0.16864917299798962,0.00028443870048068683,0.29271969055410973
0.35916077416198705,0.24124890149927797,0.18126044286642568,0.001810454145924547,0.30384616006911946
0.4450733885688764,0.28730080806890623,0.22217169983759452,0.0029910943908056193,0.31841871492593427
0.5026982442972041,0.29993439124187343,0.2327338985506421,0.0020089107722259004,0.3365132030555889
1.1265864372914263,0.27051624065107793,0.20533324797927188,0.00041718177383844165,0.3509282654551214
0.49403314520368863,0.29195624880789744,0.22864901883228306,0.0009786303418467947,0.3629391318069326
0.8350498376213785,0.35317961688387,0.2817112079045597,0.001294018794479959,0.34759274482438385
1.1014530360261536,0.2005119013794546,0.1503534571238737,0.001577860682460948,0.3573436325234666
0.551025997265478,0.2064764578110393,0.15463364785688938,0.0006960939356687908,0.36001272318828653
3.6685318806459764,0.20465080181568324,0.14305482011924137,0.0003681793515895452,0.3648150597561009
2.3264089333161913,0.21312551813604705,0.16566968738212431,0.0002292214558350129,0.37874052185547846
0.7036887953320213,0.23811054285747957,0.17767935076819075,0.0006084741725447026,0.3972551652126063
1.294146579478893,0.400732047597786,0.3181385818824251,0.0031753621905502138,0.3840864216000924
1.876058895596285,0.40166658469076627,0.32351590669664515,0.004276460639037201,0.4139817022018899
3.5413120633504596,0.45731778856395433,0.3609820529279801,0.003342032022947494,0.4186886666850643
2.4694106553335935,0.42222015838801574,0.3425963926602113,0.003786572569272762,0.4144960362943325
2.052155052509918,0.4218870904832744,0.34039594575304444,0.004364430835080973,0.41956800724522625
1.429210792964493,0.37475875922971363,0.29227626953753116,0.0046932980093347485,0.4309467455863009
3.3392541720165076,0.3360392758194082,0.2580575219200301,0.0012148367131368182,0.4246139497334174
0.7214317961561969,0.32105698668905125,0.2544652849136344,0.0014300227327288684,0.41995208130762673
0.6148310609668175,0.324275489431814,0.25657545344026866,0.0009563731262263141,0.42726706552660587
1.6903047503771929,0.32866912009140037,0.25414191266516084,0.0014792995631715455,0.4477963277990492
0.997839642499804,0.2419364359917419,0.18034681936564217,0.00042957574442337404,0.4655785623594589
1.9401208263218024,0.2350953157759167,0.18274621388995135,0.002019384532338515,0.4848613803556163
0.3996276621592604,0.25874572110314664,0.19656683530173144,0.0018352788964055308,0.4776866455235567
1.9187037343277262,0.3951170575913885,0.31960222009003575,0.002914066216182348,0.4960478872051393
1.3117512701506842,0.3813127320408213,0.2999675043197304,0.003306417409849899,0.48793778185409165
2.263786861050284,0.24228027557736764,0.18966038291491638,0.0021243174633720757,0.48584784116083907
0.7109369723213358,0.3077696477189887,0.23861767173383094,0.0016067611001974523,0.48346908751133477
0.8493049298741189,0.3580225882900686,0.2851076173831716,0.0018456834328078832,0.4875047677428731
0.7118058569583042,0.3428436858563359,0.27320780016913787,4.256957662566443e-06,0.4966037836703225
1.441346747740376,0.3800874488626933,0.3009031632555046,0.0007015930632478754,0.5053999790277506
2.6645756394282336,0.4612388643003053,0.36885315416582354,0.0013429337822902024,0.5087191701582706
1.7453950258798796,0.380157605869934,0.3075634612338134,0.0020060425451798283,0.48884252138684975
2.2576026866365453,0.2971698914779875,0.22336240954394185,0.0036507974331787397,0.5042704129545249
0.3588057194732038,0.2419841841054336,0.17952534094894146,0.004250821771871493,0.49219720750975227
0.48061783478863207,0.27342028993974077,0.20901430062144652,0.0048714751082205125,0.488293472811013
0.38552027196406613,0.27129162900473325,0.20715558836079023,0.0030337893936648167,0.4872273882349837
0.34962253516124486,0.22886897463069966,0.167338195592743,0.004739516330578354,0.49983806397250546
1.5822251580411812,0.18243706038185173,0.12018086661239105,0.00635514055160574,0.4993726582111954
3.3065695893358624,0.08990280811898113,0.04835485613154221,0.007240987287622458,0.49867556424813175
2.1885077087766986,0.08065481353719542,0.03816448627338784,0.007036162034265715,0.5035105567906882
0.33928064724463425,0.07480025067412183,0.026838134003944407,0.00649828328337514,0.5023900135960155
0.32097963222547854,0.11182809184661287,0.059183124060203075,0.008381051360896447,0.5204250020190115
0.3274485002846537,0.10990499940516725,0.058310136405497,0.007720592510628118,0.5362274390167073
0.30999335417978213,0.1336209345074265,0.07992867512247405,0.007216191282891238,0.5379524502138905
1.5619934953609937,0.09702570423501936,0.0537508209558463,0.005283611902587794,0.5064295828923336
0.36502514326586727,0.16918940111946146,0.10876879301366545,0.00964728139748358,0.5035296278715442
0.4838609228467232,0.20177912129954784,0.14319461076527695,0.00772428748930717,0.5075590956217585
1.1448074547610152,0.19043525822027355,0.12809469179550345,0.0065124631836828975,0.5046220556755683
0.4249129840532541,0.11316670900851529,0.06024718859501792,0.006969714425632349,0.4867456875775141
1.0377328304437667,0.1647802528031848,0.11409291853422038,0.005531462053973849,0.499159504509616
0.6924271598995292,0.07129871412025796,0.020683068321815906,0.006890483240445751,0.5130655294708079
0.49944640207771335,0.10879600755668331,0.05640156473934869,0.0063915173641289555,0.525187745761807
1.2657863895700792,0.17657667660318177,0.1237156485455354,0.007210185102855726,0.5304285609382273
0.5041746677294506,0.26614501705439153,0.2008271365838485,0.007007966826680841,0.5333815966840831
0.3095953739978005,0.2274406890416525,0.16697868621413156,0.004679306526315622,0.52590473545592
1.9161645886479304,0.18206470116895837,0.1198690551205315,0.005749001583145169,0.5422921418151065
0.9550666242413148,0.12304236255056923,0.06639381793252565,0.007823777463123209,0.5305891227704975
0.30548580945481574,0.14432231189153555,0.09067248596700794,0.006148862140901988,0.5416968855068124
0.5049937399029261,0.154330657755539,0.0980410402712105,0.00606304628012149,0.5220337210077767
0.38232310233552563,0.18520192735455931,0.12831826196689625,0.004272546503437718,0.5211789032274057
