43.37530120268876,0.29589556459265354,0.21576001908579562,0.024558457171966665,0.037198693760270886
3.6980946656337035,0.14822168920789108,0.10359516323726695,0.0059672108352766175,0.027673419555074585
2.364061249571271,0.06343055342452823,0.009643495107865455,0.0072369481759684455,0.022846691817311172
0.39450076505170356,0.06684713454160475,0.01734508410788242,0.0076334598230578974,0.024414795060769597
0.5499732631915556,0.09501671502736408,0.04243610854565473,0.007464347813273964,0.03078038377557861
1.046025736737029,0.06611373449069545,0.01404017592727556,0.007682356027740623,0.04412232167313481
0.536562416127769,0.14860818904911388,0.0953009143623832,0.0078092703165029064,0.02295283919559175
0.42719035388879256,0.23604720831992176,0.17583160073849027,0.004999065957826643,0.010663550318020357
0.4567046062771798,0.24505221141921277,0.180906556022882,0.004718772081947469,0.01323998581769582
0.7616874463291626,0.34682020074296205,0.27293033330437705,0.004187455069834402,0.011187997617730995
0.5783973958892571,0.3051358426671998,0.23682840986350887,0.004639958929120679,0.01764255437251689
0.32750179374080884,0.2324733838442109,0.17271828070487036,0.0028928442323705016,0.01289219856812868
0.3714569332844922,0.1332575564549619,0.08571226045438016,0.0023550819849530026,0.026519608142365307
0.6386131157012528,0.17298441082434993,0.1182399680462224,0.00740914910497968,0.024801942853198033
0.31410096192040815,0.1494772110475044,0.09561690401447903,0.006574980024264171,0.0210203051640304
2.36814026923541,0.08851825931588772,0.0353456038182037,0.0046427756648094055,0.032359290133527986
0.3083645101274793,0.1398168402024811,0.08738665355819134,0.005209884808284548,0.026814490464768675
0.7459652908573646,0.15978489697209514,0.10784405765399895,0.006267871367847186,0.01888455505973203
0.3052177124549506,0.18690820922497572,0.12836791007284418,0.007579545638852431,0.021511216080201886
0.33837827988897823,0.17783671870740736,0.11783163280127426,0.008483433462630492,0.02992350098533333
1.572276383217416,0.23210659667089487,0.17106736452823923,0.010242108488584757,0.025055675483965194
1.0182731250986574,0.30676375033423486,0.23361643815477212,0.01154940674270955,0.03598279695215477
3.860927243646846,0.28947139049327497,0.22352460129164745,0.01257556219522512,0.028292468476158832
2.937251995877975,0.2568265877732374,0.19541201810740666,0.010487895507613242,0.05122326791897018
1.7377738405216148,0.1969680915257882,0.13030894014105657,0.008904857838414031,0.050998493697825484
1.8031386515796197,0.3601361273145371,0.2727538028127149,0.010249128329252254,0.06750717645045093
1.4608805226009929,0.4193724231914521,0.32743307864375826,0.010949434007570927,0.06906097578313412
1.911822097629606,0.4017103166541204,0.3170828544781668,0.010904406536312264,0.07137654422866686
1.0749909604293546,0.36768455085264956,0.2869050105439868,0.00970240952089201,0.06368670896518562
0.8158345226691897,0.33806460408681316,0.26134474776584943,0.005490638341094443,0.07927942577687792
1.0710025447573384,0.3494775810300115,0.2736263065479133,0.007980812897979871,0.08226139901517836
2.1696588482978227,0.3873931734193712,0.3103824308458004,0.006499911329593643,0.0931445656455685
1.9668914274559939,0.41377256161694026,0.3318693154254807,0.0060025101461196,0.08632303109641264
0.7943251315106061,0.35374439930135604,0.2780762131489868,0.004913099078077594,0.08919457154957433
1.7255201417996637,0.3462299289007396,0.2760518746641636,0.004988183596641227,0.08713904984311237
4.01998086114825,0.409625927216855,0.33482556204478614,0.004591486390549714,0.08974235526572881
2.1276913677678877,0.4196875209818934,0.339097746274525,0.004053364170189708,0.08065002629698224
1.5239487472612303,0.4219771568056136,0.3375452180383034,0.003049860744211695,0.050227451873926285
2.0765965714063404,0.4378250509053164,0.34640245326683783,0.00477650085537118,0.03992554278464963
2.42136918387885,0.38297009716773855,0.31116375477293656,0.0025644350993103333,0.040122499295052606
3.4805626712004027,0.3978884197189279,0.3113744256230487,0.0012799883839568877,0.048740915755040914
0.8520544291964329,0.28804846623947716,0.2213340823718823,0.0007467754990959437,0.03487943853609904
0.4532839427473522,0.27160357041193944,0.20678137176963854,0.002680866114836776,0.04507113945854321
2.1030851763550924,0.310438513595431,0.24788435160500863,0.0033007505506478917,0.028635276260955977
0.688745332162326,0.33964238458418056,0.26845832361931427,0.0019094191548236334,0.004598819585461725
0.45004751065228765,0.2917053269286837,0.22792383822775406,0.00011034602227985558,0.0025088117421720266
1.4093758101325824,0.2565172759468088,0.1916001505362857,0.0011101202351675341,0.012519012137339847
0.7754457836858617,0.32370612979161334,0.2547683540702383,0.003628187950713648,0.0025265590889783814
2.7899169246225517,0.3190817027543701,0.2560080939981563,0.004032224354846511,0.01944646757825239
0.53061609333705,0.31148401404341275,0.24180982097228934,0.0034843500841809597,0.000626278563080146
1.5483685971495875,0.30032957325907184,0.2384254548221247,0.002684135156157618,0.001025685971954865
1.2828757971734155,0.2706589661164379,0.20024483002898402,0.005251475196527227,0.01263315640117522
1.9155322536868153,0.2976828265794218,0.22424660167818272,0.0037358951055048127,0.022625969257054106
0.8627628340127919,0.30439949973136327,0.24140611670322012,0.0010326878885661677,0.011191848546937753
0.7306325641249923,0.29585453480929574,0.23117866629815395,0.0033579012163181196,0.024900725235528953
0.3945370161813789,0.2525512197074289,0.1930711188200171,0.0018781140207066594,0.00976150510057288
0.6212129911234993,0.29915889491245734,0.23286335101011163,0.0001366247558000544,0.01761549472149769
1.3041356522644703,0.2879253256252722,0.22881887202759918,0.0008725672442440217,0.026526461429535325
0.7118189877840803,0.3287868801379372,0.25874513589058196,0.00037834234101972726,0.018777498662070534
0.9574559927569822,0.30406031001803774,0.2423613032441656,0.00016644678225781974,0.016037728142065392
1.7352760619490457,0.36418126158794617,0.2939392956004011,0.0021910915232318316,9.726152546898209e-05
0.7010891232879392,0.33738055758362107,0.26742794177455725,0.0015467532839601368,0.007832646926651003
0.7228237982490792,0.28968073747028905,0.22592368595971624,0.00326262852636784,0.01746428132408223
0.8266799214164651,0.2873835207172197,0.2178209689411509,0.003765658580216892,0.022540207571319217
0.6305385087979012,0.3300559747926739,0.2596699970852961,0.0025196119652901097,0.032742715686489975
1.2131312400700174,0.3666411326679184,0.29046443673403877,3.1952251185316926e-05,0.03934474427422224
2.5723062160387347,0.20859691729994045,0.14811959590540552,0.00014255982426734126,0.030986596289773204
1.7059609314522555,0.2244740274643119,0.1631274082237305,0.0006085143053645523,0.036174714902946055
0.7277082504422604,0.24795032137075995,0.19034062971734753,0.0025214732627463973,0.06088982819739042
0.3787610775281735,0.22582997778224,0.16821030264392772,0.0007765191355801324,0.059310354183042265
4.373219863713654,0.22976367410922904,0.18112951239981764,0.0028739654656890277,0.06673749590010733
0.7631502283748859,0.3207411246674213,0.24893429972600253,0.0026067822988301366,0.06616404258647289
0.8038730223266729,0.3570824978426469,0.2815043607633148,0.003596627841825366,0.08310672527208036
1.6212303103792582,0.2875385734352286,0.2276773379494212,0.0025343742794245823,0.10583275308510326
0.533935992738696,0.2764855900989508,0.21138913659961522,0.0018619894617114413,0.10773032104606266
0.4925765254800409,0.2752959649670276,0.21257940519530275,0.002911103988095446,0.11633985022707376
2.3796618102047082,0.32997500990955453,0.2620099140685382,0.006707539772454103,0.09902337182427891
0.8565493641000592,0.3386437893086289,0.2641256199300683,0.007354435583458054,0.08396662875667277
0.8585154523182673,0.351920245834799,0.2760328831746738,0.006334226144216709,0.11168700301975834
0.9687718863935224,0.3741427110589572,0.2966703740226399,0.002491378438621272,0.10282145829756269
0.9510517015612951,0.373471560810168,0.29744903055305677,0.0015404088324111774,0.08823145668384016
1.0032400731696671,0.37405136365087593,0.29810953871890644,0.002800784306087656,0.08911517460319608
1.1617782351254546,0.3015807415173496,0.22959382131915795,0.00351601693037784,0.11383366716337706
0.8124230385219445,0.3105306878031803,0.23941152253904915,0.0027934621282968445,0.1338622787165798
0.5210928996376024,0.27712518041916906,0.21231342415596377,0.0015943970953667108,0.15175886787600137
0.38006868933647664,0.24621348114772543,0.18865933753190328,0.0006458139242009992,0.16113378547122667
0.5156950953181767,0.2426144088930181,0.18072265750181205,0.0024037846749816114,0.16789298808872208
0.6723144972046252,0.18131338382951634,0.12876171486136534,0.0045608788483191,0.16743181749879688
0.9123440760293944,0.14259747760189923,0.08668161114637808,0.005356070851746614,0.15929076146270468
0.7507651454301595,0.23633054965291353,0.17120506084096987,0.005395729434162937,0.16904275551961437
2.866757096493523,0.19998903298725978,0.15005898835407633,0.0050642729483252385,0.16210359529874305
0.6309248366750438,0.11117177904479442,0.0625259657805324,0.0018016726531839872,0.1580554209939249
0.3604288440786255,0.10603850726991891,0.05987093388003181,0.0013199006558396883,0.1564138456032341
0.8977473523537703,0.05744130280741592,0.01962083879680155,0.0010459428540629417,0.15042483858262753
0.35355736814785466,0.08451818764712882,0.04130788337806197,0.001626363417421235,0.16251966858817618
0.3645598349896133,0.044417882444771795,0.0035389398192732582,0.002162707541923284,0.16748413096450165
1.9322110759793554,0.1295742879829507,0.07507567321395481,0.0030712555682129374,0.17336701990770978
2.1902221196741,0.11523450324272491,0.07668956294985005,0.0002941879262042123,0.17685929191788594
0.40569679534150377,0.07498989734496184,0.03274819015088785,0.0019301531686071961,0.19450619768911726
0.4231570152589786,0.07433627020802747,0.03259559444886531,0.0016194008062747085,0.2008833746977897
1.4868644271008518,0.12488658112916548,0.07393931878856107,0.0006958873171238539,0.2000528867351395
0.8683263976634855,0.10439000706178606,0.05553973876958988,0.0018206959229440855,0.20472898224029404
1.1648881935955575,0.1010108661886494,0.058774963799258714,0.002947958245174791,0.21542877785976058
0.4961986315641345,0.13774269003815287,0.09173809584289766,0.001268395126563885,0.23947779977521033
0.35973949665756955,0.07890137901757832,0.03424427905154642,0.002202707640571196,0.2535604830595236
0.7980287457782134,0.13655698570296781,0.08667058108447621,0.00017104442168873598,0.23118717412173734
0.9257422125046848,0.1075903031011985,0.06433609653991852,0.0027552278894282384,0.2383910984985395
1.1090697820810405,0.09145615175725734,0.049628442853389486,0.0031480028126565332,0.23345273444548054
1.1702631925810874,0.050990022414762394,0.015010137000011706,0.0004447615005921603,0.24277022525379205
0.3238990444110243,0.1450526853887685,0.09448361515023843,0.0025064431172003607,0.2822773970135305
0.7036520643648185,0.19569191094119248,0.1439290481968034,0.0024207157202714076,0.28244800000600184
1.62114522039632,0.13333785650741314,0.08051698846360529,0.0015610766688146133,0.2839316743125063
1.581246459151324,0.10244253997059481,0.05079179777158094,0.0032167419057755045,0.2822323477021576
0.34781041196308565,0.0576209675722348,0.014709873017366357,0.002924727776200437,0.26515931807034615
0.767268157801916,0.059964645652053054,0.012457286365954667,0.004368837221886149,0.26631936451744237
1.1086996447234083,0.09092206773405956,0.040372732218806814,0.004051321537533065,0.2581076274603743
1.0663632025298533,0.13286023358025864,0.08446547420993483,0.006209040585214643,0.2846141299310725
0.9208584497750881,0.059757166695411354,0.010671830764875087,0.0055138656925348565,0.29307174666113667
1.5190269281575046,0.15899075712967048,0.1015653477911589,0.003943533074131623,0.29048789641362766
2.122168416781741,0.14555412991800776,0.10042249187081768,0.004168296837276632,0.30656577130311174
4.100379261207977,0.19855517953668,0.13338673635040582,0.004210532997767387,0.2898255663068092
5.080193694502861,0.19549117681270695,0.13066441042819357,0.003253582999166097,0.2666040664325456
2.827483406120992,0.24308394455631138,0.1863502754927359,0.007245967380583451,0.2719349556628612
0.3529619102650542,0.2306386554073302,0.16917399166881747,0.006354227651051303,0.2741536644646376
0.3722660551778971,0.2289642415253633,0.1629601877972266,0.009018752639823373,0.275873056571964
0.34705691117947124,0.2552119345821489,0.18506305322495226,0.011733154229503093,0.2850131155434098
0.349885090708149,0.17045494786580667,0.1085408215189747,0.011148089061070872,0.2718682617763255
0.5011665875180387,0.17876263038660462,0.12149757555067194,0.008827665558770714,0.26081352686882353
0.3924410806420193,0.26808179300579604,0.2015682329452398,0.006841655305428393,0.2644854963875064
0.5723362960798323,0.23860688750773623,0.17222714895236457,0.007131131937003075,0.25775769350930217
0.9250889770624391,0.3303926323566279,0.25845007559083877,0.006555151064285797,0.24000369896970658
2.7351192993733884,0.4075391754671058,0.31575238171012565,0.006724017666462589,0.23839933488216236
2.5732944921940315,0.45370528441094177,0.35609563439026126,0.007603677112324729,0.25160270759490244
1.7706814339651662,0.3087795094133238,0.24040852408845895,0.008774437482490956,0.23662790387974672
0.9966967137525397,0.31201560044427706,0.232305361281376,0.010654660988547322,0.2341034965074586
0.43612020852018574,0.25451196144221994,0.18340523245566642,0.010969089516541936,0.23127423123904248
2.472237146683252,0.25134623556031743,0.18639891224390087,0.014012385972439586,0.2530030238495787
0.5390750225959533,0.2565613765384905,0.18399799051488802,0.01585624243819009,0.25455868187672986
0.33271607044263174,0.21624317961713246,0.14583753185176068,0.01521948386803366,0.25962334183790947
0.43178325161466713,0.09020966163478905,0.034963892878354844,0.011258382691317004,0.28030737924991267
0.9589737050101338,0.12910530276279175,0.07725194384719977,0.009712565169656982,0.27088761938570133
0.6689467867444007,0.09781703225977545,0.04269540351421758,0.009352669798797304,0.2728022819750809
2.718284072823317,0.10812991315469482,0.06210695966744213,0.009345756331431107,0.24341404865213884
2.1751420998009308,0.18625532276268786,0.11747992309333843,0.011550374814296015,0.22522375179995874
2.5636476375795616,0.23443365550302814,0.16005969615333968,0.011354073010518292,0.23746078695929693
0.7513136499038436,0.07351403330225595,0.026000276444814896,0.009112290327152816,0.246081234269178
1.3528634533917763,0.07975994738245154,0.03420154435288431,0.008430111629161092,0.26567899605759304
0.9293711684294962,0.043315551976682354,0.0009764084280471583,0.006664130457688869,0.2757008604575854
0.8581313410998962,0.11056885406109197,0.061420087247630116,0.008233612241592799,0.263235205007297
1.0066685044579324,0.181821384082204,0.12734575171752563,0.007597550075978872,0.2608416576456887
0.8681767930832167,0.18976492310253293,0.1285548906069221,0.006133513905789077,0.2769652813740355
1.4289329845308802,0.18183530807509712,0.11759402607645358,0.008707292089260936,0.2520975261519759
0.9469900739713153,0.1837375462375032,0.12664538517568574,0.009879944307175637,0.2767471053182933
1.0910342704109133,0.12400628864602661,0.06684404012250228,0.00789997777956297,0.28414045774334246
0.45962776398157945,0.0945678085917727,0.04661621708435178,0.006598457781764249,0.29006673155932355
2.609511147425992,0.13466536208610405,0.07152580196668305,0.010358568798751737,0.2939894858602039
0.9231763700959065,0.09113094516399764,0.032464466852984944,0.012689919266402613,0.30018215052786656
0.4472854585403759,0.1579235867214925,0.09232116590444303,0.015444560651169552,0.3107512466070873
1.1512325095303981,0.062275648285527674,0.004296297782562047,0.013691044629342071,0.2985659185236425
2.128378607935617,0.09629921696780086,0.0346176534161006,0.012955102942818002,0.33407666178936596
1.5818501571606696,0.12309328854536247,0.06983500904238718,0.013243397830847959,0.34142457105978447
0.3345512767595049,0.23635641008714434,0.16941262747489994,0.010981040331405654,0.34802210680356355
0.30275771442578325,0.21785378231812932,0.15235373534049249,0.010717889601553485,0.33603023396121734
1.0141059769165024,0.2357184372799683,0.16483757037252805,0.010555157933788601,0.3310721841332013
1.842128522907135,0.2100471756345912,0.13996192477638214,0.0108758926240149,0.30177133703376413
0.3973289174753254,0.21747561942419893,0.15535055816944185,0.009013804940751428,0.3016802041661144
0.5211891770182191,0.16745808562982978,0.11160258200541956,0.008613523683687369,0.2959676614090763
1.1323851107490945,0.11761945734021986,0.05997128529429579,0.008866192327940782,0.27764879896123645
0.5402108018961244,0.0877628453687668,0.033651348425279316,0.009707314409154899,0.290455371770426
0.44515909289995464,0.10913089977818387,0.05932474852035007,0.007220421330301553,0.2953143786241554
0.361194978390714,0.21195796719207072,0.14781726245031584,0.009013278999567607,0.2987204253572893
0.3731484530486151,0.19376824293604458,0.1345480085572016,0.00845939782590711,0.30920782064380503
0.34787330921104964,0.23761974501803101,0.1688081944171266,0.011249136566052378,0.2973105915913709
0.3385546014482551,0.24561013266605283,0.1749912499027869,0.012475055182102438,0.2774970431231928
0.4652471069484932,0.29877554057286687,0.22279922856960932,0.011489784904572609,0.27470169606620454
0.6381898719726766,0.22823529897141398,0.1610961747482763,0.008771131032010285,0.27175050135505385
1.228666518445332,0.15585159134150103,0.09291774818612383,0.010424370856150868,0.28217795325452694
0.33394876164883375,0.22392542165799276,0.1557464136164166,0.01216237932773649,0.2608023985496349
0.5547553713429385,0.2291507912036488,0.16065838625576534,0.01039499058153189,0.24906858163265733
1.3476729762197732,0.2268665235162271,0.1563099674473656,0.010412877235418455,0.24655024551363508
0.6571265739742504,0.2678412442792155,0.19214250863913962,0.012961597584800286,0.25954159108771446
0.31544489449786356,0.21838297517217442,0.1497553525338926,0.013461372073409838,0.24302288127543384
0.31009415102267407,0.2086743256066022,0.1413171826775912,0.014342549075947503,0.23392042930091836
2.2812422818245057,0.30656505062766376,0.23502343998330094,0.013464424564615836,0.22999354899041952
1.5549897274960036,0.3990761640747503,0.3116327996372609,0.013150137157731886,0.23544106620026758
0.9350287078832252,0.3770094292688575,0.2876014111084245,0.014892883900387502,0.23380581732759043
1.4810191287307144,0.3815605095604498,0.2867097796363217,0.01626092552485549,0.22958383721105405
1.0531348276084815,0.30151984755982164,0.22554271995729214,0.015525444835328852,0.23078059052955993
0.46798692847018775,0.30237967775805713,0.22274791291149668,0.014981949489447421,0.2247206950134229
1.2172384254767203,0.22347842232651743,0.14747191669447834,0.01661128344187106,0.2256942137964358
1.2747851525398128,0.28999427412828677,0.21764579441842732,0.01405895241519065,0.20763243155936978
3.164387209755171,0.32401883118212627,0.248407230521439,0.016934969813972862,0.19131111588689437
1.559641126070806,0.36231557034264344,0.276569562917197,0.017992510295930186,0.18907056175945267
0.8986169267994161,0.37432509872020386,0.28092322214021637,0.019398358641980595,0.19887793373179932
0.7726200930439059,0.3378673502540743,0.24831800315598704,0.018739675592714826,0.19796767750527314
0.6010703721180174,0.330692134909907,0.24468169058990039,0.01754229051140209,0.18895651120889667
0.6213217104456035,0.32956243848239813,0.24462091034986286,0.017984313336070572,0.19784531958254956
0.9874242021774304,0.3631158187134252,0.27223860976243225,0.020736697013676416,0.19280757877478943
1.5024043118095862,0.29589935236638054,0.21609203182072828,0.021512019925714543,0.19755063813379928
1.6580527796449147,0.21822004968542302,0.1487217490753281,0.020685915262600434,0.22073883641096956
1.5242900469787688,0.3286045802917291,0.24747975899705518,0.018393307767476646,0.2265196445830562
1.2347333945904302,0.2232571176386049,0.15640265638173678,0.016427593850265893,0.22268653835699484
0.3761339151402641,0.24829100025765244,0.17248543570910632,0.016907498647032684,0.2297315582659447
0.3792331209755317,0.27414319570274476,0.19825462022139226,0.015040172634314161,0.23233405508775237
1.2458852708487393,0.3399000424501022,0.2512123813700683,0.015661506021827944,0.22586780263056913
0.9694720344831831,0.34734188827974977,0.2655249093836074,0.014156454662970726,0.24480273690333604
1.7478957342590442,0.4201098747083766,0.32627878921528375,0.016322648026585593,0.24225619881199545
2.6591197235502637,0.436385907925289,0.3428265600082055,0.016075814184722734,0.23946041892340664
1.836112156725924,0.43501146189481643,0.3325661521832923,0.01720310474939968,0.2410875898603016
2.31051373699413,0.4360023025871124,0.3299575397935729,0.01880839401666925,0.24516586214164635
3.2815690919417864,0.41378688815044373,0.3089256869011608,0.01820997612628452,0.24966825903816214
3.21143609369811,0.4312041452435297,0.32649698970242225,0.0158660248009028,0.2568340717601804
2.239116632120707,0.38996201280420456,0.29170202846118787,0.01665864117456286,0.26639125122718327
2.9739312194840433,0.40369407241393324,0.3152562443377662,0.01764143398543843,0.2684781997394289
1.6559196914712584,0.3755880206675042,0.28810978883030175,0.017949492682054466,0.2720248236651853
1.7434324703824853,0.41727076793714557,0.3160773076652056,0.017884084918745508,0.2583961842019812
1.7743181690252126,0.4355719118459547,0.33531679058918745,0.019507760038677723,0.2511923013729025
7.152881919126648,0.44616812549509177,0.3560875730448373,0.019409611324306787,0.2454725842258818
2.5335941995765245,0.4834126540037149,0.37484360031426384,0.018716711598038994,0.24846615414963819
2.8154730078847052,0.49474889873221445,0.3836280518885608,0.02013378003702645,0.24348517718907534
2.471788507318262,0.4711189429108782,0.3603033565400868,0.019926125794223825,0.243068232213058
2.7099108144898207,0.46502839809512736,0.3524551407548698,0.02110542405632064,0.2387613008743326
1.6100960651395022,0.4348761102876096,0.3308439050573333,0.021042915822260897,0.23650253567226756
2.078510473190279,0.43088128986369545,0.3213285411743478,0.023665874603728862,0.2438195344798971
0.7510293846856666,0.3488920832121609,0.2562325257128908,0.02361700387360533,0.23004946975671753
1.0343155285585408,0.34025292251656764,0.24367671351458256,0.024371039788228792,0.24612838808810758
0.7821603178260743,0.3628074110829595,0.2647170084256091,0.025994607710335214,0.21751025111192465
0.721343903360991,0.2731308677784412,0.18406719791892523,0.025669154611410932,0.2293740419889976
0.33554483201306706,0.19967580664606532,0.12201927899890322,0.02614844257391782,0.22379423840613077
0.4849314228457221,0.18485317559149353,0.10894378925604561,0.026999339366326265,0.2224786003264071
0.3536086365547054,0.24972344879884048,0.16806466592229738,0.024500257159764526,0.21793984761691365
0.33367190745430136,0.2535533230267728,0.17249681613438975,0.022712704626299037,0.2261617341950231
0.4831030943737247,0.2261465357047925,0.15448553601957002,0.018271444203767563,0.22204303352422433
1.0219271594569341,0.2863791516965647,0.20057235960511313,0.019812109831169142,0.23109804550996563
0.6884351926361926,0.29207174968303623,0.2075217893491011,0.019078164911439145,0.25124484974979033
1.0433833363357592,0.29307586077213743,0.2159137705707292,0.017885753835351056,0.2605490242957596
0.3943557341560826,0.25783484280064695,0.18209622564415717,0.017881988171267772,0.27983548843980577
0.6883856996777654,0.32100720028528906,0.23765652803366888,0.018592657255491373,0.2916590752394915
1.0902407152056959,0.3524477000480395,0.2622176954587404,0.01633781051196231,0.282242596546802
1.4905382697131437,0.36819537721844997,0.27481139162875307,0.01632013903637766,0.2693775267809565
0.8390468474435722,0.3157066851217475,0.23846655517327386,0.013919838816681115,0.24271105779861712
1.9857691618799374,0.3549121365076986,0.26671754735919945,0.011429095189527231,0.24256902313218756
0.686942052502371,0.3392635427296048,0.2536449897497428,0.01541105385830872,0.2633706545421155
1.102846517605097,0.3147264125526179,0.23044502182232185,0.014657053381310825,0.2748612413285162
1.0638104695306174,0.329443344744665,0.24436076296833606,0.013851189344260063,0.274165007821277
1.5699036944333056,0.32121089882703713,0.2362284229172065,0.013344573095584754,0.263113588639874
1.6312776195124883,0.2937977608923411,0.21224655858206282,0.013112682627170984,0.259392504518832
0.5566615099767876,0.30826404744650143,0.22855991827490946,0.01327669978339861,0.2840599636265058
0.6398919756414679,0.30991616198122074,0.23579706828186878,0.010493822086225003,0.2606268458508419
0.8468893495288192,0.30483894024915786,0.2313275096124565,0.011743100992624267,0.2540459066322713
1.2893684946251376,0.2825002573394607,0.20791357539385757,0.00815608955038857,0.27372475841140514
0.8578084368551906,0.3278751219529778,0.2492335575598723,0.008305721324600153,0.2623831035716705
0.39462168660444247,0.26979534888011814,0.20026765640588348,0.008302009141775913,0.268859355930398
0.7430928261457564,0.30949666159601275,0.23382026930175626,0.007870061327388867,0.27754901518640374
0.41377991835621425,0.283544765105404,0.21200523383803654,0.009023993606452903,0.2846296101857893
1.0167719843848815,0.27321080651084295,0.20353682426701786,0.012762990412244367,0.2974712506755679
1.2212231757792684,0.2982894780525163,0.2158550863331792,0.014432708984662987,0.30873209775731836
0.5926717194412934,0.1921243048756512,0.13133918829654231,0.011495148132856426,0.3195242728930611
0.3295321556320416,0.18172732850973636,0.11761388854292922,0.014222346028064277,0.31939862551028203
0.38000392975402714,0.15414643836723868,0.08684907109109564,0.017986980837553092,0.3176805483070174
0.3662606027537921,0.16217881406796095,0.09985683704803383,0.014665483026925325,0.315036665443488
2.0611206811300837,0.0549090197901788,0.0069520677986325274,0.014162830501027648,0.2976956613964027
1.3590259816277723,0.05311839481359899,0.006281630272936645,0.011668712071353601,0.2876400679933908
0.5064719455310823,0.05423082756795995,0.0034138007564192916,0.012715023332422458,0.3049140914421839
1.9684244727565428,0.1536456512736487,0.09823951500880394,0.013518106391844534,0.30861522162771554
1.907845339031317,0.2167793565841309,0.14315118270266933,0.013625790262481681,0.310029891702163
1.7859364132240163,0.22638822432713254,0.15435385553189732,0.011136259519756674,0.31637707332150977
0.30691401207327407,0.22246175036371674,0.15707848432259922,0.010563087151998154,0.32848844121776233
0.9958663349673369,0.18984388375545297,0.1337475752307566,0.008406985697130758,0.32417861439102447
0.3328375515239018,0.08873839262534346,0.03762022855178454,0.008556988143362521,0.3187890906334127
0.6370505742106791,0.05627530965463533,0.007488092486085021,0.006397296779919124,0.3353955122977703
0.5085383836980761,0.06272736535076505,0.015546745365005232,0.004877581965579686,0.32488710908441953
0.9403974164252139,0.048067470348663585,0.008162317426243041,0.0039318873615589,0.3303988733772784
0.4512890291746106,0.060263199713503524,0.01428907829928809,0.00419050594231411,0.33233824926982736
1.9847321003559093,0.061175973913433455,0.023053516944460957,0.0036961254942853854,0.33441661046715787
1.8433327238803772,0.046631041074537825,7.169705074176053e-05,0.002028191878455664,0.33243837262841647
0.3598780266733053,0.11371911599036641,0.06177333181056766,0.006472241998824749,0.3370631640802443
0.5222898924554901,0.07420199605129074,0.026498328704595307,0.008256042580947833,0.3330108111212715
2.6185473858529917,0.0639662250046246,0.02228511821446697,0.008216336568258157,0.3318091480108518
0.30526487129373986,0.15341084604969668,0.09986751377933095,0.005757979239603476,0.31251912181817304
0.3640127227998543,0.16650910196555513,0.10983844276606075,0.006107297253436156,0.33969359475718947
1.952643715752962,0.122183839881543,0.07910777768858406,0.0038206912943858176,0.3299185419169851
2.6864417399324165,0.09474746938929285,0.054326384871153294,0.004732675392107611,0.33456974200339923
1.5568406862000614,0.11251553143591131,0.0601153411735347,0.003144075098050466,0.3236601005296432
1.4408065904182237,0.15684374500279116,0.09892482018229162,0.004809593464142096,0.3326778951691267
4.62759037232705,0.1268395287499531,0.06843270082700148,0.00408727010013157,0.3267284088662792
1.3263338423838622,0.054069992663943564,0.012415044945330717,0.006322483962435859,0.3233987583593399
0.5536104588630675,0.07025628004177116,0.019763814940587446,0.007405349674452306,0.3264256460846698
0.4706835350632089,0.14766266495378955,0.08741627056826352,0.010887203765343492,0.32148512955122954
0.3031177031413069,0.2069334373741589,0.14353559044189507,0.010375899500976924,0.3138585400820384
0.6716890254449772,0.24604059959696106,0.1826152715299763,0.008491309412832418,0.30922081604393475
0.5259034903783397,0.2556799431164883,0.18715294721543763,0.011787553815628635,0.3187473850240433
1.2262007886258464,0.2787792128044681,0.2100100430980292,0.011760985588110463,0.2892085102058891
0.3171648680365404,0.23739342941824765,0.16814966678661458,0.012443048717988679,0.2840373454206992
0.3276014546858112,0.23607496783633433,0.1658439551027381,0.014235924060268829,0.2797738207058912
2.200430855012647,0.18286451914971838,0.12559093702177207,0.01306772901175326,0.2774773958125838
0.296547541883388,0.1856214857650991,0.11773023573789985,0.017032710069780767,0.2696603968664828
0.7429549478735907,0.20325386555345434,0.13597043896491273,0.017521000714599867,0.25751787839551166
0.3998560300998258,0.20491388132755978,0.13147609572098928,0.018874818253734126,0.2582256276196118
1.4335046663163755,0.22297952407640803,0.15318084611994148,0.019973209432775967,0.2637546114860655
0.9242803064532622,0.18203824185050377,0.111823365152774,0.015917343366387914,0.2759625045647524
1.157723386754754,0.1510422694833568,0.08158655710324865,0.01765447114405476,0.2778951111841722
2.342648356172748,0.11966978792914987,0.06196119611486403,0.019526210097251723,0.29817366025675224
1.8987475701987924,0.07764348667956222,0.02208370265168519,0.019839537079214865,0.28083726536667986
0.3797263013259972,0.07581918605827125,0.012753430361690214,0.020780053701064474,0.2769340206425829
0.6922081826828228,0.07138376472018587,0.013957859943475499,0.019002365445987247,0.2630038743726705
0.5825565186436005,0.1397296987232719,0.07579524910779192,0.019611983626850207,0.2543364510124661
0.3406790857434344,0.07818696264970368,0.017122745615942042,0.01936811086784809,0.2706248537543915
0.35952440801203017,0.08772123178575289,0.024096180132295558,0.0219677305178559,0.25986614322732166
0.5135229137761363,0.07523924044160708,0.011004151766762348,0.02473690101311784,0.280548538542627
0.7107908871067429,0.06789346127686144,0.003883615530587463,0.02594271493514567,0.27720927042359556
0.376298191039149,0.08633783762263841,0.01801980464741033,0.02699858944685878,0.28330591826628854
0.42857592471116396,0.07807565869550931,0.010720636169206745,0.027113958537592138,0.2816779143479723
0.3919252720846569,0.11915126855401642,0.046662146358448287,0.028855934440972023,0.2875908487958231
0.7386360807858942,0.07196633347501136,0.002239970566604077,0.025907931742096914,0.2849342752156445
0.3813674404651936,0.08702774384933763,0.01845022821008233,0.027267465300524586,0.2888593227462491
0.6016390361699848,0.0999547447655006,0.03169398475871729,0.027364275577425972,0.28567844281483373
0.4738788929057378,0.16685189438876977,0.09120219363599828,0.024586654674276624,0.2633034758099693
0.34498260004254266,0.07384766570143127,0.00766270211013402,0.025091834162183205,0.24956504410964672
1.6112268297352852,0.06663949822389527,0.005229181843847548,0.025918658719190586,0.2510806465640624
0.33389877763026543,0.09443234800976563,0.025543271897315274,0.026081227209535103,0.23656395251245482
0.7403187218063794,0.09372383290446476,0.02302648288106238,0.025142051846834927,0.23405204537182242
0.39646365713880355,0.0680347849177379,0.00398820005225603,0.024216099588594178,0.2420235596244908
0.324289784238801,0.1467996479990777,0.0770751627942697,0.021749760877949963,0.24423033724661428
1.3004339741629916,0.18986331968525605,0.11123722872893727,0.022720601947337302,0.23395526681007225
1.0068679968697394,0.2304742360039129,0.15411917274021175,0.024650008437665464,0.2494535438952725
0.4080703857929854,0.26711399450944373,0.18273168144804044,0.023359802007155928,0.23022198644051528
1.8376965577179696,0.3436790664696656,0.2559583146396891,0.023775616279098688,0.21992377126293347
1.1009186969866682,0.3946344161651199,0.29772049347054963,0.020634005952606758,0.2170674221756362
1.0282916643760855,0.31640748386252593,0.2363826138392705,0.017437555796100266,0.20500079511782743
0.660998619163073,0.30875215377029214,0.225476480530596,0.020198466027435094,0.1901284022370677
0.7182575915374796,0.3500167638065108,0.25731929937750503,0.021544166379766017,0.19111472674825147
2.5621982996835704,0.26855634247301574,0.19540718580607563,0.02045407649470822,0.1885263792739865
0.546466635097005,0.25160795050287,0.16986287249272955,0.021382246293305117,0.1806204469412299
0.5010418007147703,0.17589390565587537,0.10326617749031555,0.020445998594908338,0.19534457490966006
0.49852978681006954,0.15493870367470292,0.08478950079218639,0.020031332737163697,0.19544837756397027
1.4870105260115163,0.20211691397288334,0.12619537150783772,0.018268000554099797,0.1802804965094802
1.8721407236947567,0.17999295753385441,0.11792648372741331,0.017523759666809104,0.18335041994414317
0.6231544845340796,0.21611703292872758,0.14389235883536644,0.020646756491279852,0.19941420275633207
0.4387566549801633,0.2060863906929311,0.1359683747833082,0.01865177888923382,0.20180197308069814
1.0902367022615878,0.2399645598148963,0.1699849259703312,0.01728722058606608,0.177005299634362
1.174884550382134,0.19426673369496233,0.11810609347060597,0.020003619645514326,0.1781830829103399
0.4454927009827528,0.2574061167704252,0.1765072266400065,0.020486467342363153,0.1744780371718896
0.47511073628395956,0.29169879742067645,0.2056053310021918,0.02200407339583524,0.18594341837272138
0.6240197536759523,0.3100201651950581,0.22321733088413603,0.01971960792071725,0.1866097796720195
0.9053511023393696,0.23997249151323174,0.1662817436237762,0.020485509231788653,0.18103460926037887
0.3261613744989827,0.17952232327910847,0.10813545714642836,0.020051086097529012,0.1774177046116811
0.4438343705853135,0.2935961739387711,0.20896851874734007,0.021916949682604617,0.1463443628897771
0.7787557634031579,0.12388721732503893,0.052806778074571264,0.022768046864398483,0.14471215705601184
0.8827012989369296,0.10703637938384046,0.04516791455266776,0.021373120728485073,0.13789495886190953
0.43932017736447276,0.11558373598790271,0.04650412143836008,0.02292525100923769,0.14493397104064057
0.5625459208803897,0.16287166363639521,0.09195684774881523,0.024396469466643513,0.12897840496191113
2.1133863282226666,0.11370846493320352,0.04145449316776947,0.022083901073962662,0.11285696533610112
3.2493645595807923,0.12565981323178474,0.06436060904966237,0.02407588767429368,0.11868557743767595
2.051467126536572,0.1407995172646224,0.07631723647161405,0.023917800714409566,0.11195635838457885
0.5395700791609043,0.19323585060738513,0.12190759011704663,0.02169408011121035,0.09951686761361825
0.7118116147573238,0.21741200855998566,0.14451188553268696,0.02143562459015927,0.08775879615838074
0.3108158074876761,0.14078615535060005,0.07011019676515991,0.023500531508662003,0.0813734147327368
0.6582174860120968,0.1988855730908035,0.121737304819397,0.021843409812689178,0.05938244939983137
0.35168239900463844,0.22906369722350278,0.1523598477824488,0.019892802392085376,0.04676043809746032
0.38473280362868434,0.164223143491818,0.09836090391895147,0.01806598452733736,0.04785187588877095
0.44427236646833007,0.07387716195155708,0.012752908827244377,0.021212908503530276,0.043894735442342875
3.05835158657702,0.06333984659834248,0.009314739497395124,0.021301362019170468,0.028131271619806095
0.3438713425726581,0.0651380971767263,0.0014434687269343771,0.022903796866764428,0.0255276997423173
0.5568717961141317,0.09928887391647892,0.03547324214716035,0.02263103667027954,0.04386063218711513
0.42007314785692706,0.13185861944665872,0.0682179769530767,0.019009563237091114,0.059093012810707835
2.2931463506249563,0.10157306565145101,0.05047822079969562,0.014191826260969076,0.0624904541385725
4.2827651175055275,0.11466539257116798,0.06587778375510417,0.01387561082253982,0.06058334066032496
1.1326377123314035,0.05984622582107687,0.0015357229231295483,0.014196533787593115,0.04334627016334121
0.6948363916437673,0.06416687743292045,0.012950393550027464,0.01326571572673858,0.05800848512747578
0.36246277254796916,0.13320419495600475,0.0732473110758144,0.012630950368962533,0.05539924536464521
1.1434456632407586,0.09608554363382771,0.03644590782532565,0.01263812526812328,0.04516115193802185
1.467734679537008,0.07486523685204054,0.014986660935628771,0.01390931740750994,0.03281759713698491
0.938097820474962,0.06779737502145236,0.007855085288557082,0.015701453845013688,0.021073079953242528
0.7945065946360944,0.11086705076486209,0.047887358826933735,0.0156511918822748,0.05158298708232386
0.8350109216814389,0.18101818085447868,0.11057549987229054,0.016359354692995078,0.04930867039287369
0.6613898852876507,0.19574481042603914,0.1330278942530258,0.01321887612775729,0.031229158483964917
0.3692325370619872,0.16979396901188487,0.10679236645389975,0.014526929860026672,0.03410839292661077
0.33747360236899565,0.18281094615844182,0.11654036770496844,0.014298034021942404,0.04457072410935013
2.0175919921908685,0.37248845208430187,0.29048000181346817,0.013594465287644667,0.052374067985729855
2.0050692322388635,0.4092499797930886,0.3204323594561377,0.014046817857314667,0.05976392350946477
0.7339000597712904,0.34882643702783916,0.26449709394140997,0.013270086697789405,0.06747644012903514
1.0654472535292128,0.3270734203276126,0.24453856852405798,0.011430819382021298,0.07595475335444092
0.5595286922643476,0.2664189731066901,0.19417493808625838,0.009999838377592343,0.07898804143942321
0.31198251433065094,0.1728129363689805,0.11418423889191717,0.007982491838236933,0.06762496239908718
2.6548243727935548,0.2123521032187439,0.14384934389864407,0.0077154617899881294,0.08664905543953899
1.710978783378731,0.3740471968215021,0.28460326415873505,0.010887494502172582,0.1024826726466073
0.8402708356726087,0.35563348181194654,0.2721761126357287,0.010585985328857472,0.10814240711224164
1.587100246960029,0.346455703187725,0.27008696823167605,0.010902251147003729,0.12061758943947398
1.4811170047446476,0.40255878450753096,0.3108620057255138,0.010861651270227346,0.12975593943282682
1.0240948197419175,0.32672994626708424,0.2532829339272562,0.009065386166438675,0.14190750946154804
0.5426773040430813,0.22491088892678696,0.15701060357333174,0.010279466205559966,0.14722260470360185
0.6989936494100306,0.34371664594017365,0.26477331956022276,0.008575105925217088,0.14492617708802602
0.5598778798846827,0.3142904635632075,0.2375864498025819,0.00971951644193633,0.1398417040649722
1.4201971775872082,0.3434256472669839,0.26915643522228944,0.008734640457558077,0.1450513956471733
2.4281130561478563,0.3093311491644872,0.24302488605257885,0.008004051252442202,0.14860595125946602
1.556056846602124,0.3037695425626224,0.23692404638676115,0.007333426533702858,0.16842855395877132
1.044934416247404,0.34836105169904513,0.27533412560510717,0.005203502210322038,0.1393214113490074
0.4504993803102765,0.28533099643927295,0.21695244278130552,0.006734852100991805,0.12692840072263448
0.4731425752609587,0.29750766319764893,0.22868140839949844,0.005291541082249374,0.11972192225889032
3.285102937081444,0.25978740556832053,0.2011105508744339,0.008002694894318759,0.10884613670238268
0.5429828939793114,0.21577577994378788,0.152321569164382,0.006748822910939733,0.0980057959310849
0.8761026224901648,0.3564306000255997,0.278113947041744,0.005073734008426219,0.09126321074638023
3.2099936466076637,0.40147472242227367,0.3249694968934085,0.006058959996633549,0.0666693489416942
0.7807880703811769,0.35427765228363783,0.27682034724735544,0.0059080852655675415,0.055726891131567
1.0644225249330623,0.3079309846463475,0.2393548316705968,0.006985552082989243,0.07714829120013295
3.0829564949390793,0.3671624933450531,0.29684809890517905,0.005019577334633657,0.07055057321789915
3.1078069163187223,0.3817475928950889,0.30661574445913875,0.007685861993388915,0.0713691742790457
1.4102988684324909,0.36606774196048847,0.28253231011414875,0.0067451953879592835,0.05557965657098202
0.623832943316111,0.2950419554414769,0.22528499245011252,0.004032534949438047,0.04743464440183273
0.736046362354392,0.34812526319296094,0.2712763821375388,0.006254115847014708,0.05049873189051263
0.6427964831179086,0.3265162600063045,0.25535211754827475,0.004376209949949345,0.05399922012983514
1.1321634389274045,0.13082035896078675,0.08366963796951513,0.0052855973032283786,0.06261403656842797
1.17746683647317,0.14924274089271936,0.10079208583663678,0.005070228240623039,0.07265629525385425
0.42631035354045427,0.1606240237570132,0.10281219693545122,0.007349651670083338,0.06904323433958491
0.32001372825332375,0.1630003017595459,0.1028110587916052,0.010444710559660668,0.08835683826415658
0.6045595120623032,0.07724379549519482,0.0263926696988855,0.011570267112999223,0.08934292662289316
0.6525034856093189,0.13903669082205597,0.08572437593766162,0.00921620161111817,0.09183090447826196
0.5917770800702413,0.05854471102072725,0.0076994011710945914,0.008464275301417796,0.09672725754237571
0.7837705428091057,0.08887781539915877,0.03392520441893592,0.009510800355090533,0.10453699389078058
1.7577276980545944,0.1791000853080396,0.11366664415708128,0.009556494805568898,0.136258155138481
0.3008327182524616,0.18826059200723788,0.1243300811306317,0.012015911223150447,0.14534293991848257
0.872458407231411,0.20654508264191812,0.14384199582050808,0.012925254593447188,0.13947045976526903
1.03968508725135,0.3121721975768095,0.23478335017964988,0.015334205221144329,0.1444804879822128
1.3021208689908808,0.37674931759419794,0.29307080484774206,0.012289964469744825,0.1322661889245095
1.5845508837874123,0.41730852591631556,0.32389116043850436,0.010855299480020418,0.1365632254957803
2.228121733402113,0.45893150077221373,0.3624790799313913,0.01177576321636647,0.14261720038974465
2.170944508057785,0.39994042206484337,0.31392505160666745,0.013633986483382966,0.16410957061664339
2.92418432461531,0.30392142009038703,0.217501731027693,0.014569249121107705,0.1560459566979978
6.955454716639027,0.18965502897429481,0.13809782188927774,0.01323845250808133,0.16470945950553367
0.48995335966265696,0.1915183422972449,0.12461081080848158,0.01309453114000864,0.17582554830624003
2.5955111472637165,0.21941089044776452,0.14572008024731525,0.012293942099206354,0.15393549395201395
0.8577926700420673,0.10674261926196371,0.053809833890441625,0.012338502956564332,0.1573729916660314
0.7234694090385599,0.06931867220624105,0.01410458866543221,0.01704119041263037,0.18372991589476154
0.3797683253880826,0.14523011897461086,0.07843302681955205,0.018303538497660577,0.17351456481073305
0.34232003956607093,0.16832066005818053,0.0996289827031754,0.01827758475868999,0.17600755015287944
0.35590759933222654,0.11424669897823556,0.051965520118208625,0.018584542206044528,0.192059619185353
0.3714877408128234,0.172568516735126,0.10558728689323452,0.01840970394372071,0.2121474905924963
0.8695756790484765,0.1326978383782741,0.06094920633680609,0.022403404638971145,0.2040286922580668
0.4590456797058414,0.18758730953742894,0.11269449373426246,0.021771250115576964,0.2108071353294957
0.29359528255880274,0.19217059005518236,0.11833597993468822,0.02198840468540394,0.19849424715803973
0.3208471182967256,0.11862027343516153,0.05133591032086561,0.022255724273293094,0.20316211433398715
2.34908012635074,0.1350909524007946,0.059525151385063216,0.0232130701954193,0.20364589369820854
0.7074113371458784,0.17424920429978238,0.09805610744109834,0.023390117678316096,0.191374327046347
0.7237633580927904,0.2472479504857419,0.16364275737532152,0.023028601219184833,0.19736784937012294
0.6549104852789647,0.20253386520248667,0.12309388226218332,0.02394138110212597,0.19414410422236594
1.7961933314737257,0.09186292214199186,0.021610156206210013,0.022463138637142187,0.2056032137151774
0.8461368781982179,0.167329686439449,0.09448439578715453,0.02026745243886566,0.20796467238996408
2.5462243749889777,0.1474125395317776,0.07404076699566058,0.019576161691020635,0.23024833164397981
1.7901901782485696,0.2504869915908012,0.1803411003462912,0.018006268887621035,0.20824314997733281
0.7744349293701005,0.23462097981027027,0.15815236182354714,0.017023693004801572,0.19699417710676878
2.2101593167461777,0.2128220696888954,0.1530165482762071,0.012553120153273494,0.18326018990799375
0.34945362943796365,0.21342154082267276,0.14826105603046355,0.012085925393302627,0.16590462293661404
4.050819877427835,0.2739183069822925,0.19280131654728253,0.011592563144158203,0.16152011287677698
1.3111487986062755,0.32247956874260925,0.2450694767471337,0.014812017532225023,0.18702540617168315
2.1273923141127105,0.39487729967308244,0.3090354371337487,0.014270105070660859,0.19684798958395083
1.744987823014822,0.40296823759958356,0.31137518815233206,0.017481309287386032,0.2070499472436475
1.442718220952644,0.40101802101911,0.30124221827933556,0.019331148273080506,0.20688105286024325
1.2910318763937148,0.40202698896281036,0.30338360129109154,0.019016966994255226,0.21202460749318106
1.8111991875753888,0.3941962462558059,0.304621479275189,0.017277756240659952,0.20597042892207104
2.0501802018277253,0.38515744084524733,0.2881563070266571,0.016380740114119198,0.19698663429228525
0.7412997920733131,0.26628887224681014,0.18631601039058923,0.01711806940616891,0.19775232303711962
0.8630636405879756,0.349237307525479,0.2636545494626053,0.017059601308756202,0.20673463620707977
0.5532825636415742,0.321245632990058,0.23658892470682147,0.017400261387434737,0.18821577652593607
0.32491681649986787,0.23070944712491392,0.15774890890356547,0.01645483537943055,0.19716192668885452
1.449426909615905,0.25213239623797346,0.17284418076766636,0.016161663358535923,0.20288868960947765
0.36239190455230874,0.24231522305042796,0.1704162819659639,0.01559722373671836,0.18516426279341097
0.4108812937317151,0.27999845657614725,0.2023439827480756,0.01662067087801676,0.1733121236766841
0.8607620042772152,0.28562509084897547,0.2133639872851127,0.013165823097752735,0.1779575700193198
0.4812304302664383,0.20617049421174594,0.1435404576090457,0.011300857855760443,0.19597848473985638
0.3647877012932051,0.25765058302486743,0.18502683328365285,0.014258283732999196,0.20155356785396975
1.0307390250607857,0.12979961986241859,0.06756798790391769,0.012627697592211287,0.202981531637706
0.42783464940471383,0.08963347276006331,0.035142667701594674,0.010562008841541813,0.19616440790281173
0.3401720822521392,0.15323624677868763,0.09911454997708771,0.0069219646060139795,0.20414021407619104
2.26152328307686,0.11806665270463465,0.05870391552932583,0.00852533862996929,0.20546572171917019
0.506580212003463,0.0654213674896777,0.018570913877336462,0.007943275174574944,0.21719689742508927
0.9544813732293346,0.11260938493676859,0.05723737445419509,0.007448837412127358,0.24941506230362795
0.3713631460564666,0.10502510766752385,0.054834585859543136,0.0073330001612856525,0.2316831681694185
0.5008765253264796,0.056362350017396375,0.010133222066070494,0.007927932124140114,0.2277734323066781
1.5239438102995955,0.1337915160013028,0.08723353869371196,0.0054166056122334,0.2278699173261197
0.4954346883995439,0.17036951391515626,0.1172873416656591,0.005381191089041683,0.20183039666794025
0.31577849726698587,0.13847167092508247,0.08642903747800568,0.004810248278729217,0.2153912480822215
0.33267586311436814,0.16014964185260994,0.10427976954099022,0.006239746164810726,0.22848678450170018
0.889598520897514,0.19140631916250198,0.13703490404741459,0.006155203416176042,0.21908720049127067
1.168745720807466,0.22321448451089204,0.1614659701706881,0.002271729776600573,0.23480686261315042
1.007253675290137,0.2659073647856051,0.19769689077552832,0.004365001217133062,0.24744180282433548
2.246980851295538,0.2111152002446662,0.1616172387492775,0.002366759928603113,0.2536528885347603
1.0168514384312204,0.11362350994815616,0.07159792926282518,0.0012908326244789863,0.23871861431382496
0.33687624607927463,0.09205023490161739,0.046137890509093386,0.002718342192326474,0.2511157924516665
0.8149475285779665,0.1625950505809974,0.11682209691639572,6.364086342568534e-05,0.2581246207939498
0.39745559302953587,0.21333704723644026,0.15549580797204182,0.002175141284286137,0.25784318855450694
0.5103509066227598,0.22120786401896086,0.16113647799380973,0.0029234948125768183,0.2789124837658962
0.29856614776498713,0.20885655324758992,0.1516237953011261,0.0033487566434304227,0.28695901569750637
0.5303953742705347,0.2351947122326769,0.17648879753037303,0.004301003365006549,0.27717667855790695
0.6107571393750426,0.28126838751948086,0.21330492926465897,0.0038196620860196234,0.2636562422480464
1.0201255132802016,0.33102801647919183,0.26082000622404755,0.005095688689704711,0.26057983212579006
0.5899544874953738,0.2944980311812098,0.22420419609976938,0.004872024980104109,0.24982581915817553
1.2814312759167805,0.40122557723510843,0.3166947997308255,0.005200247264834892,0.2322600327171391
1.1501666250375437,0.39134585471124145,0.3103899804636349,0.0033487651310100605,0.23028719689184576
0.941536876214528,0.3584479260640712,0.2847455634935976,0.003460959717229774,0.21690041101203436
0.9117638872084279,0.32099341279550386,0.2462834865311464,0.004848407730781355,0.24965526989372688
0.6067134107042795,0.2971159199398406,0.23150859541264238,0.0034913055966819878,0.2546921603231543
0.38141628082900053,0.24747836100127935,0.18357276877441947,0.004892577938890592,0.25506915322075624
0.617525780260902,0.32309293308546627,0.251081101775757,0.005772518949119023,0.2431639185153382
0.8861833138916647,0.27980007856150435,0.21060553244470517,0.004113768663334693,0.24586883115902697
1.333602640048607,0.3136599709712098,0.23714807798116905,0.006218004665863731,0.2620828493134245
0.7056600341943778,0.34573542499557985,0.2660046289863298,0.009190769871271952,0.26652254957622773
1.008875169529342,0.29297801682890634,0.22577372810461344,0.007579527919411199,0.2883584865814172
0.3647781308553248,0.23899280676865117,0.1714653562318268,0.009602130394036342,0.2739899387491864
0.5775132921669865,0.22494058384090873,0.16004096058803544,0.007108457454343327,0.27411032495403137
1.1194698141763717,0.2432184829966182,0.1779991063154711,0.003654643694968971,0.2529827872664013
1.4412347644179702,0.30576258101460785,0.23367993077973523,0.0024044969123073034,0.235722070115414
0.6362688320460139,0.32259054458937886,0.25258606672034656,0.0039890961395256,0.2459403058070051
0.6092037275146798,0.3153484907502263,0.24422930418769043,0.006217748367929561,0.2524715729635804
0.6607807398977714,0.2362996597183002,0.17606992965160673,0.006337992078990919,0.23668366667550375
1.096590491841603,0.19507231408320597,0.13991724748073214,0.0071967888087107815,0.25232347747274186
0.8371748187895329,0.15778293724770381,0.10033876950066248,0.00565950601719863,0.2760090644425585
0.500305890887851,0.0859326079419132,0.03926629252141846,0.0062121357123473275,0.26957441692939477
0.3749316504024927,0.081785651979388,0.03139387344076093,0.007554579794842955,0.2767286688516102
0.6365424722821136,0.06937185811474263,0.02125864341337646,0.009565779602657531,0.2758759462701744
0.381267428735278,0.07729247452285379,0.02189664445912305,0.014729873508445894,0.2723170583612433
0.4710381122838775,0.10911104792772425,0.04901731657612676,0.014283689193253794,0.2818699971058442
1.3851818597806451,0.07921586466087704,0.02879734899652481,0.013436202735570826,0.2779393625092361
0.4851978365896588,0.05862430115745269,0.002501940188609327,0.014309324655095462,0.2619640684533477
0.7732886180048227,0.053917206666180516,0.002152335252732361,0.01486636036683786,0.24122330993859203
1.8394196176525273,0.06360937697925,0.00569931191779916,0.012189518060361719,0.22043202965967604
0.5961876828247954,0.16452304671950418,0.10317772427617344,0.014785327011788625,0.2275729796450348
0.4906419740336679,0.23006004765741395,0.1583935890183563,0.013834461064869841,0.24161476699455592
0.9257368767969741,0.31164459986088616,0.23301102371838517,0.016330176222905793,0.2313126741736095
0.6340863288053502,0.26820023284836403,0.19435063197666916,0.016165884911871587,0.247112653728194
0.42002507644464704,0.23709070811872307,0.16318597222744502,0.018869266432200583,0.2445317118831941
0.3606867471107546,0.25847878466065,0.176445911973088,0.022423407874150474,0.24095775694121527
1.0884271222778494,0.21147338415826755,0.1402548131175616,0.021750707970415832,0.2533043594256954
1.8658312555362566,0.16531456719727528,0.09977504429016804,0.02245773607062327,0.24369735582520294
0.6367484181465072,0.1318388706216626,0.06611976430783681,0.022327775759903024,0.23402215203556884
0.7534297623213938,0.1693241937850875,0.09735234675816232,0.019479975018086494,0.23555136894110312
1.084354329461199,0.13236579343716712,0.0714550589284352,0.01892397079103401,0.23793008614329447
0.3385545950914871,0.08009487558061505,0.022742204880440146,0.015548171433651373,0.24725506996951385
0.5903339652404677,0.11829909785012056,0.061186025193906236,0.014599172109285286,0.24178713509628702
0.3784942921722517,0.08492978474577503,0.027436037896890877,0.01625158316815034,0.23149551968607013
0.5544819995178446,0.11706973434027929,0.057344611339911034,0.017162931831246023,0.23348124159324435
2.2120547477235295,0.10397739325303065,0.05054290898035855,0.016254138011476727,0.2256304480843482
2.524348614768099,0.11910772738157094,0.06835780449138822,0.012864568684305654,0.21739139055833112
0.564429815759161,0.12781862673785338,0.0721950714321106,0.012166679125532688,0.19508351946308927
2.5469987719775973,0.18119687760160036,0.11089695908206215,0.01308445554484232,0.2097808694981211
0.7320460534721217,0.09645681703271618,0.0381340817718009,0.01246314109256635,0.19936241081496583
0.3398397391851772,0.09426662772066725,0.04125149486707201,0.009618748004762454,0.1803241985907679
1.429768662569092,0.11931498717060054,0.06080244922951099,0.008934694401030879,0.15325396837597915
0.6163356257811288,0.10909959482895978,0.05269229837510368,0.009855781206862485,0.13149429982651162
0.5848702803033965,0.07941894793222781,0.027839549339813353,0.012054867929901552,0.1204461050833893
0.34476378782984757,0.07179953310228265,0.020549242171457652,0.01032046259681571,0.1358854868562325
0.45762820369043394,0.09567559198776543,0.03931142194652293,0.011733133692744837,0.14503853601093616
0.8900058573702441,0.07455613258946073,0.016368982868772988,0.013607566082220654,0.16167489931527232
0.6245682714433798,0.06095185828099858,0.0035259390499521436,0.014768383228763535,0.16968391986661766
0.5696940199745238,0.07622505798410772,0.020033521294669475,0.016859811568060094,0.17567119741533072
0.3517316875726133,0.09995340530394714,0.042017748560130894,0.01524529984732897,0.16316114106968477
1.9956897108489846,0.0958172464330779,0.04198815828701397,0.016872148968218495,0.15085004752708603
1.8600639419427596,0.08746881617566962,0.023506536201221832,0.016365281187970378,0.15070777881098307
0.5459618020720026,0.09964294033533706,0.04099606735750347,0.013234362160018099,0.15686250972746774
0.49929469708346075,0.07447051424812141,0.02012487367179587,0.014763993960335682,0.17244451201190097
0.8853448045880028,0.05297520826016873,0.0015025566498384768,0.01501403894475497,0.1760134642078683
0.45584197294640316,0.09726522300530688,0.03745490304550909,0.018268975317981096,0.16541816191814324
0.4362465027660823,0.15579523318263722,0.0921366613533322,0.017083176258961844,0.16664731779048877
0.6083790965146242,0.17218921434840012,0.10355232240518801,0.016300649608849346,0.17166356522758236
0.30820634653452983,0.13937147212976136,0.07366361456008826,0.018872786024776527,0.16153285981416013
0.6617366073599925,0.14550019999434616,0.08241200070894218,0.0185463463596672,0.1572091369542836
0.510958378175296,0.16035183288674174,0.0894703835018184,0.020150544922166003,0.14360284891725916
1.8061110300085585,0.20549552672942112,0.12636830171285945,0.02054470780929917,0.15111322171776603
0.41553968903753524,0.1120834051405866,0.04964101926786933,0.019452226315424568,0.12901668477369785
0.32953638118371803,0.13125625858108958,0.0641184184643351,0.02052001759341898,0.12518826997047702
0.6685457714077229,0.2490295810358144,0.16879868186674907,0.025077239423855435,0.1101405434221356
0.7248457942296158,0.283643514458899,0.1905135401995186,0.02844337920327531,0.11127334006906153
1.7315766932388865,0.27726205081782207,0.18279802161595143,0.02793979751046746,0.1235065172475227
1.3896981342834793,0.2369938428522648,0.1582025213573048,0.027324544454650535,0.13384501459470013
1.6436445337764087,0.2226260677339605,0.1364355777507469,0.026096639986481283,0.1413634511024154
1.9279864522393515,0.1545774173222059,0.08711794487790345,0.025430904387390204,0.1092690502245984
1.4710794485992829,0.1922767493626501,0.1104667071848123,0.025250887842795295,0.12148891403569584
1.5250802211582648,0.16160531718317533,0.0834336790686089,0.02457628934984655,0.10666171824699114
2.082851981971683,0.20263666829251245,0.12024022417949597,0.023647449566469584,0.09969725567501553
1.781114516621517,0.2389999089167778,0.16330117168901997,0.024835703015804445,0.10762074020775507
1.1249246907574864,0.30270237757519697,0.2165645124085741,0.02583086608558648,0.11453041586193825
0.7440520790893409,0.32010451545109864,0.22311403821793682,0.02816627448480035,0.1039555750848009
0.8647875000445019,0.3334581268591448,0.24109801171181522,0.02663320512637051,0.12787270439373163
1.1222393712319945,0.38346959167940087,0.2840863384382285,0.026161290150203607,0.12374880840748734
2.07345293595292,0.34065547063630647,0.23646251700738039,0.029296456688380393,0.15509299443792376
0.8807851490203426,0.18237664768351394,0.10537402107675292,0.02990858528519896,0.16907955106534994
1.2237884467676028,0.15365417408202245,0.07891938031883641,0.03132572572937848,0.17857458903654427
0.48062623554593364,0.17413624517653095,0.09438024577480474,0.03184574022046283,0.14501765305578362
3.639568500844044,0.17727331204615399,0.10454699125352604,0.03156629445946489,0.15823196025464284
2.820143438099679,0.1731735234621315,0.08553058326931083,0.031060265441076856,0.15010870920040856
0.5247659612732409,0.1986014288275551,0.1125740919852505,0.03150905676354196,0.14064719445072482
1.1350825167752063,0.2727624386615557,0.17739135923188293,0.030727006161686183,0.13694967259512147
1.5314018126957465,0.3250667058043289,0.22315597917546867,0.03007966691424769,0.14764519418795394
0.48643836198657353,0.31161607078312575,0.21459937713527008,0.03164302268810486,0.1387738763332493
1.403778966501205,0.2759419710407268,0.190394738153783,0.029552712423151592,0.11960589660117958
0.6458620782077463,0.337343460856173,0.2376297680938202,0.030073837309960837,0.13613195258777053
0.7112138128571605,0.3279604270035987,0.22996438739249678,0.02855511005892233,0.10749066890004777
5.3501530314216215,0.3908587486270548,0.2745583438257481,0.030152634773070452,0.13337545154742186
0.7491949169369907,0.3333166364979026,0.23652263486853423,0.03049498034771006,0.11657418905080333
0.5006461537495608,0.3045958883263659,0.2109846862331054,0.02994134077577323,0.10822984513261516
0.5384410525465955,0.275042440130626,0.18875408298382246,0.02726184479377205,0.11397702978773086
0.7172079119075208,0.24337461616485961,0.15327088487053847,0.029977813022877428,0.11695888845365345
1.2190687508982332,0.30887684418323125,0.21710357256001836,0.031016239463694396,0.1163609664178495
0.7081833108572118,0.30753876527779483,0.2107350445722134,0.02955147156956407,0.11747998402389741
1.51682790485792,0.28418089463043816,0.18797068178792523,0.029314324784668562,0.1284769847623486
1.0214723861787338,0.2911990923654717,0.20269141686742492,0.02944169360296181,0.10807077532345312
0.33509595316527785,0.2213661421510043,0.13846183326255268,0.02721980044069489,0.11323021878446675
0.8631145564714212,0.2345428972191162,0.15466245369725332,0.027170639891562945,0.11842253604529923
0.3757692814256332,0.14890693359968232,0.07441484981715822,0.02568701001622741,0.09739000114802648
0.38147033306452827,0.12977605189970354,0.057801105430435776,0.027255797939247765,0.06787328624275667
1.4160077576505659,0.09065183907269059,0.027691861828533948,0.025172272627516895,0.0720848021555527
0.6715026810872562,0.07536264469829754,0.008705664778378738,0.027840415843781673,0.08329241442664663
0.3373062200035711,0.11066457074828201,0.038258398520981764,0.02766798115273141,0.10264245472045902
0.44044762125274617,0.1587639996590455,0.08710147284945516,0.024827695813789533,0.07808167472919095
0.616160741401314,0.2464703833932671,0.16685490697285704,0.02446194395080262,0.07755333594583684
0.41442089952890854,0.23430707753017888,0.15223671144955103,0.02422716625665464,0.06773669725255958
0.3810780403177552,0.21060802684311886,0.1314943162123896,0.0239921845257397,0.06618139444122756
2.538789472972693,0.27449795566935903,0.19758728997070532,0.023344730726944665,0.07517241371689663
2.987034492627643,0.2719654738006492,0.1777720843504749,0.026202808560924284,0.059121140784014696
0.4854252145964634,0.23042741551862259,0.14925176497682896,0.027205941921582034,0.057117526609458034
0.552398237776855,0.22677820431302081,0.1451771531679875,0.02843093579601645,0.06435662598712823
0.538018513975772,0.17686465817248176,0.09553593815107764,0.028793100789784684,0.05468712488996592
0.34446820487166646,0.15947300348711893,0.08368977522213629,0.026187667762233153,0.06538052425637825
0.37349608901281356,0.20660745010511958,0.12933730048455683,0.022627458024216437,0.07442511919948676
0.43861394016552496,0.2876695046353562,0.20240995884392368,0.02334342910272492,0.08076460493469151
3.2224400741036825,0.4096775608348785,0.31471311536435376,0.023444651390862152,0.059792200184056066
1.5232551349720083,0.4228664980844497,0.3162340390731383,0.02435281490584424,0.05675400646452369
0.5327200705297975,0.2994736502500247,0.21161856171750423,0.02240553439982272,0.05630482175009096
0.5108257141232959,0.21496842180965584,0.14114880400817614,0.02168980813634166,0.06061501933331493
1.1206334806125051,0.2730684467870338,0.18677956428986348,0.021371313029560777,0.047227558321094376
0.43587795207676683,0.2900885890118193,0.20852809495845204,0.018538220717067833,0.02515313414607017
0.42412291515606154,0.28641479292392585,0.2032867781514688,0.020776271431802107,0.03471402329250624
2.613577434028435,0.2696604784365146,0.18201767810412395,0.02031558214616345,0.029475508889845556
0.815353812025449,0.3188324739328717,0.23500158175892585,0.019700050196331555,0.03754071839076571
2.503101563349025,0.3194834507165902,0.22577816186968347,0.020428800494252202,0.05127194811415122
0.8034728301483605,0.16168340393851746,0.0980748789775164,0.01801445651513934,0.044872277560113645
0.32240274451296863,0.10950806719602431,0.04458151848216563,0.020769109102759403,0.05991382097468182
0.36976444118707397,0.14029452098401235,0.07315753439164208,0.021414194433606426,0.08317622996400395
2.534782659034512,0.1337462824221614,0.07424599463108088,0.02037677884523391,0.07545438053131819
0.6046047495796707,0.15916959983739254,0.09424592529441243,0.01883620047050255,0.06298459984384439
0.3552623247320245,0.15344508421886896,0.08533887237278019,0.021065250719600023,0.05793600514371839
1.3455608119461302,0.1889082048907706,0.11935086820547626,0.02291611396304772,0.06693481279324986
0.81018333357011,0.10982751382432127,0.042293830237866495,0.020305690982883044,0.09567730282535439
0.43455810784428006,0.0877750360790471,0.023061167339629512,0.020919375802615634,0.08937508533770898
0.4763047892560969,0.15292387241968908,0.08504506094184855,0.021756281124498122,0.06301977191220458
0.3334831266177881,0.09174525579081655,0.029153871858123903,0.0200131109945088,0.08471418372170171
1.290434820109765,0.110817643749935,0.05271768206657135,0.018397431636038707,0.09637938532617617
2.6222789442905605,0.11024917873009296,0.056189874494978705,0.017057162428613843,0.09525317971245874
0.4610037912341919,0.1077847229186253,0.05037636290616158,0.015042043481317189,0.10624917036120601
1.2942050668380756,0.13966541122275047,0.07340025440173588,0.015141474198505003,0.10661474108057219
0.3809809053621678,0.18378319960025255,0.11850939559524759,0.015605130167655008,0.11323580200877857
0.482894789574494,0.20005180982375376,0.13522961143295353,0.014132862335847946,0.10679245141541
2.623374186654123,0.18233711217596132,0.11030174309485115,0.014565190698245353,0.10846725936855592
0.9757478293744896,0.18945833319573896,0.1292138834734169,0.012531301002884928,0.12433765999588195
0.3680441076920635,0.11197324253804905,0.058456954506991135,0.010081737810945172,0.13017621810171548
0.7594344764876155,0.1875667502610193,0.12381424607994497,0.00924300614840027,0.14831478239374168
0.693387113437731,0.16593407819189987,0.1107852919140845,0.008766511888659097,0.14638276473102144
0.4820249014546009,0.1992123730504543,0.13666095813734475,0.007903101184535667,0.12504964629610474
0.41807609493758136,0.17675041678570597,0.11915570526473597,0.008834987466347883,0.1211944781865349
0.3197053671812251,0.21813094906018926,0.15270396091099955,0.011394978428122985,0.1366847381293044
0.33734511376669496,0.21135957120555057,0.14539457722768134,0.011122082910113667,0.12610564351726522
0.34778813941967085,0.25644106208161643,0.18814233172816064,0.009312803461420016,0.1178415893262075
1.554216543333833,0.20268449412106912,0.14680925512287912,0.008254915138490327,0.12244898454105353
0.40308201208498784,0.22811494677704716,0.16432579615413337,0.009462565100099142,0.14012984344714685
2.1625476658201284,0.1696928091614977,0.10452495950818434,0.0095940865911823,0.1292460392374245
0.41088864556944216,0.2522925130402148,0.18555276189516204,0.009487538992386295,0.11778285509235203
0.497830770701733,0.28001896613926824,0.20707990081558514,0.00966492538561981,0.1397855383241351
1.0847365903483914,0.3407373313080859,0.26492735696117886,0.009531116759211242,0.1571283614643173
0.9076494458485156,0.30242620728237074,0.2265558391110723,0.00816827919673271,0.1767614879133839
1.6784080595677007,0.3419114652744176,0.2618342410229792,0.005486106091036615,0.20433753350539874
0.7814190143145149,0.3505312249070973,0.27479804741823033,0.003846411969578967,0.20459374087307222
0.8631602224341953,0.2881118946218958,0.21907717705074145,0.003060763716022876,0.22879611413663242
1.8161800948950169,0.27946187635672437,0.20504496792346427,0.007228882998206329,0.23299452895573894
2.6574536472408434,0.3368000265716681,0.2522283336133635,0.008850773332053464,0.23282913803037728
2.673763305086665,0.3889353517289954,0.29658256590205245,0.009855580618098847,0.2289905289469077
1.0894947875383427,0.3878849826752767,0.30287788679199995,0.00809120171404089,0.26314078116714157
1.4696481678642854,0.40144021748015424,0.32016266289862116,0.005750363750020962,0.24858914631232615
1.187500009864185,0.35793708819653286,0.28311640705576874,0.00609300129290939,0.23617092977464924
1.1194309219071457,0.38339563399573184,0.2967391199161142,0.009561514522266362,0.24086000566734916
1.35046030838128,0.40159294822874575,0.3169144267668573,0.00849012529942297,0.21856957868115948
1.9483857941699547,0.45074925970477125,0.3558181431787346,0.009104867702423181,0.22044588262423978
1.5062330850933143,0.41343088408800044,0.3301749896613949,0.005179998863839073,0.2014601632410429
2.6372600681565257,0.4795100937453736,0.384910199344132,0.0029633113591355075,0.18095233631734006
4.661824830890238,0.46637912196227194,0.3851753696448593,0.0021550500800515257,0.18261100121058688
3.699750097248543,0.5105528704342018,0.4069769697271972,0.004962088877797295,0.19178482328471685
3.3702736633596886,0.477784887699584,0.3903294767212228,0.0028608116101241842,0.18934528643572535
2.2687261420984934,0.44354539678948807,0.3534704587952435,0.002102944144152708,0.19119851015967027
1.2267213109867834,0.38935199684332095,0.3102981761733937,0.004504975188652508,0.18603989653877678
2.3957459134726498,0.3226210181061835,0.25998359870041576,0.002378385857711787,0.19860248109499068
3.1252924916188918,0.3223364136722731,0.2623986442466247,0.0010734087601789021,0.20036541402315405
1.4787345877041875,0.28029869551348796,0.21264967323478812,0.0009137160184914621,0.1928489830039932
2.1558418293879043,0.37100685325696847,0.2898822492096917,0.0017880443833697473,0.19801779799468902
1.1032462129652287,0.3551449976658072,0.2858819124612196,0.00042836464056028025,0.199952534606091
0.34848413045189475,0.24402830610228396,0.18470094529524894,0.0010364524785192331,0.19134618688226407
0.3459603730452519,0.21137760174162748,0.15773023736121877,0.0006035149000652884,0.18926370527535075
0.8923424345400328,0.2227000303815517,0.1701476392575643,0.0009549511842269238,0.20559739353079617
0.7810806611567854,0.21731005518403113,0.15938805247268817,9.86016552609601e-05,0.21546774638348362
1.3268100546011048,0.27643206566015815,0.20911677432437972,0.001384390498743203,0.22492806112328642
0.48644315003954486,0.30231602534304536,0.23725969946778208,0.0003357169187163426,0.21594384475226988
0.3200782963273368,0.21555047860732662,0.15976927733675897,0.0006542873781873253,0.21059694444670957
2.3140118167280406,0.3604105563770409,0.2887784450683831,0.005822040114800325,0.1870394692647871
0.7506564413702295,0.3447570916564189,0.27021182493515367,0.005431738149068246,0.18928825378846006
2.169472850584114,0.30979799500174887,0.24514355129281362,0.0057250227505015365,0.16931720402637238
4.5205148018662005,0.2827515610615165,0.20847072642413308,0.0030236033472623492,0.15610147391664156
3.359690982359093,0.23521180581474016,0.16780704920132122,0.0031282671879877336,0.12614867905569002
1.2733411099820586,0.22284491418761831,0.17066922432496295,0.0016611743110735982,0.12949379969927222
0.47035933314936645,0.2919244301075486,0.2238798698178065,0.005534888667902198,0.13257474936607352
0.3170214678828076,0.23199111903255795,0.1662348891157756,0.009833104715256676,0.12427489233897637
0.3274706253175185,0.1578109778431237,0.09766489198707101,0.012405626697539291,0.14177535446273895
0.34681604970027236,0.11360187919603569,0.055913639697641127,0.012406579072045674,0.12057987944374983
0.8095912135809034,0.1476980362831406,0.08514146101045533,0.01185947973304631,0.133038734731314
0.6692740900875292,0.09436241157539269,0.039061987435505506,0.015019119296835075,0.1414591973581989
1.0577279493616334,0.05711477443039819,0.006568399362625994,0.01431143677647889,0.14555706672319213
0.4058085047368074,0.17306515558425825,0.10732696096418859,0.014269649052199983,0.1386531842365259
0.3024779504850875,0.20121582595865878,0.13537899440996695,0.013415930519610538,0.1383806904819909
1.4490482514812901,0.19241108897181972,0.1288248077076109,0.016862000206424598,0.13113832892102978
0.36676967890280743,0.16051876299369874,0.09135408654513866,0.019292930291603564,0.15148437856638403
0.403286211493653,0.12353515575330606,0.056310999001731116,0.020581019952428743,0.1438600466452482
0.795980723092865,0.08254163196449324,0.017297194257990332,0.020342088610129233,0.13298469392812295
0.37301605724537545,0.10103926435199277,0.03757359475501055,0.020971332390111775,0.14314486861100578
0.6480057142065309,0.11989510569456013,0.052001543428027874,0.0203554846827043,0.13815056530027517
0.31741516826122484,0.14347067863490673,0.07571336350977934,0.021119162415015286,0.11859153632530058
0.36003221689547754,0.18156428232531768,0.10968361543119409,0.022341838178060663,0.14715697555822949
1.1328278137226604,0.10418954053439859,0.03499399045198584,0.021653767267936438,0.1677861322225909
0.4515138007618537,0.13338689238291176,0.06593224784780466,0.019578541452754294,0.13210264131282842
2.484120967179794,0.07782612523287807,0.010368670661629373,0.019711900338503497,0.12151971708867669
0.358239215104496,0.16583282893771673,0.09326777880314333,0.02222960292350431,0.1027606588680006
0.5761971622538113,0.13707025645716117,0.06967454688373972,0.02320739126174613,0.07854167641782317
0.4912201942072998,0.12452849853666306,0.05610598649830469,0.02111324874289586,0.08598648366204864
0.43046812987131794,0.07948828180459266,0.019211128202031552,0.019864888335096698,0.06626564416447092
0.5831254586809995,0.12390581494934445,0.057935107774868363,0.018235662674217022,0.0447335569907505
0.3844515119094306,0.07973144718419074,0.017664476364867655,0.019296027424980672,0.043315054099836645
0.7530328202886124,0.12435413560619976,0.05736911570167236,0.01862166486107119,0.06671885998189275
1.9686619649606347,0.09284900618335633,0.02793302392525791,0.01666114824890339,0.05370912586192275
1.7006764012208804,0.16817744117433986,0.0969247585544241,0.016583652350196813,0.06449915753400905
0.3431632270373115,0.1826807147623135,0.11554469396410265,0.015145932606841784,0.06285978545453787
0.5549362846820083,0.15537184359553805,0.0966225254822447,0.01276042024726463,0.06050337247960301
0.3645599942636172,0.11504781029120284,0.05801528337999674,0.011355062089368153,0.04019080543181279
0.33451524951966466,0.13624409137320836,0.07938822176163603,0.009501233241965135,0.022398523761044658
0.33739684392046154,0.09082535955143783,0.036347865907933034,0.012136150541257908,0.02674490683394328
0.5763522090026661,0.14515453260573294,0.0874729357152009,0.012706642720021687,0.04333527180529021
1.494178735516039,0.18123405683354943,0.12322903975032753,0.012359466909573501,0.016349062641373098
0.30455789062276767,0.16129831600536382,0.09730981594466256,0.015466287440838031,0.012643937688308468
1.7837693522161822,0.09378924713638855,0.039549117256329466,0.016945334569097747,0.009643021831965455
0.39533202911658183,0.1404246348469812,0.07507238753540767,0.017056463398278852,0.028335718346329884
0.3457267088008874,0.05937580996626421,0.0041938963897034665,0.01489877827910276,0.0320960690813298
0.3250251729288836,0.10391208698626207,0.04668029433006426,0.01362348970184367,0.03119248750968945
0.5572998953248527,0.10664838837079121,0.05373989557053193,0.01112090983208951,0.055285833468160156
0.3899365991857528,0.09360110646991945,0.03848878823497004,0.01109649059816886,0.043596588382993524
0.3714097262260732,0.07937671468430459,0.026909579930888355,0.01150221418395727,0.06551302472923673
0.41673771092467343,0.1456524689494027,0.09058187238334847,0.009168097094083706,0.032764258911358056
0.6698784808332356,0.15058416096926275,0.08850604672975951,0.011486571526304062,0.02907405086286084
0.480663427405402,0.24376367710397423,0.1772328136919658,0.01079964339693812,0.040880819154408055
0.975090275976606,0.1746428926434065,0.11958785053736563,0.008737612227524713,0.058397677318935026
1.5099869106465953,0.18119411190431062,0.12768851462326314,0.007925729006222685,0.06895212780674216
0.38430868953628744,0.10249082107267993,0.05039454549633261,0.007346477771936833,0.04694461955548461
0.7977676758999867,0.10427707198246586,0.057715100710028444,0.0059133622059277,0.051303898747806595
1.5068420234168027,0.050847027206923974,0.0005454302442877076,0.006057841476913503,0.05021576679758577
1.908793467128835,0.10096062979836523,0.0567226810215876,0.006635353446526823,0.06224369372906465
0.5107446342737286,0.08002037213483756,0.03338717604608637,0.006662033039243022,0.050833946229045565
0.44006521350707856,0.07493216866805982,0.0271472294687141,0.007750623863576841,0.045414223854480046
0.8364725870169042,0.08611820242691769,0.03517536620869448,0.005535783353780679,0.05080497419739282
0.649935054837318,0.1254643574644237,0.07584514152791363,0.006671164925431075,0.07234469505566316
1.0101600984306114,0.14152194812453392,0.08313909786050959,0.007666607219726599,0.07747824444078436
0.6384325100801218,0.11014275946353652,0.058689086052399156,0.00974942356959873,0.08009289533126998
2.2876990199998617,0.10257785763377321,0.05722629838720632,0.00834273977766433,0.07076784468638112
2.427726367641577,0.17995806768515107,0.1143735324176832,0.008561709868795534,0.0938643555387126
0.9760949310036235,0.18491667470351397,0.1234078925654766,0.014229433457816357,0.07501228288004765
0.3053220550923051,0.15329857893874843,0.09087434275391262,0.013976193395606866,0.0699076664583941
0.5115143128010854,0.25662069164191825,0.1881162453280147,0.011410516526561963,0.072563456995584
0.30956196801932995,0.17987185837618186,0.11821546349461766,0.010346727456122397,0.06160944617073037
0.6337338254980913,0.15678240149368283,0.0962117680886137,0.00953130444630822,0.06346155436219145
0.667929477338923,0.29331852374258993,0.22380889949617577,0.00833496731290476,0.07811714952211102
1.205985045737003,0.27031480466394636,0.19565463002860362,0.009811332610148436,0.08978867965493455
0.41893617564647656,0.2784605080109923,0.20670228158302822,0.010854044146595371,0.10327305487385434
0.567463908005682,0.28001838096970916,0.2080142018846946,0.012207136422346056,0.10278785593120444
0.6094630533310724,0.19310280515638295,0.12874971347273734,0.014996592163704034,0.10475676691243986
0.6788162598191807,0.2449018046040809,0.17481088059170136,0.015331296728472863,0.09921074288346078
1.1539955333924428,0.3687875417871277,0.285240543843925,0.012879383482903654,0.1123377638660668
0.9612504082186266,0.32747343565299536,0.24277616276248015,0.013973936125565464,0.1055629382973624
1.1627274446401203,0.3379139813341037,0.26167199028836,0.010673124720090766,0.09785835290742323
0.8234307020161341,0.3438504752438562,0.2646880037735754,0.010945283118972372,0.08206259279275926
1.7433563907138925,0.3978460598962947,0.3039276691671328,0.012509457550732423,0.08731128075280173
2.159578434797846,0.40311743332341277,0.317742799128852,0.012244376197861565,0.09010562367451619
2.3974499686419293,0.43604464466425025,0.3349504403599117,0.013446720957700506,0.08619274883307054
2.010976645931346,0.4513177755213925,0.3525099043303456,0.01448061478000121,0.07598287509542404
3.4813868184791907,0.42948467284865055,0.3245523868428021,0.015607299686259093,0.047281127128904255
4.244928422531555,0.4329099033437984,0.343539267700465,0.015739237250590534,0.03986813026624099
1.214330796868626,0.3519160827220347,0.26180253089132893,0.015611001216738595,0.02601331896130598
0.3648476406589307,0.24664243841408492,0.16973574003183795,0.01817756015881821,0.03840653508422678
2.6002689947965165,0.26510624615656797,0.1933079681452953,0.01934690092900944,0.038165272543874196
4.554142750716961,0.18302630828783784,0.10967457132193448,0.0136034773967617,0.04298835235557275
0.868550024548111,0.1659677414474877,0.09772050595268691,0.01559739854597783,0.07046109071840878
0.8332038716219474,0.16282065365609932,0.09514116118075795,0.015438940680788216,0.06958012963987718
0.4867188133420905,0.12440190888464306,0.06201204912134616,0.015043766367466732,0.046597094547378884
0.7045622975619996,0.14676030840425314,0.08692275338962742,0.015249769823267883,0.041091850770877535
0.5290369426446494,0.10695217461792758,0.04643716804282741,0.0145021467819801,0.041224292660960934
0.35988455150647397,0.0687964001408303,0.013005645566081955,0.014206923594109367,0.04194243895040246
0.7475462284245359,0.10872668976683095,0.0505709925548783,0.011148148190023013,0.0586762033374975
0.6147317690682392,0.1137671936558576,0.0658878425534315,0.005751489547006201,0.03270792464498368
0.49629086602396516,0.08283337544675143,0.033054976649907766,0.0059297254123022,0.025956691696213282
0.4104436396122478,0.08730827373398847,0.0379458356239104,0.00569672132094444,0.0577534442533308
1.1814539716944752,0.12067354966748507,0.06671597943733487,0.00472247726555906,0.048047557092417245
3.498905282351774,0.06050102940309651,0.007840270707100437,0.004950243631617281,0.04121786832470437
0.3387892050248566,0.12772397338260724,0.07826554096353791,0.0028527020362371504,0.028016418157184517
0.42851750493629254,0.06924666584966968,0.025409514327790705,0.004121185592485338,0.018639519767911686
5.079515714014599,0.0726446475593676,0.0160637147126165,0.00642018702524864,0.007363450554073975
7.083784007316476,0.07891587266196415,0.04302069141770462,0.007137533572551034,0.024239941419629967
8.239332799060952,0.14671482023736254,0.08149487377553621,0.006250413465868817,0.03210271868596305
6.031623715132875,0.14867360780790423,0.0845290798060136,0.006540952164172337,0.01396296618173912
0.3723511475118004,0.1309451625432865,0.07692141357097516,0.006777710092167243,0.03194867409329055
0.33592841818091285,0.1554768451594175,0.09984179217769266,0.006377469414868085,0.03400999840758927
0.3511565665460145,0.05024075243828785,0.0026808211655452857,0.007704168235533593,0.047751724848809046
1.9572069975972735,0.07181861522733705,0.0168662115589317,0.008367020087989462,0.037065286949437226
1.2336530154259229,0.10985539732474613,0.062196650296681415,0.007828878404143317,0.039088099510942366
0.3844173877317536,0.10104283501680418,0.049323603297301295,0.00926903060602579,0.02362071154377536
0.4849356808390277,0.05626651874162654,0.006682221222911219,0.007879626332310468,0.023730317863193212
0.34431267288533574,0.06868880476297293,0.0203957282450131,0.007552136328507408,0.0024146408130436905
1.030205524202805,0.10716479980869742,0.05778313994967767,0.009211238242251302,0.005890512342807077
4.3824509691395575,0.08401678921879088,0.04127885634054691,0.010354201546685187,0.0016541421355549734
0.9543331180528788,0.09165658281574529,0.03378152116001458,0.011669607409116892,0.0010394149912117785
0.8111082975761573,0.06492165127614809,0.007433601921311622,0.013825488939425656,0.01650548681256718
0.3251617351209151,0.10663193714135148,0.04480008335317302,0.018075137277260806,0.01850724806437971
0.46308624703692175,0.14294722880453534,0.0796943384540673,0.01786805480240812,0.005217269321913302
0.4495297264192073,0.07213157974834074,0.015397516375970505,0.01696688309103759,0.013210015224778418
0.6552408530471253,0.164436280569577,0.09191456678632752,0.02062541854880865,0.011307660574467675
2.726032748315518,0.17738427335620202,0.11298322743828779,0.02152330241391775,0.013402733195656246
3.2913933615951563,0.15368439844614035,0.07659305693944288,0.021565891490366133,0.0070234627821084885
1.5567242364866931,0.08953674154799918,0.024584878203968846,0.017632240029641234,0.015218542086206514
1.0287183495312855,0.1380347027635228,0.07678541762427235,0.018455584556500593,0.007080461638224506
0.6257618192770747,0.2141876243610696,0.13702914610146694,0.020275815454089435,0.02339588377952436
0.7896290553092321,0.2634872138667533,0.17965702706497813,0.02094517962289582,0.028467067454334798
0.5618730379743802,0.27309912688838694,0.18924260876863686,0.02088974919738339,0.03688682402244733
2.029754856897234,0.27735381772701007,0.18907835376758603,0.0209432452976832,0.03447633381038734
3.389404446554176,0.3310065485438361,0.2507706736872498,0.020763459647327908,0.030269868480494982
0.47374285693248774,0.28753439431152544,0.20394897612808846,0.02181108694984338,0.015189328003602738
0.6605150262065298,0.2807309564197137,0.19924778767958487,0.022029834751625472,0.027498154136954635
0.39451977051111214,0.2773346855705857,0.19267838029816362,0.02328846134919512,0.03606106402226408
0.367807514452108,0.2595753823223627,0.17665389965576916,0.02298572155040714,0.030563130559385265
0.9582137221177301,0.22913227862811741,0.1552001568114164,0.02189513340945262,0.026362513171815705
1.5668535505502994,0.26133463215608665,0.17421499785911224,0.022516377675459998,0.02613205772994147
1.1546974754354213,0.22807123860885625,0.15247245109509333,0.024292061303154967,0.03695534832699601
2.9450282416939224,0.29589556459265354,0.21576001908579562,0.024558457171966665,0.037198693760270886
