33.106666089235716,0.312663674172967,0.22220834526366062,0.022998335940846534,0.1117914486063658
11.866811671143546,0.1701143938865626,0.1369516716246708,0.0015550715438348963,0.038213540532594355
10.503451720823431,0.23713382819938217,0.19540427228758023,0.0021819235067465927,0.04248305717628407
6.0764702333541285,0.2594744019751555,0.1873777482953925,0.002264125894326098,0.04088874713286636
0.8470829507423862,0.26873661792347464,0.20340200382128987,0.0015865969877503368,0.045290984771353404
2.4207259457185724,0.20084210489703175,0.15471322130711543,0.00035134136161551273,0.03953887878965818
2.246059880028443,0.17349595576519494,0.13001346575199754,0.00010540416609913745,0.0266855947392918
2.3181097198589335,0.1376912321650623,0.09539823816415964,0.0023553408307715536,0.04627004646379419
1.2439419816184984,0.11260939350938631,0.07034687323611921,0.002219606383521948,0.047719782910834854
1.2565057081906634,0.16050804084723153,0.10405774513297064,0.003307847615144186,0.044788038154226724
0.3629306781209804,0.05258886908755517,0.012662599727044158,0.000654231387237855,0.037802853870850125
1.03358769101869,0.08768638182359866,0.04125557102630316,0.0003493283992366137,0.031070148725176303
0.6679223019445371,0.0472021743955363,0.009103575023612961,0.001214340025721238,0.019646318195557608
2.403873902687515,0.07151879437278522,0.03256823258539433,0.004526193952592155,0.009267628924359056
2.4587977018249476,0.0703433218534668,0.018801766786436053,0.004328231493532454,0.014151973092624955
2.780978284996956,0.12971167424852595,0.0727768660540613,0.004279643198215968,0.016749946567793078
0.5290013429981638,0.08593047037734537,0.03849563351123993,0.0031594930577223323,0.013816645035698606
3.115037131663877,0.10950024925579964,0.054372946123646126,0.0038740080975703415,0.020317597066242008
3.0811095772646637,0.08779753551855086,0.04857210281328652,0.004686816669192169,0.012616259647531465
0.3903832444320412,0.11550297121080222,0.06682332298014934,0.005128490713078204,0.005289420761711792
0.45441372068897856,0.09677006069369602,0.04446936474261363,0.007522240917534376,0.012158468684959853
0.7757010369741917,0.0628789251952728,0.013994215849760003,0.005478709566199954,0.008875779080364812
0.5393957859607001,0.08383994358804552,0.03487668421517641,0.00481066179488646,0.012461422975928279
1.0626251159927262,0.0772381415704221,0.02537464282764658,0.00655217743824957,0.003973106388379884
0.6920171127014906,0.09774324545945759,0.05092712260426045,0.006293670977643925,0.010037625069505528
0.5124347098344992,0.11116147462159807,0.06170106556603422,0.007058201079311006,0.015334760107637263
0.4185886012986381,0.06400556143478903,0.01793465320095943,0.006647919249785375,0.0056206016081498476
0.306195242943336,0.13640766516436056,0.08226337061907124,0.0074036125439397565,0.01026998053490277
2.5914930601063126,0.057724391633414196,0.002385670808595239,0.008902053224646775,0.00020059232414422826
0.35953644118428185,0.0507284596304276,0.0018281446591110542,0.008738459666452519,0.00017235903447620723
0.49684653698098136,0.10229280762646896,0.050107758363646136,0.006691558476855597,0.00535149375581322
0.3962258916072945,0.16222662120683337,0.11001749280725602,0.004628549642885518,0.023081789529436302
0.4657924057645331,0.22717423234440903,0.1649227452300661,0.004676854321190295,0.027295033813395594
0.8142982752148991,0.13786237734626902,0.08968166657985878,0.0047387196728316885,0.02226901654886095
0.9586019830886222,0.18368112676666887,0.12267489368352796,0.006221438254525254,0.0006697460332733135
1.362799294851507,0.217644112477842,0.1547088835258328,0.003617526741002558,0.01688165830057051
1.0191302964870643,0.19934474510832575,0.15062273644380267,3.7618058075796455e-06,0.0058024348692132105
1.8300950176112307,0.23422655826196007,0.17131418976923124,0.0008571408196353724,0.00792675443769411
0.5128639406038791,0.2719851977151639,0.207971305664805,0.0013712992230152507,0.0023989588178984344
2.6498495288364348,0.22216003911641877,0.15991850160456533,0.0003013586354617499,0.010260319268278932
1.3342497994756957,0.3686296087913135,0.29706712312497063,0.001404816713187974,0.02720855210724779
1.5709179099233328,0.3699207147806373,0.2883081690796653,0.0038517511137645183,0.025982678997918035
1.037427287079216,0.3101175279621988,0.23754114602795615,0.0034539059890499827,0.04316394804689421
0.519821812051818,0.3093864011359372,0.2374738060214579,0.005988061560299394,0.036581682414001455
0.9007289680016597,0.36785214055158905,0.2889363732759364,0.005433678389842649,0.020879852860989114
1.660234414373101,0.35406628339280627,0.27242530362135037,0.0055350949047233465,0.009362087339000638
1.3419318164267051,0.2951408712151724,0.23038498472679397,0.005705859065758298,0.028531647581837606
1.3320218084554896,0.2856670558904029,0.21060017227380526,0.008024309525800391,0.012118229263577432
0.743929630813987,0.2614652784702394,0.19733033665516744,0.007458454417648162,0.0199260968568871
1.1050938520304994,0.3419417551761856,0.2690274313197881,0.006341405479085867,0.04373109705282144
0.7412130579950411,0.2637362766244888,0.2003847359759935,0.006398215345649889,0.04177587775581506
0.8789750745382809,0.22273662559914598,0.16368134861590058,0.00745218116553069,0.06385934503829782
2.0084035338192603,0.2777447323376945,0.2141564081898596,0.008425960386201784,0.07604687177992275
4.472945168637064,0.31604871591558054,0.22980288079370023,0.010853321170790084,0.08948221027339061
3.8378708609005012,0.26290265138291297,0.19991328258749436,0.012857351412927159,0.0940046018437869
1.0725015825343596,0.19943424825350903,0.13085910877510334,0.011966469605249228,0.09186276971561685
0.9680172631189305,0.2535400142987949,0.1763422559361654,0.014966131685535481,0.10591082455303558
1.1257043986564685,0.2459960318404894,0.174274810965485,0.01838937167061865,0.10954614732464603
0.4789048209287394,0.30408486112351635,0.22056990311380875,0.018926457365493015,0.077786971195593
1.2171141776630285,0.36324315111391386,0.2711842213431304,0.016356123809025,0.08009078150107592
1.1015197110011936,0.3320533559260714,0.24457194441833643,0.015707870459755253,0.06990948252801743
0.5559842782307156,0.3192596179920636,0.23665202444676572,0.01549760467846956,0.06387241519443594
3.4661700195220817,0.29645162004999775,0.22444322562642693,0.017264153757453177,0.07053630257269193
0.6599481773096894,0.33223390016163146,0.24421326919358885,0.018579685015253703,0.06731038827545188
1.2510347901677012,0.31317289938901116,0.2318911334462191,0.019731038354751755,0.07189995897893997
0.6614854332687955,0.33949579949983716,0.2502758991156251,0.01957191078951973,0.06863496100751697
1.0262745253416976,0.2905172650503331,0.21287326224752448,0.018417396124101305,0.06186629623420824
1.8146325322545833,0.3785904194526136,0.2889215068051328,0.019812861216036506,0.06358759293126333
1.377300814592525,0.4139720269067472,0.31405782693966316,0.02077208480657804,0.07277382867134283
1.5810882722209358,0.34965675019142506,0.26388722572079726,0.019880444546005696,0.07483624720767941
1.632382373217139,0.35320477622720126,0.2661509756489856,0.02077663304759722,0.07270616408891108
1.8178965591866403,0.4116226257375944,0.3076686425311842,0.02083263872511581,0.06975366355169081
1.7337807226482167,0.4403281405867096,0.33405723914549634,0.02224843936393439,0.089605472116193
2.526354585735753,0.4794904131329045,0.3700920880742676,0.020767403566279152,0.09785860357854877
1.2634842250780152,0.4040155714317869,0.3049773091701663,0.019674434502653524,0.09703040633039328
1.9483290399064657,0.3773482993848571,0.27845604873249297,0.01941005416933465,0.09201428515549603
3.2726732919430903,0.4232269939358883,0.3162427770069522,0.018959146774384192,0.09398770384665199
3.267578881648182,0.5101013593959032,0.3972887458084025,0.017079724306689602,0.10053118996096458
3.22382387946453,0.5088708350428804,0.39649911452540304,0.017163492589883866,0.09503123810375863
3.9575500260258765,0.48475696334382845,0.37164445726828566,0.01601905894783145,0.08856574635372336
2.9184588943310708,0.488450726727022,0.3813135118435502,0.01842229765980768,0.08358611287732967
2.5221376665902775,0.44189074675156836,0.34466543629361174,0.017949098735643397,0.07746770422894866
4.7891490057308035,0.49207091258106705,0.37184733803707776,0.020593392326659583,0.07948700052216781
0.9727195444598351,0.3391224238364956,0.251798707797334,0.02100321793313988,0.09956338517685542
0.860735397627609,0.3203366582540128,0.2345964246788215,0.021876515143227093,0.11645326983841545
1.4018999030994845,0.3260255157795043,0.24175952959562536,0.0214817442996741,0.11620870888092334
0.7262613031354086,0.34476568213175235,0.25081054836459266,0.02292207244211571,0.11395103780959273
0.569924481909981,0.32322085427331304,0.23165034382484812,0.025212863865965458,0.11245917717328681
0.8158390590183306,0.32892579707632186,0.23655731280648387,0.02710752443913909,0.12446380189946152
0.7436395013422048,0.35320095706798493,0.25634299495234053,0.025188207339029163,0.1339592251114366
0.919096617804833,0.3753934677599204,0.27963544803727614,0.022208500945630868,0.14574517152321825
1.2474440542473384,0.4002252461197756,0.30117041119644694,0.02306244019258906,0.1611498978196506
0.5879034397491012,0.3102858164096784,0.22339416066418505,0.0230826440297923,0.1468478097911842
0.7546448910378531,0.30586192802835105,0.22071821737335873,0.02298900156416306,0.14440638086827606
0.6835924496781697,0.3249052357053057,0.2357482127371507,0.020172905759242223,0.14271768087227704
1.4399946688770116,0.32714245042320783,0.24183030008313114,0.022544234079749724,0.13938410269685625
0.6880096247383003,0.3425597934815149,0.24923656490657842,0.02467835866283754,0.13931374959071935
1.4768637764858716,0.376838943965455,0.275343997373651,0.02348509232672394,0.14644744775057217
3.8623654648522576,0.45903146461547506,0.3567714492134321,0.023654127730577148,0.1557611524761679
5.1434000872164765,0.5623339967570833,0.437747811252128,0.024936377746079978,0.1375995158644058
4.764600014020625,0.530759712377353,0.4150910245408265,0.023745925646776096,0.13525011604158862
3.739425282022134,0.4843340560104148,0.3625722556543767,0.025333929248844915,0.1329807709595396
4.472066977867216,0.5263692147210878,0.4098207369258147,0.024870192206777077,0.1390427289689592
6.323832292845157,0.5778205496981166,0.4549323017088414,0.02301006451808253,0.12946767003614082
6.540234265201754,0.5866067581399762,0.44928331607027533,0.02441928077813913,0.13167017633539801
7.107433444797285,0.5733719100444131,0.44999851599533847,0.027350835410481146,0.15861587643220226
7.518850149974478,0.6267537709758367,0.48504800003911813,0.027079565632985313,0.16610479287397883
5.937097562493153,0.5672020378750433,0.4439055275397441,0.02548015430771418,0.14981374881188075
6.460704874287318,0.6027182670380352,0.4696296351338817,0.022467278634557646,0.14774878055910737
4.623523008413914,0.5528951709627785,0.42575369727721035,0.023082802986961977,0.1509627276315258
3.7342317689933857,0.5206884377393003,0.39806966346426287,0.023233043008222938,0.14849593704865685
3.5699216636508324,0.5146580769849011,0.39260365182138657,0.023645725756990497,0.15278894488588596
2.988314178384795,0.5009708278567678,0.38218273643763123,0.024278661039293797,0.137446083970672
3.1873871905493365,0.3782937014548408,0.27234401802005115,0.024185520226329898,0.14743965270410297
1.5338909009373987,0.3556461778999251,0.25452708529804013,0.025496867297308275,0.1593024331172773
1.2653788803573214,0.34387086438036857,0.25425168690282324,0.02387170223337095,0.1421835964883285
0.583204499816111,0.32968328339083247,0.23845137749908693,0.023407387712334884,0.13773500555904394
0.6348541431153738,0.30491798753689614,0.21936712450829132,0.022887276922582068,0.14551701641316278
0.3378742306291514,0.2546376341388098,0.17340287006094318,0.022810869897500186,0.1620115329697781
2.1321985767081157,0.2972399132287255,0.21646959517073858,0.023761661579466024,0.17395421447519058
1.3687068889605916,0.39279896411370124,0.29641379414531277,0.02274008636167112,0.17007393996246703
0.6044676181233951,0.3282785524704679,0.2392452887136651,0.02227273834010487,0.18333493754263128
1.515790680179198,0.3225998571053133,0.22589625925430548,0.02515949515856978,0.1658052191467212
0.5963744405542458,0.29740891393904734,0.21062206272482475,0.02506995598869105,0.16296310419076804
1.8705638790045307,0.2612298239251932,0.1813091487028195,0.026824958510675255,0.17508463043320857
2.384233001504333,0.28754399096384736,0.20543190581806875,0.02688583360053515,0.1753451952966234
0.49742457946797974,0.25597732129116596,0.17311250197296926,0.026139876516301595,0.18291321201366345
0.7431700182935052,0.17315790828839345,0.09327656512014668,0.027104453129587838,0.17840629850811474
0.6245090910765884,0.16081411394080747,0.08511013672205801,0.029747797927165042,0.19759639896027067
0.5266937916624448,0.2493223642382953,0.15894573396812095,0.03049549137256537,0.18971751044859883
0.36282572157996223,0.20649817733176493,0.1245978222094032,0.027532436827857984,0.1787416534110385
2.5777389609603185,0.34711020661760955,0.24512167555932268,0.025328091517885315,0.16529947961107408
2.3061478108835205,0.3883894750238608,0.28137771063401834,0.02556741194138337,0.18761092268136087
3.432134021913755,0.35192665161663433,0.24858158944525438,0.02481988124640024,0.19660479707447612
1.011120650358481,0.3130241901483001,0.21737630408255382,0.026655802853550056,0.18949316766079788
1.3321450605069969,0.3691639835252895,0.271567101264828,0.028260146900016884,0.18643408572753914
0.6068638546395521,0.14271759292593467,0.06544814914884459,0.027909570203629063,0.1771760643339225
0.31237712468053314,0.15851513943702003,0.08189441901969428,0.028695302790614767,0.17963339329666644
0.772590220757081,0.17233434490680455,0.09876130283092449,0.027047513020080637,0.15915391081449443
0.2941916602275224,0.19578417811666232,0.11409940733489966,0.029516678718649773,0.13864950814900778
0.7543451495335156,0.1903355156183155,0.10554853119654417,0.030263762018048736,0.16107347038400074
0.44818806584992477,0.20433055272600428,0.12539365927492552,0.027788404041356168,0.15055966546852934
0.3068074929768657,0.16355296762283258,0.08854741820172643,0.02648928997698128,0.15735648467207985
1.305898641308436,0.2042244025403757,0.12068343318575733,0.026118559024910726,0.16306181604149173
0.3094699767976369,0.17036892657822184,0.09535912237081255,0.02593960946822875,0.15012781103935327
0.3242457353037344,0.13352212280279527,0.06288726713297282,0.024951229776070075,0.13420320757255524
0.5679251205591955,0.07864209895533478,0.01578613082048505,0.023349319417694653,0.13049295043853856
0.6100819043309719,0.1541259093044026,0.08431412713858134,0.02432184091003809,0.14751719152314527
0.33251536618127914,0.19918736231165754,0.12233298045839236,0.025284624406197727,0.14864403069467444
0.43080530121081245,0.17720415595239386,0.09999358855712595,0.025308883281705923,0.1614266912654558
0.5956295443026461,0.18361318817326164,0.10583210959961625,0.024434756787873577,0.1606991966823895
0.5955104101831972,0.17837403708521513,0.10652962456410395,0.024007471271051857,0.14102613861236918
1.4306513083636283,0.14397075799386702,0.08109443112605852,0.02072590484885099,0.14158750035493958
0.4790707492657727,0.1476721178721271,0.08232098480709468,0.019775158453431658,0.1514934031436605
1.0420541040635483,0.17626233531600324,0.10263659931422359,0.019590057983873636,0.13900166355707946
0.3412238318770252,0.16628776075789453,0.09830017507673461,0.01969354173949111,0.14316710544457914
0.33817086171990607,0.09915480976571173,0.03609243670711219,0.019351830878064864,0.16127938890488874
1.3832559895700616,0.14606766395810217,0.08258258073029323,0.021047929377495517,0.15704003926225313
0.5887428044990966,0.2669938063334508,0.18923783393039506,0.020022768596911357,0.17093058347288415
2.3942662821103924,0.15447224078648697,0.08058495374445936,0.019605215618927755,0.18339938605659567
0.3424958793432712,0.10090504733272178,0.03828443341413909,0.01972314295770428,0.17877022993889574
0.3017736198762776,0.19026241959031998,0.11879595182959919,0.020289406158065883,0.17425659875087054
0.7750995395155915,0.20969721951427125,0.13786341878971287,0.02153922602823828,0.19715240228905978
0.7567181817711106,0.18444812969570154,0.1146026638101297,0.022071283020649375,0.20702912227441053
0.32706737358668725,0.24046630744420205,0.16381811772139293,0.019238753386741282,0.1967904780317572
3.1372698999425923,0.2958903144091633,0.22094244995859186,0.01994792281409846,0.21684355866039143
1.385199813740175,0.34101256392659973,0.24681657552200137,0.020716489120725955,0.21588475896525566
0.47823558207258077,0.30352411694150433,0.2202155229765871,0.019389627478492988,0.2147718571974597
0.44335521941207806,0.24166217349426009,0.16760519931328363,0.018623007851060417,0.22107412159349255
0.371817569870793,0.2719062616722317,0.19264478156896248,0.018469047235515675,0.2507902223764273
1.2454350320463825,0.2789497778233721,0.20359150740582133,0.01852426313693946,0.263848167377443
0.7040923879972021,0.30202864491673986,0.22141451733508316,0.01878359688813859,0.25779111805939825
0.6537474001786497,0.34270059284564397,0.2498930919464412,0.022957728678524636,0.2610924432563824
0.6021954986437231,0.3309858429374537,0.23951991007442336,0.024360885549296434,0.26148975841582744
0.9382634296016286,0.3668791339612499,0.2671875346679417,0.025195348473710844,0.23573286163668217
1.1483391148681061,0.40122372671497136,0.29912980171323217,0.024868291082597943,0.24675790386765267
1.8409014597308335,0.4504289705293,0.340346701735797,0.025814798096254334,0.26201426216971985
2.872837740728271,0.4245421517355033,0.3080613727420293,0.029427133065381635,0.2631302959820051
1.4845555432658706,0.416922886719975,0.3011315982136557,0.03383956576510559,0.25640368829769106
1.0696501758837524,0.39631960812144446,0.28705553785331994,0.03206449636054226,0.24213132243994503
1.5155682604018148,0.33063596132244427,0.23607280256985005,0.031868131090269,0.22169342369828865
0.4619011402628521,0.29333250587883497,0.19443578650828375,0.03491662214932138,0.22049225572535047
2.4343035894857032,0.4071594352564156,0.2985344029172887,0.036586985791218433,0.22112082741260336
1.8250407475963324,0.4056190158397261,0.2951717985389345,0.03689912715444565,0.21072064257098733
1.3750263061663317,0.3702785724211524,0.25191397050672243,0.04178075849153114,0.21522272883573917
1.819269661574292,0.4409917543389963,0.3150390984111127,0.04031093380873875,0.2073900629920345
0.9995540245816212,0.3504268341703025,0.2439595610836564,0.03923846613884275,0.2062542076392337
0.5779685797389604,0.3045118482440237,0.19967914777978424,0.03885308738724479,0.21324457478308387
2.407596761115809,0.327912610584393,0.2157806036985518,0.03855180289614433,0.2282719991799303
3.8385722237504694,0.3096378406794432,0.19765986143956027,0.03879702723421093,0.22796517264961225
0.4818114983604728,0.2779718986457132,0.18298743105495066,0.03556348355218947,0.21762447069080815
0.6372770761021411,0.23636940375655438,0.1409035603188412,0.03661569089388004,0.20560158245609744
1.0388621880913962,0.15190417374593213,0.06456546166732026,0.03593583670575639,0.22914272471632013
0.7672522481982954,0.16314666015915635,0.07688285426921498,0.03451200209628216,0.21814505861141084
0.5821559690853471,0.18070710547819938,0.10156515634786847,0.031164623090381417,0.2272087322311741
0.34966716154369487,0.14596794113009104,0.06593490810808356,0.03193939158824844,0.2245674863410606
0.6924487818346785,0.168983777411721,0.08966679127197061,0.032921572677686785,0.21858723685313464
0.38207615955002844,0.19538923156442264,0.10931050756101002,0.032807962069396936,0.2247692985572545
0.4060692472066261,0.13215062304428132,0.0559497095369714,0.03162367918094645,0.23102411313013008
0.4854656328816825,0.13203056107080882,0.05710617009659283,0.030875234563852175,0.25530227208308953
0.3446972660089914,0.14076002168725177,0.0652607058169761,0.029628739206861144,0.26835074342318466
0.537735317915459,0.11865527253889327,0.03964460946842261,0.03221852582730541,0.2875876259217299
0.4898440895915721,0.12403274238712866,0.04092730383861388,0.03612331907212337,0.29641834921829
0.3359288001904903,0.09683594351522341,0.018687492018036732,0.03531489797811188,0.3031909611925819
0.5584132766825878,0.07822567596843816,0.0024471235909648732,0.03636710250123802,0.3350064561646896
1.005446858464731,0.24385548606996618,0.15507415707379574,0.035842570898602086,0.3403664755318123
0.6010742705049291,0.26508077072832625,0.1665153434485349,0.03683860777463607,0.3560842926477704
0.5428520968156015,0.20307811921008534,0.11227833372237345,0.03596554525203632,0.3445110123162839
0.52835812494966,0.24831098730081314,0.16179271581635474,0.031141513692887993,0.34910128534114965
0.329750823511678,0.2549372868436849,0.1668009251274207,0.02982086983391879,0.3329542799235496
0.4558920645132862,0.20365425743184457,0.11724606352857732,0.0318650498948783,0.3288097406637241
1.0318024565030437,0.202076681258725,0.11417693662047082,0.03152852497062708,0.3374235443685062
2.337118552655182,0.16838869243812093,0.08288893778693307,0.030154473259397803,0.3497382020433058
1.507889638930172,0.27941126167639546,0.18075362937189088,0.0326283537044096,0.3439842751001315
0.6633679466504422,0.20518320534518691,0.11942438131242258,0.03012872451476702,0.34203343770661837
0.35269045994055903,0.20590870327967878,0.12355341425040169,0.02824448059587475,0.3522305257429908
0.8409539290181761,0.1586394415494591,0.08457860054293076,0.02915902634255567,0.34600694809435784
0.6832333039530912,0.13446644114393155,0.06134984540389524,0.029794032656145893,0.3666426012933156
0.3868584695946163,0.09238525457606872,0.020853592822611913,0.02991387319813328,0.35494584316597755
4.159315301586116,0.0606375340951416,0.002012735560719941,0.027796549537103792,0.3520188112701114
0.5417859523032379,0.1075391027208159,0.03476884659962398,0.026873162495522948,0.32879419698011614
0.33471985085274714,0.15275832516689428,0.07531423493717221,0.028872495725113898,0.3348435005023207
1.19172593223888,0.15463871381228395,0.08540534126426547,0.0256718805533169,0.3568937865941334
2.721910921874477,0.08246087057662978,0.021044018492246186,0.026876885012073134,0.38563850215304707
1.9995304481570644,0.1194822883622299,0.04253794033669059,0.026595376991447622,0.40610517863487233
0.38383159148652973,0.10361494694172418,0.03734567278698945,0.023757656201661034,0.4027975169070634
0.3198135133202755,0.17062847220544958,0.09703610233439261,0.024782579621559733,0.4143751161110561
0.32990572414897695,0.17514634879566393,0.10001503175257945,0.024337476461255506,0.4060642202670186
1.195136940728408,0.23491813112415683,0.15135640672111242,0.023137383842537218,0.40880562453137154
0.3990686494231876,0.1538543599135845,0.08267191364855704,0.021834795537136267,0.42403308281740926
0.3345731123618538,0.09155410390637272,0.027442901710655263,0.02150241119151956,0.4316996188466374
3.5212842374028415,0.1288347744223622,0.06954066976175813,0.022292148774155286,0.4334643234439053
1.7601097726906454,0.16617047554036146,0.10153014898666195,0.02129579257208149,0.4353806652301913
1.7553854810322982,0.08710249496229837,0.017450334944997786,0.022351590030568923,0.41980674601500034
0.5617100881269251,0.09411419684077282,0.028815819144400803,0.024668806578809852,0.4264477412362511
1.111127892702931,0.10339064929170448,0.037244514185215995,0.026719721719141373,0.43416901024185744
1.0268912454980714,0.10687530340271793,0.039200860590412466,0.027744383154138335,0.42360118041734585
0.8125286954613029,0.08032658593103421,0.006547847397648937,0.02912842231171123,0.424229018378649
0.5197220781241567,0.08457095704882847,0.013136963322099841,0.027555989850939763,0.43328623063551525
0.32321836874303445,0.1375008371244334,0.06648387996736774,0.025090251920711116,0.4429606966357063
0.38041350867939444,0.18226685053550312,0.1043230223119479,0.025997486825577367,0.4275938534701893
0.34373615185363066,0.18671131660897103,0.10710376007042959,0.02755493583995013,0.43203487335688795
1.1486374315307726,0.1858713756842922,0.1025369602480595,0.028330471550168587,0.43247015344268225
0.9408790597989818,0.11554589549564886,0.04781993330871997,0.026838632584696907,0.42752942800589544
0.6100339757871164,0.10829671846565367,0.037742814900858325,0.02908109704182586,0.4325882999146831
0.36850940977542546,0.14674875694584577,0.0683266057917169,0.030123208947572394,0.4385986962537738
0.35112537587161324,0.2683124907321572,0.17681431839120296,0.031900438437789884,0.4146054823930365
0.7119804004510727,0.1980310253613632,0.11965110162999539,0.02927887579340909,0.42591361323751115
0.4297989790437405,0.14715319049723757,0.07129653098464782,0.027019343214066294,0.4164484106518266
0.3471148930028471,0.08849612902847334,0.01858682247619122,0.02714280448609597,0.4264809883181823
1.5409855276249413,0.09359525061624988,0.03054122346430014,0.02543266225429564,0.43600647007094767
2.311106394869251,0.0760727140624917,0.007126243667918631,0.02164605756045522,0.41717799840041747
0.4088415963454761,0.09496244797084731,0.03217995791376087,0.021132556850915345,0.4239259867424267
0.48499496416839344,0.10631016466776091,0.040520921881620334,0.02022471004396121,0.41685957035187515
0.3931913923562927,0.09280421799654401,0.028926562348131027,0.020071850261939087,0.40690481497711084
0.7182882216261097,0.19036646843370048,0.12254291753729647,0.019351506770360377,0.4068778142185715
0.9202073442547092,0.2599372661209967,0.1868496416057433,0.01763849493373911,0.4093351593146952
1.220615031120009,0.31852179795234326,0.23091387404793035,0.017288619923423912,0.41076949869171786
1.3223456092670978,0.2894429478697732,0.21445963380095878,0.017042197491878776,0.3813450893393242
1.1603241707673493,0.2836140761397416,0.20156428961926284,0.01598971088115355,0.3921852268723689
1.2092469192263409,0.16107402680064314,0.09182086651062844,0.01637897137869558,0.391174044584235
0.7145510282943235,0.16366700883136803,0.09580471775269742,0.016039611902765583,0.37069468531199595
3.4022809073100904,0.2309220030561489,0.1687053032357988,0.015160560654490195,0.3781082563029189
3.3996587033179972,0.1362977180887951,0.08500773001507925,0.013371354483804406,0.3603620063325437
0.33632430642428773,0.09743350775871584,0.04147183096933021,0.012417138607640104,0.37755032485143064
0.6401181137718798,0.11221224048883616,0.054651269682447205,0.01069215421605592,0.3969044631952157
0.3386203679222116,0.13715241642675047,0.08007117531524036,0.011311663908862122,0.40512019045630226
0.9741982890908317,0.1275264401254565,0.0755896894161458,0.009991148826248516,0.41420127253175226
0.5774977359532649,0.09083190804838864,0.03694353906509798,0.013507198054679367,0.39543685858198974
0.7555681035170049,0.07754230132705095,0.02075595334384813,0.012397902695270887,0.39416854412940583
2.5761957695185935,0.051016377007145564,0.006130551452302501,0.012281617017222196,0.38255419514953504
2.4685017205872195,0.07207329006539184,0.025725691822394994,0.012058567228027301,0.3789140274230818
0.3251886826478808,0.11277230415504352,0.05479761078999827,0.013256294337860255,0.36550776577635913
0.43473330778736075,0.09985568982534464,0.04189966418736497,0.013163535156078003,0.38045916852287
1.3060991143160037,0.05709260655379032,0.006990206149082072,0.014544089535395925,0.38477145439698396
2.1618097156733675,0.07922158183464764,0.031116008586362695,0.012740669663288648,0.37149639912107946
1.9321418303400693,0.18868499200511463,0.12175399714324327,0.009828916189823029,0.34730464356645
0.34249455501368875,0.14468996902684472,0.09110767947113212,0.007177815399129308,0.34976198950711945
0.5351173536160964,0.15748166083368997,0.10247623400499375,0.008774141494738166,0.3586711258745483
1.385153934513381,0.04985731842960203,0.005166832197440366,0.009807109013820764,0.3690611855839906
0.368294275132643,0.11928867180476854,0.06381004472107926,0.00944831742158321,0.35804771564790927
0.40150535246824165,0.15803198231016136,0.09733323452630468,0.010756736381599115,0.3596045682368804
0.4298740228827565,0.09577357351128132,0.043988066532607964,0.010164165591349519,0.3654001090068828
0.3594562979086017,0.05527424402608744,0.005049935545832794,0.009783321987756808,0.35285716294299246
0.35211074536048853,0.07936831852594134,0.02804360738527755,0.010098455874972604,0.34510160344365814
0.679493164690031,0.14813889860279222,0.08744880325871918,0.01039955689548076,0.3390060774771411
0.8838052215273134,0.13226479623645415,0.07171033843209043,0.01111822716583298,0.3499602059328169
0.9259043841662421,0.06991390407486126,0.013535801588788553,0.012070064860570258,0.3647743578619732
0.6182241464766444,0.07589030399519012,0.024090799077796484,0.01271671117398461,0.3606041648752932
0.974259542862415,0.19396091337946,0.1348879955613012,0.010945351483779115,0.35213538288435714
0.2966414724948262,0.1931179029907537,0.1333317950228943,0.008061049829859054,0.36038618051533855
1.345010421901816,0.20447600462207904,0.14593876020158827,0.01032203683226853,0.3709807327513369
1.2114187025514116,0.27375238707356897,0.21007714488125134,0.007160140027198206,0.3386455808716673
0.7571489352609184,0.2932253466909613,0.2229539376575699,0.009703059364480463,0.323823029842733
0.8834919039651348,0.3265122040071222,0.25424030392355834,0.007341153689157078,0.3145543933475693
0.5704013149277657,0.30382844724607744,0.23298877719874056,0.007562669930434074,0.28525726595983675
0.8237013444892407,0.2714250378903869,0.20504786270631375,0.008929242734394483,0.2721288315649887
0.7448985779896932,0.2559596102539537,0.18600624804726548,0.008123817921140189,0.2629073279542522
0.3486910369190039,0.2347995769961197,0.1692698160359039,0.008192172306115245,0.2720066955310085
0.3837937985084749,0.20376947842611784,0.1437769156858393,0.00825698552620732,0.2670791990086476
0.5429090978811283,0.17776076226942691,0.11756226222413749,0.007487895432712776,0.26649126041867005
0.3220729527076765,0.18485189135174054,0.12582534680839186,0.008647045408030029,0.2740325645679993
2.3966980667020557,0.22996056691407346,0.15943930425986336,0.008197530835657784,0.26885138195506086
0.29430189704168974,0.1990963707443726,0.13792132075148375,0.008656211976492604,0.308919738096612
0.41389986136143697,0.18661230404665247,0.12277318203275775,0.010960998178660341,0.32374719709139077
3.2406756537871915,0.1367434624243209,0.0864530500039653,0.012076295092605625,0.335249183416432
0.29383149515946033,0.17979336496318038,0.11265122072520992,0.016517137781012853,0.3422179987603647
0.31356151202541327,0.2226853182492141,0.1524134799939041,0.015753667696443895,0.3467447257603881
0.518119476593214,0.1865246274800945,0.12281297464138462,0.01468766661336805,0.34283240529837106
0.30306012848661484,0.15005783537834597,0.08849490438417906,0.013978638150445184,0.33946672436738246
0.34618492642754567,0.16982035235713022,0.10397551580850123,0.01732881067824824,0.3633813205150903
0.3572996518155094,0.10661069180977609,0.04580828730551855,0.01773377095181184,0.38073858830429297
0.3513543120137268,0.13831366404213788,0.0756515449968934,0.016996511019040875,0.3952906166192837
0.34168629902674447,0.1817193969888133,0.11128782247198457,0.01874928873247227,0.38693269493678645
0.9912915159385423,0.1772239247310525,0.10241955703204866,0.020924199034298343,0.4096155922325998
0.6277062662128362,0.07912669384663068,0.01873132809473886,0.02116787370858711,0.431784690419977
0.519540967762901,0.14300610727557678,0.0780851352958269,0.02004905200239075,0.41806368553458184
0.43582583710970363,0.09011711041441475,0.02865204591004436,0.02037687602146514,0.3852825351459585
0.39213208314282255,0.07279719926044301,0.01249463677219121,0.020097075311578408,0.3733944409347296
0.40193278932696974,0.07587602478599703,0.012750579159272791,0.02062542692865537,0.3542142127948372
0.34566305486697546,0.09025160122019055,0.023522560485918196,0.023779899468460503,0.3489840323239321
0.4810088909284736,0.07329294579565143,0.010876417670538721,0.02286949477618478,0.361884185031165
0.8579302634437938,0.07325329827791012,0.013558327681996782,0.021753743416358766,0.35180484697464154
1.1457312020452697,0.16355875865094868,0.08817402514303703,0.022485225975287924,0.3277725009312562
1.5581848031250016,0.14294303940221095,0.07862374613686984,0.022634514703452374,0.32261174554099703
0.36809275478259884,0.11574284768057944,0.04981849603063364,0.0222977850616755,0.32075232686941013
0.3408937212800024,0.09696492243584552,0.03282107558743446,0.021510510205016414,0.30179021221739183
0.4737793811362749,0.08647421980567839,0.021487277431118154,0.0211303181809058,0.3058093621133806
1.1711718745170416,0.08330368809101898,0.017296322404858663,0.020105476590753606,0.3009670460091585
0.5647316195433901,0.06353977803407312,0.001406225393739375,0.019584558546087105,0.3072407194207029
0.38181342120853934,0.14802972305903817,0.07956543725335427,0.022290933434619676,0.31920948898265894
0.5677380778091664,0.17463346014084757,0.10460175462845986,0.022510070528971082,0.3290159626504496
0.6189459765401528,0.13017378438340446,0.059402850147259684,0.022513795539569954,0.32043711968137073
0.6867345679231098,0.09797159670831951,0.036649726319520695,0.02089894868854618,0.320014523168886
0.32858515451808135,0.10383433524048694,0.03896113256245841,0.021372569377775735,0.3351395893670497
0.6664217763281981,0.07958842705606681,0.019839084006145362,0.020640588156626345,0.35193188871743325
2.112477048243065,0.07593716910962195,0.011201804180053336,0.017698846874132354,0.3526450004494742
0.43015558351070277,0.12508228408357408,0.06369288162357757,0.017491611769428303,0.3622214290924652
0.48049696754591137,0.09776159037152066,0.04011483095152306,0.012748657991335722,0.3495622611653704
0.3764147893723644,0.13345155902915087,0.07529857947513864,0.013103238153158286,0.3538517096948324
0.6325544626487679,0.12765598285983745,0.07085479692403852,0.013697283164051282,0.37221345009889867
1.9624537929416277,0.1246961338672303,0.06029427534409732,0.013496172106073423,0.36404219289356954
1.0287825659684573,0.13936638806999677,0.07824315095809989,0.010650468707329792,0.3749322821075005
0.616018108732798,0.1104322624885274,0.059061882319913134,0.009588540105815432,0.3697367610767946
1.9836549965328787,0.16004313402808412,0.09696917454723547,0.008766485607279453,0.3742448854327243
3.6906205459702486,0.21803257258903247,0.16478719466079583,0.007872575612685537,0.4012338835696659
0.3360004504042922,0.1593736683089922,0.09997273245011894,0.009879743304428597,0.399073210664216
1.8974668234650471,0.23352493295329912,0.1740151925774341,0.009409146414692458,0.41287054725628874
1.6472576346137227,0.18406609480205707,0.12931884449536432,0.009276880684937852,0.39448062723084776
2.514268466704562,0.26373216506231434,0.20424897033361222,0.007079032996927854,0.40755762865462397
0.4191144526450309,0.2773577512355273,0.2091212546236326,0.007569480144456714,0.398081597329804
0.5150493295186873,0.29330876170365244,0.22301558375790048,0.008236287096634702,0.39505721790731163
0.7182919185994564,0.25565695894239177,0.18600778063302797,0.007964618032434305,0.38926830648363786
0.6080709407479282,0.2634579616852346,0.1969167215738674,0.00921138085766754,0.3949019377272075
0.33983214266327144,0.22223032908089374,0.15819331341156195,0.008076566677412965,0.410273345178766
0.8090190266684003,0.21733895151844768,0.15773865617466323,0.008457242368647162,0.41479141744866443
2.9218811089026024,0.205262211828651,0.15421123075874535,0.005771674362900443,0.4062849521857467
3.3675027928258805,0.20981417641953098,0.14328531966599375,0.00516126462271474,0.39414560401992754
0.4985006170266723,0.2873180208957817,0.2177924246466018,0.005510661109217083,0.37457851053009933
1.1739780267523325,0.21444428757468376,0.14956965695588798,0.00642223195660775,0.3606822106741653
1.1266077595855992,0.09667006996692507,0.0491926705453926,0.008475903878226516,0.3491339527890354
0.3485288103051475,0.061415325336601524,0.013280056987111002,0.007957185439967814,0.35781880052412063
1.4449993358044024,0.143180131378167,0.08180477338160362,0.00962862437041968,0.3608073502268307
1.1628444570956042,0.18012373806181825,0.11524849042041471,0.010111704617930829,0.3498029615894317
0.6049529227321075,0.1836174032201921,0.1206657629016075,0.009433622117521624,0.3791188892141429
0.7377007628503187,0.17149063454712213,0.11592771583211883,0.008852601871589108,0.3706225094452992
0.4358807749969667,0.11802094528114349,0.06245844712084554,0.009127023610201165,0.35422284543043564
0.6208179959419035,0.2228801075197764,0.15927687640966884,0.011169420360567044,0.33624337848039865
0.5701582514708781,0.3224457337360347,0.24589375169810002,0.009943967128473463,0.32249177009449365
0.7239148100056711,0.330368392878546,0.2523684865579179,0.011694516670286901,0.321158704912047
0.46798275439896325,0.30024118645957676,0.22376661610665516,0.012769570315714494,0.3267000694206062
0.9611245121676082,0.3552667440430836,0.27260910387627224,0.013604573392755837,0.3072976759592676
0.8802447109182591,0.3588950097270784,0.2717285014997411,0.01372696793152371,0.3004024854278102
1.2232101190285918,0.36851795467135307,0.28306586649495097,0.01544852549634238,0.2948399335046334
0.9295713544725657,0.32474180698454375,0.24113300358926484,0.013401164523232263,0.29342260767107886
1.497151443955685,0.24238416638824017,0.17744280242420807,0.013009059559860784,0.2885362339745303
0.5977308136209072,0.2170324229534609,0.15378876584504128,0.011345703550360721,0.2901979252911994
0.6710525915123537,0.167995960449978,0.11138865877779214,0.00998390920650998,0.2788954685458759
4.352727998394406,0.10108204951869079,0.058607074476844837,0.008773970995089827,0.25191716355134064
3.5185551332379665,0.1381914470596084,0.09222594391963863,0.00799496208793452,0.24999969240322753
2.2594158383908933,0.136630220094682,0.0757956809338548,0.008324404747836021,0.25264986097643277
0.712374279417864,0.11811865779211232,0.062382683462425204,0.008051525274308548,0.2564426170985299
0.9108596309071548,0.05065187600390815,0.008458905551537499,0.005954317876309663,0.2570100689004541
0.5415975363125125,0.1372720013229616,0.08176760033412833,0.006722247786252679,0.2599443314075299
0.306325170463312,0.14664152610980305,0.09227826865376075,0.006568913629497564,0.26810634468778655
0.378314375134247,0.15500000122870344,0.10135205614182087,0.006657518424939314,0.2609619346316436
0.7675380696013523,0.13572771383967278,0.07922767091868407,0.007031677089216594,0.2568392891715082
0.4825895036853962,0.2545378091538022,0.19199287599775205,0.005525445669364035,0.24508167858238597
0.5070820784472284,0.2922503160209333,0.22594480062415948,0.004171665663421182,0.258908675389401
0.7896829151027854,0.3182725398751602,0.2479837034783277,0.0012121349009759628,0.24774662020576055
0.42510043630976546,0.2853451014840633,0.22212626735194885,0.000525565545455354,0.2601321493664172
0.8756584989673986,0.2820872582392878,0.21485529469236506,0.0018874938076264987,0.26011703553854243
0.3075813095543718,0.21957423248497093,0.16264870487580646,0.0022883450143632907,0.24499889332531907
0.8793403946803283,0.14914192355896877,0.09499705966949984,0.0030391311168047096,0.252397310107246
0.5974740867896705,0.13700285548947763,0.08577779203484882,0.0021807132586791683,0.24440272240543515
0.5310958875141715,0.1787354921395619,0.12719258323643842,0.0031872921121776374,0.25741846954275727
0.3925270924661504,0.2502847686812497,0.1882170831840958,0.004861708688953691,0.26316004470053517
0.6665180125923929,0.20394171129311073,0.15002174188307751,0.003588227506114685,0.2626548883020241
0.5809841857876906,0.17380369712144067,0.11569454977073956,0.005609778294565649,0.26465279190889707
3.9058593302889393,0.20885439218588564,0.1444928358868946,0.0024528339473691087,0.27591445843201756
0.6619883597414542,0.17305102863568453,0.12047578959072229,0.005374930695016815,0.2764270965414929
0.617684350112382,0.298128613179795,0.2245019482839251,0.0076954753108635105,0.26188131259672043
2.0561777644827144,0.2510994937581553,0.18039668307112677,0.006442613361599399,0.24768333874217124
0.5302735141643605,0.2924458208218742,0.22364682396245797,0.0069263126087374454,0.2443711342120854
2.209062028199656,0.17956705641670856,0.12812826091585322,0.007493707772392364,0.24129306899682468
0.3257987707327666,0.22684431315169318,0.16301671841291415,0.007593359874604355,0.27435964866434903
0.4156630804891517,0.2749713523978698,0.20441619092771235,0.008581937436403583,0.2750344670390448
1.251826683011812,0.24480772852203878,0.1834056448151895,0.008492312368619614,0.2877900502902359
0.40145985875467294,0.252525439216434,0.18743126284707567,0.007759136517487665,0.2894733532747324
0.3708773599007326,0.2632191018328809,0.19194214054984118,0.011019001970936039,0.2713706761411155
0.36676054501945377,0.2659121483575671,0.1952199649833982,0.010959850925602551,0.2806354574813343
1.7646459119390268,0.2867208841526758,0.21994839648886488,0.01008262646557276,0.28505309948172813
2.309198951795897,0.3245462692486033,0.25242011220880534,0.011682006778184411,0.30029742827941386
1.443881681097243,0.3329614877261781,0.24982590480602035,0.010316558283277938,0.28759023976893106
0.7582579493183031,0.3143933413723473,0.23488207735000693,0.011154883794178902,0.30312263536569145
0.5814320965020596,0.32595746346643895,0.24503103945621377,0.013010400838560554,0.308144428496662
0.6805093965949445,0.3339263791927326,0.2547509095303216,0.011857235538611583,0.2940434742539341
1.397151453249683,0.3096238733050603,0.2383340500210707,0.01068435850450536,0.2873369056274529
1.7374351945949393,0.3861322268061309,0.2972630691596035,0.008854052188199998,0.2830855370871272
0.8863784830809718,0.31499367804580186,0.24243703758149052,0.009438547076907895,0.2897664930690778
0.9369957687293529,0.3302088900585523,0.25067792419048024,0.0086004594283851,0.27289693712584007
1.4893160921615682,0.33508910522379226,0.263683412118609,0.007350032626995281,0.2718895733811683
1.444121545852607,0.33767694501952966,0.2553077939341513,0.008948346544759078,0.26803730410261273
1.271556806851361,0.31888822193107486,0.24577631395952776,0.010843693185332173,0.2602550970634555
1.8955665538004034,0.22208589061366618,0.16307557350967095,0.010147432388722736,0.28034577714313097
1.977809612265134,0.21638230574919887,0.1462956014059032,0.00994893530316831,0.3065899622685286
0.5529575873678223,0.25915096690971356,0.19400708005311273,0.008027301340898373,0.2990417446373876
1.1324224581040436,0.25411697928503507,0.1845275340752097,0.006816576672955571,0.30054392495741267
3.382453484720987,0.34222893311438474,0.25863385672844974,0.006065050172541376,0.295009532788285
4.426457790570947,0.29451682159174614,0.23519376461485195,0.006241216682294512,0.28508012726384935
5.390976647709598,0.2871029455593917,0.20839454591273393,0.006147207957903749,0.30316961468068
5.220668630035191,0.38131620419753753,0.308825301059699,0.00886984238508886,0.2924624628253946
4.377028630602955,0.34344354278155914,0.2769493809851883,0.006960112844251347,0.2811545240592792
1.1981125502140109,0.3293622669472557,0.2607890265032689,0.004360102658069854,0.27083227485575045
0.5013800481892223,0.3062546117820521,0.23531984467685776,0.005432209779701378,0.2678512852545929
0.34739470200849976,0.21358399290733,0.15392370240437686,0.004428302965232101,0.25379022246011834
0.335482589511366,0.23031433456040598,0.16750478147442358,0.006066361446648207,0.2670882064750633
0.43886088220061376,0.183511046076956,0.12771433730134324,0.006507123030398298,0.2550872391012751
1.0776743549603824,0.0567488573863745,0.01696984611745253,0.0035990995915916725,0.2847713565839372
1.4199644865946153,0.05621147417907353,0.016729377139841156,0.0042134098280939055,0.27041656593625907
0.8543125140258275,0.053077890380199576,0.006546798453822358,0.0036298146547666063,0.2503665315299797
1.6213343001138536,0.08341929562936187,0.045340647322200944,0.0012451418562743652,0.2450595082202405
0.43000269426765975,0.06774636474240474,0.02588953996557046,0.0022657813447273284,0.2615790996537081
0.33116681903174117,0.11790509929666385,0.07008154987235149,0.0034203759652730852,0.23227371190793406
1.2999463058154435,0.06655898832050532,0.025723311238347174,0.004536154228893147,0.2380936368420384
0.487639679799141,0.08800701715910175,0.04375134605224736,0.003556118267968044,0.22402450338998764
0.6709529324011918,0.04753098808556845,0.002284234744018475,0.003346460823901079,0.22278770429154215
1.2230666152897336,0.05412311662625478,0.01410067423486493,0.004418216176432531,0.22322284493490854
0.564430615077218,0.04945426163278646,0.008271528856775172,0.0036875389686895754,0.21288149717645738
0.787750177650138,0.11724563469444746,0.073892745507835,0.00159942650876121,0.2428246771066676
0.48386591819096864,0.23103675223594927,0.17551500796591757,0.00128451952413783,0.22297086296327795
0.8035973884008796,0.2246473673563493,0.16567284875634017,0.00028621685311863796,0.2109009938504032
1.7526714621706927,0.34169182008360977,0.2762471544098636,0.0009483542284790918,0.2270243629990321
1.1768156580322908,0.389737323645233,0.3125826635429237,0.0019555652005141715,0.2325907431121447
0.9697974093200147,0.35292006272050364,0.28045467707189675,0.003435987548584229,0.2288894983463068
1.05275832234838,0.3315811667019018,0.25487224775325595,0.005118441920468335,0.2296664758843337
1.61323727918169,0.35104512937716936,0.26830102401218975,0.0072274161199899,0.22638724690916787
1.8989441003897312,0.37059821085866157,0.28416998837691565,0.007830301631719262,0.23109041975035477
1.1229123276132533,0.3867922755380438,0.30066229601641536,0.00881690412584949,0.2160560460131614
1.029112828349098,0.35883622326370834,0.27868229239644593,0.010668637778410275,0.21252429272058443
0.9132199451469062,0.3670877286881368,0.2850595469755899,0.010039497507255728,0.22055585881501072
2.109128126099186,0.459139347634577,0.3635615297161171,0.008384638421078103,0.2308725367062337
2.0768762405696504,0.4545976054597587,0.3623553771170567,0.0073324255203433076,0.21299104576762284
1.5508580046238132,0.365503715921539,0.2834572197022025,0.004915612104608259,0.19490286319482017
0.7122807819177063,0.29797558851281514,0.22791070881822356,0.008542017929883492,0.19066857075162885
0.37681968611489153,0.27093388578757,0.20111020207333252,0.009105019514719512,0.19522159697209482
1.592249540315337,0.20457521586696065,0.13606015271516228,0.010298777478006673,0.19307918114782655
0.4864232447124402,0.20270897232272847,0.1436864660152904,0.008041336811963404,0.18210167539784455
1.1438177145543265,0.3256920267404771,0.25445037707999824,0.007448748282051132,0.1897230300996707
1.5416785828299817,0.4244997611472664,0.33754633413588736,0.005194350062218488,0.19097996458310373
3.0195374476248644,0.4459012673073225,0.35003698416071655,0.005416641962711895,0.2062287241836315
3.3792804827633054,0.42139769372694574,0.34461085528945695,0.0033199883658595977,0.2185544279267095
1.5399523476377917,0.4192525995127793,0.33541285284293765,0.004459956152626647,0.2244517866338237
1.542968833196063,0.41458295366079667,0.32977137256844746,0.006843832481846437,0.23368307264951668
2.2066712747067654,0.4648861711123668,0.3675499688293446,0.00983417187333907,0.2405129176619052
2.483167423875385,0.46480800014648066,0.3721289541061982,0.007875931507044232,0.2442292514571734
3.1871435524750082,0.4839795422436222,0.39172675974776144,0.005704212321959473,0.24840460236716752
1.9903604808842266,0.4505920222824502,0.3608887690539151,0.00497611421714842,0.267920504952172
1.680798498708037,0.39693783204448196,0.31237209030044266,0.003430808681817539,0.26717894482122717
3.3098732687783916,0.5099165784906435,0.4101365593080989,0.004903174927217995,0.25805851564439264
2.965223933195779,0.4833377358045558,0.3838807422156464,0.005553934328589356,0.2583731024732958
2.2840668424244224,0.4607310124967953,0.36989657679339666,0.0018274572298502155,0.2812009525731116
4.118970951597363,0.532344265530576,0.4327801553820157,0.002901045168447018,0.2757012537399316
4.229189599534313,0.5015748514197722,0.4113192131001218,0.002867575810637283,0.2651669992778931
3.5905607945672875,0.4805043364807784,0.3932603788242508,0.00274829407248042,0.2830873572164545
3.591722472825748,0.48892626447144744,0.3892406842796027,0.00305471826404095,0.27568905287547646
2.3457760453109,0.4278984727768994,0.33691612573301716,0.004355925369427757,0.2824386504246345
1.4157399365879522,0.40610697514661237,0.32142491682276664,0.007916387969186919,0.2749697573170093
1.932620110908255,0.4494684714849811,0.35198750450912614,0.013487791008455138,0.276628690626241
2.892441546711544,0.41846188596670864,0.33178998190785003,0.012997228938603158,0.2754054685479413
1.740676446533295,0.37321392472654624,0.2827575918755498,0.01202430309661416,0.282253300739906
1.6498000474411931,0.4342749124753559,0.33818058678668883,0.01276088815416917,0.29735485550642543
1.8340684858085183,0.3712735977281019,0.28731849475452353,0.015602662425690984,0.3127082239076676
4.0631218212498235,0.3354137655960301,0.2616154163290285,0.015104498630562261,0.32399794991111364
0.9789194631280939,0.3115668550925158,0.23308597042954352,0.01644731624431158,0.32327700520498126
0.7632411133894053,0.31723049460881136,0.23272336907363098,0.015900706970256962,0.33456043421641257
1.2078707740595072,0.2720781573940045,0.19172403436856317,0.015487611801789022,0.30048118331536056
0.6308096231334741,0.3091083062477486,0.2268948174641782,0.015173086645411548,0.3110143818698585
0.9233865432351158,0.36971695388144166,0.28256069740390566,0.015038930870726105,0.29440627712404854
1.4802269429177966,0.3980097406621343,0.3053699841807187,0.01228720476422809,0.311171972883662
2.677738635660025,0.48772042407272104,0.3843461134818815,0.011913048087523168,0.32060353595780905
4.040608582757157,0.4830467644703629,0.3756191604659972,0.010404480141958291,0.3310695565151256
3.38893185030892,0.37644590695965285,0.2991414412628553,0.011479109308065505,0.3168581687158569
1.7644697304682524,0.33368671891950746,0.25667567962301024,0.014121530973314297,0.32587199942882183
1.0224448623601747,0.31526932802819324,0.23107392312736608,0.014774428417681014,0.31361479228791006
1.0439536169200754,0.22982496018882567,0.15329189419202993,0.01688333837273318,0.2879209629667175
1.3386760984506556,0.27721700595769727,0.1953490506619135,0.01610372289579729,0.2957063552975232
1.0587458185573702,0.2846281992289277,0.20848324110060693,0.01803939814237994,0.2914799229582968
1.107560037640216,0.236276381192413,0.15654948854984857,0.019249550484661492,0.2955786742917174
0.3297755610960885,0.21700874823971414,0.14255023788726065,0.02096346280396816,0.29802174389301495
1.3823638776753158,0.14601085220079663,0.07188765849885909,0.02238596359923398,0.3044971761089686
0.3095849404121564,0.14007230596091857,0.0710778210184538,0.02213577960709027,0.32051357815865167
0.3274724940258877,0.13497438971912606,0.06597093396446811,0.02217349779452535,0.3311796966674054
0.544452432469439,0.1028566597153767,0.03401997245487248,0.023291067230285522,0.34827746292954953
0.34606870343468793,0.18130058018533296,0.10576661305312468,0.023925055684130395,0.35017820912678854
0.35082681358136986,0.16839390458038822,0.09550494873683359,0.0246387522743661,0.3475300641895477
1.1916323412756964,0.21063299201690583,0.1351336666708757,0.02651470817533179,0.34419348677746536
0.3703391186179516,0.21729704806328157,0.13995230664759206,0.0243220559747773,0.3280286615646676
2.211506716234587,0.29537418547746636,0.20454479895750727,0.021347760734017555,0.33292937237799175
2.487397429488124,0.2444862975579827,0.1705066029785306,0.02405983970731606,0.32340449965726
3.366508872425393,0.40883847606703017,0.29949204271030555,0.023379064314871346,0.3297740791281602
4.109819459532187,0.34931459116890456,0.24665214920796275,0.023721735311795025,0.3371272633184925
0.7276518623042844,0.33355492772212186,0.24512111449884674,0.022039937529832843,0.3311987514865269
1.6084145846650624,0.3421695029521241,0.25780714124297455,0.020007369238915978,0.31960525851457794
1.2386599580206308,0.2530858260777692,0.17852349370981974,0.020920275600702608,0.3382934463232396
0.8432459621614531,0.25348934902668985,0.1764337841223092,0.02218914865886073,0.3277938221363764
0.4633125995295928,0.296476880377813,0.21212646153224862,0.02172902429491457,0.36006772888324323
0.6080924991975645,0.33560274841760224,0.24652625002148082,0.020503598039849965,0.35671110114045074
0.39192291829005266,0.2627719685998807,0.18082860223816394,0.021539511236917646,0.3612516404335648
0.642535180784628,0.21627204978575199,0.1437152308916971,0.021117255849316053,0.3403601768640036
0.8386793032024547,0.25360292623829833,0.1765667291967211,0.022141801567847716,0.33365825304610347
0.42729853825922204,0.2707129906349744,0.18836092998297474,0.020788384579628838,0.3211994659683544
0.7560510512148989,0.2452573437919568,0.16940718900032853,0.02161395443864071,0.3112288072924197
0.5271230609606667,0.19184346069306557,0.12168500740845957,0.020725272517685515,0.30586617470214467
0.604757583784977,0.20832693443889688,0.13996877218201986,0.017529834421988827,0.294357903892253
0.3143080494336131,0.17895102312515077,0.11141216446455779,0.017743537558325133,0.2862541666572541
0.9515520008222847,0.17591884070228975,0.11110882552574641,0.01849030897115435,0.29255071705948865
0.38257595198963407,0.24062212283488504,0.1626970163481458,0.01980016760234663,0.2777894421669917
0.7220970479747424,0.2533012651898834,0.1810025582470849,0.016856394514740643,0.251120616232107
1.4889824678394612,0.3104084304178063,0.2239045103348631,0.01641666749253742,0.24673858814612026
1.798821072303045,0.18623711455686254,0.1270545535765622,0.0138608304102306,0.25199660745193475
0.593404814895582,0.22245911474848523,0.15026177035335417,0.014716078990709465,0.24038391052201072
0.44407124499153905,0.28331898518338516,0.209845669898686,0.012324775373938572,0.2541991134523733
0.4175110720353203,0.2844614051590216,0.20977107819274904,0.012923646327093185,0.24239456039902235
0.6984880838783513,0.15661297973375665,0.0921484138819109,0.013320191859204135,0.24950912642745904
0.36662127048996046,0.2013899252770157,0.13505833366130438,0.014801863636243539,0.25083557051151134
0.3732009277324635,0.1664191568755072,0.10629069434911433,0.012098331940868597,0.2609113264138561
0.3254222659788172,0.15488967899731293,0.0936147493935764,0.012346762403372223,0.24394363162714497
0.38065867596901914,0.13936154578785573,0.0784418690390728,0.012942703412694965,0.2616424131324651
0.4033460968610699,0.09642609641324311,0.04211000789903012,0.012441964815328383,0.24371807249554037
1.802982838762851,0.0679515364593923,0.00733143153584747,0.01464957392773921,0.2463848665206177
1.0179764961656381,0.057103475089261245,0.010873724484112179,0.009877889296372757,0.2623353157981792
1.5072140062532007,0.10232972715043515,0.054376906786129206,0.009437805475712982,0.26572400542149005
1.1615809239259904,0.17094357564595747,0.11764112440075852,0.00791469879984625,0.2617323314403804
0.3046281928931209,0.17002023647045197,0.11315066950634214,0.006683122299997012,0.24274103782583284
0.7133982773321904,0.07824135793055731,0.02559101201863742,0.008309264093608805,0.25826808246377964
0.3570814587627408,0.13070117244703633,0.07378089315896119,0.00993582387396851,0.2568615367384622
1.3088797447766136,0.1082073419303869,0.0589916375194866,0.009762532051007508,0.2647758032335461
0.48348368882941356,0.21272740156079323,0.14876314738380694,0.011973900011343052,0.2639725817289369
0.810759578567273,0.28549558968391286,0.20881161873245155,0.011339345748763828,0.26953148388381915
1.271890180003615,0.09582012226675038,0.03794366750234682,0.010660831659304678,0.23829336581867414
0.9325864438057873,0.08091499113201102,0.03159266800622318,0.010982370541931286,0.22285351858238162
0.6502747257288964,0.1311607540775943,0.07205419218140569,0.010484311742630974,0.21020967972583274
1.3629771579786465,0.05657895931081089,0.0020108732868926726,0.010219758847879318,0.20726228536365507
4.977268351564305,0.06592575300830435,0.005393480382467047,0.011033454745077565,0.2074581369348172
1.847414388498002,0.06510260694325946,0.01864540643210988,0.011505197511593112,0.22028463557852795
0.5316986801062035,0.05721203782851649,0.004104046779673758,0.011130397550690507,0.22305929952967166
0.48829114029043413,0.17980310310616887,0.11692700807762567,0.010244077071102493,0.22505146787777522
0.6984283883100731,0.14689840087284037,0.08580693541132181,0.010840515891483934,0.2216477195787829
2.025773900618173,0.09603486347793061,0.048727630211340384,0.010366862157302674,0.20552726599915766
0.3327162605590029,0.11213772234077347,0.05437799638038164,0.013850244078847048,0.2051484881754763
0.32280166706355107,0.23718955192330948,0.16363374176142081,0.01731100990110644,0.19194147398677014
2.1170901162269002,0.29574435849619807,0.2220321122745268,0.01675853000497078,0.2132539903012427
1.9125279560155442,0.31643861143457436,0.22630422397416955,0.018442320766610662,0.20255767392655727
1.0554914145112697,0.2677194738691135,0.187731073718882,0.015980201077792012,0.19981629464545944
4.302416974720953,0.3331462712877964,0.26113895927669334,0.013899332530241573,0.20218919872500152
1.0896522108133042,0.26961637779838843,0.19173751536262668,0.013528659141484062,0.2148379558816863
0.5986603484316212,0.322854008077153,0.2407831437148898,0.014007061416347175,0.24088000858396888
0.8006497110377903,0.30398482394220355,0.22326971740961166,0.013338489718539435,0.23749198034346733
1.0177929845261886,0.3574665852601732,0.27479653409421395,0.013473990236211295,0.21602049636475482
0.9402522828625127,0.3665229078138583,0.2810385779788437,0.014089782848889993,0.21180069333202756
0.587718105220374,0.3266164052337437,0.24538378777162093,0.014196200859376732,0.22711357967079676
0.5511643602582269,0.3171597491839978,0.23703258470817357,0.014551800713375874,0.23664552396813113
0.6804816328170897,0.3340191348476766,0.2488716076746582,0.015377033727952521,0.22347246153350933
0.48149561345901953,0.2734449764769667,0.20130900590198914,0.01277093272547391,0.22019769594993274
1.4051392535812082,0.2972933987393889,0.22355433975938718,0.014881054825073299,0.2208912139582171
0.3900690595025491,0.22724756279838365,0.15759667969219138,0.015464262631134828,0.23040201882356998
1.2363746205795383,0.2594634165772354,0.17944765581855865,0.016532531910249802,0.23003865244139868
0.864139150075938,0.3063201705211646,0.2280833389199469,0.01644167466253082,0.22821708700148008
1.0788452405399036,0.3358786999589302,0.25564700627655484,0.014893595183799912,0.22499926425022318
1.5643103732787573,0.30167044828944334,0.2269172897979788,0.015768788672336224,0.24787725720594825
0.40894658505582565,0.284633936407192,0.20891043590829356,0.013368241025613308,0.22303233784336501
0.8790561205423635,0.32559831410706097,0.24511754969087238,0.010314124997794608,0.21262331316615835
1.2373223655256793,0.35561867922930374,0.2709414932731585,0.009756737073171434,0.20083701582391109
0.6746770653888909,0.3274793586256006,0.2522062488374987,0.008915056133475199,0.2084988956735713
7.317583610181244,0.4491817625014466,0.3676452350334262,0.010272898927168352,0.2261967737746625
1.9980227199790463,0.4503975131165555,0.355952263388905,0.007735979734540742,0.23759376152867734
1.901220382393576,0.39498504459321027,0.3068712853973324,0.006549339744985462,0.24133010889983972
1.9974270959907312,0.4142876406821317,0.3301991380615709,0.008408183083153931,0.24562056153875608
1.5744314700561053,0.41065955974183094,0.3256499730399831,0.008225176939387678,0.26093948435333064
2.2029628701205493,0.2981531763870868,0.23353319414835683,0.007353287217626076,0.2825966891834052
0.7741017774550505,0.20753629590171768,0.1443098829967408,0.006574047835987023,0.2738123323929341
0.5314865697976215,0.1865834239364582,0.12744975912793155,0.01009218382978912,0.27480630358905417
0.336319642798048,0.22867792191410943,0.16322886626060826,0.010456320162112667,0.2926905540274197
0.9250493536017669,0.30316556031486197,0.22610530671113738,0.009260521595198825,0.2964446762270396
0.36366631588268256,0.22445658133837068,0.1560077773129928,0.012054106163097043,0.2923717498456814
0.3884186237452796,0.22049141674894873,0.15621938835858135,0.010780528699349676,0.2889156186264673
0.457499016979161,0.29700523422554803,0.2238728473734355,0.008958787529326565,0.2772371671716844
1.25925951911124,0.32378275931170847,0.2432828934848799,0.009247711228026007,0.26005633875510353
2.395676531437923,0.37449823913496527,0.29622426157326903,0.010648342337359727,0.2630932037330853
1.8415920878081569,0.4445980670578738,0.34789051532446646,0.01143264083533975,0.2722482726671183
1.3967143974779945,0.3708413990971423,0.29260118054392237,0.00824495184722607,0.25480612659816165
1.0732804639743556,0.3422404731748362,0.2675814032880163,0.008104561239605313,0.2581504387433927
0.5644832854832773,0.30059821651360236,0.22575183521128908,0.009030885275276805,0.24896848377143527
0.49862010385844896,0.2956454291919208,0.22193653817021863,0.011175965016940993,0.2409670622091007
0.46723839954683916,0.26538662441836297,0.19402934643211267,0.012990757175664896,0.24038944129494044
0.9257262714900085,0.16528907116325148,0.0976333883432676,0.014998293403584537,0.2223852826452783
2.521715460484743,0.13291998509698882,0.077777770001006,0.016116225896643143,0.24871398547768092
2.4538744002493496,0.21544510752050766,0.15211864262368627,0.016327514947643465,0.25365744715104727
0.619356451957375,0.17837864598787334,0.10927910999614027,0.016136019282227947,0.2673739521248187
0.7336039085453774,0.2343651860906681,0.15837000134178209,0.016741920555216762,0.2682334331455762
0.4576222257967417,0.2746324888881203,0.19808100394478745,0.01696389367922645,0.2649049209650092
0.5508969509435108,0.32022272203292446,0.23613813146415744,0.0181053965020179,0.29249431336129444
1.7634174694569558,0.4429350679377526,0.34077401455590495,0.01752591023243498,0.29978132776125177
1.6810187703966288,0.43825360275431874,0.3375896672491216,0.01702786731162675,0.299980520974447
2.282968881901711,0.4656505425140631,0.35994254606953363,0.016291381023365567,0.2897035924063322
2.2384737472996856,0.4240344711256299,0.3305497056621071,0.017186432090378206,0.2996174568678594
2.1509288766580488,0.4504079175041733,0.35046870292583115,0.017704461634108326,0.28832471496151596
3.95018661156879,0.3861621261162036,0.3001630989341547,0.019966482978867058,0.29666905473891747
1.693420855875457,0.4407050470948372,0.33654387691986654,0.02082673495845875,0.3087007393771539
2.3338161321950177,0.38444104421096187,0.29406726545474204,0.021423478030784714,0.31891824670120894
0.6992274350109733,0.34994439745417216,0.25721789164409076,0.021941285789395405,0.31602078254027816
1.1554252657213082,0.3094653481327329,0.2179714436265262,0.022509262020065608,0.323478319818871
2.1976908617453157,0.36576153037453046,0.2754380929129518,0.02406174445693397,0.3189049828620764
1.1165935268789184,0.3968537925434781,0.2924041970465367,0.026614812031578523,0.30632573356808723
3.2150922828570536,0.5129764862063055,0.39206845627865355,0.02760735270746631,0.30740015197583975
4.406699159079828,0.37617530713101244,0.2865451741545736,0.026028669301817645,0.2874271815062655
1.0449428925375606,0.38841509227489857,0.2892468624193725,0.024457100124700547,0.28112738426736084
0.6228374462076927,0.316900218552627,0.22767586788591437,0.024881573411308266,0.280663103702972
2.196394122601667,0.35803748529819834,0.2713394656578357,0.021481070689330924,0.27253357687517427
1.3640852930159975,0.3857527523999838,0.2889337031236493,0.024709787730720648,0.25760713179969225
1.42584465187315,0.35801559501332814,0.26633447584052933,0.024459091740104428,0.2530966506138509
0.529497247243594,0.27103103377449944,0.187189746685193,0.02150340927916488,0.24833019204433274
1.472801979206526,0.2739086269851742,0.18726950319943927,0.021028802462145748,0.2253161545353543
0.36275132753165285,0.26478855198717965,0.1814077732770823,0.023213646404884346,0.2357022987438965
0.6475838547560511,0.2392546642923108,0.16153913745757423,0.023750956369374587,0.2538733302014567
0.6202654079929825,0.1847588559177601,0.10584952310596749,0.025422709957465796,0.24955600617214155
1.4897350391199073,0.10369192789953452,0.04138531528636698,0.023734979739969842,0.23403176236936107
0.302588992639235,0.15470266818626882,0.0811586973831131,0.025549137150153764,0.24088246686686038
0.45097365652245386,0.13690869610934991,0.065541409397882,0.02665610211228569,0.2289485678235827
0.4806212018452292,0.071039321541274,0.004842541276126343,0.02352040203828399,0.22389081980618264
0.3610733997004414,0.21067360062538348,0.13303829532290778,0.02280882513560486,0.20598115071641374
1.0179106901202977,0.2736707738192967,0.18695409424033949,0.02223402541713787,0.21099475429741196
1.0299272431141986,0.3030279634232915,0.2196085752374322,0.02285552441342161,0.22200282520116996
1.9447701459520645,0.34848357109757744,0.248550083886663,0.02429176201959515,0.21741344481875083
0.5175606802753033,0.28851475414479494,0.19943712967509347,0.024999945390685112,0.22592595814436034
0.5913681551996802,0.2661960704095009,0.1843940292954178,0.024317156725766027,0.21653984687865177
0.8320723037307827,0.26340336057906194,0.17688649931652242,0.023795678461945576,0.2206461054158223
0.431111261971283,0.24844657433160322,0.1668369224055635,0.025398752386538152,0.221947967143849
0.31006078265049847,0.20417698108236723,0.12430809419916869,0.026362871692782047,0.20457080940085387
0.4088767177153853,0.1069178158128242,0.035721660535416935,0.02606488816488975,0.19162697095707357
0.32624494028545087,0.10876772235281536,0.04057847419893312,0.02402943806480136,0.1981748670573827
0.3111496782856582,0.16914079196816428,0.09407246560381433,0.02509816471544616,0.20674819637366967
0.696523461241528,0.18800327617108767,0.11801750196472882,0.021624817163973176,0.19272763301794155
0.33536682209464197,0.24109917485924204,0.16331555654850377,0.020149959131898595,0.19451061322186322
0.6023332388880407,0.3270878764879761,0.23910358053797992,0.019578794823649694,0.2096535151034982
1.2355421552301216,0.23011969737996132,0.15824295052505977,0.02074537625084836,0.18705190074746633
0.5238080554252196,0.18939266488976497,0.12081846096059237,0.01930241527780429,0.19065677039192197
0.5195713988766858,0.15638162578473486,0.08826727978381246,0.017728769443199222,0.1912060907603345
1.39795271336146,0.06661648547887407,0.013674188697414782,0.016919501176085865,0.17856613090784074
1.351996516750042,0.18048082681060987,0.10936542898585229,0.015937090272077827,0.16264812522367444
1.0411531710762412,0.2187034926538453,0.1442807249804338,0.015916707369906403,0.15303432165036948
1.4954748186977542,0.33308288966402244,0.25422881543965514,0.015256054340477738,0.1609565808674931
1.3652713616939087,0.4068614142737812,0.3178124208572853,0.011787174658567243,0.14841998876121174
1.3252079004803747,0.3999934612905239,0.3099523710704182,0.014246218859070622,0.15182971603457354
1.8403745250775139,0.33585219674091893,0.26031165525654076,0.012374795996554543,0.14476180251274312
0.7331727471391305,0.31158124587641595,0.23719909555567303,0.01099922918529781,0.14108035493626006
0.9843974793895462,0.28866709977502536,0.2118175402277158,0.010503438642320624,0.13990996376685072
0.507726327050152,0.21361705282181195,0.15281869588516178,0.00875869773729551,0.15161683039456736
0.5865705756388093,0.12948537637213278,0.07654349997766144,0.009419441079601834,0.17207627560952093
0.35612211990057596,0.1675382748992351,0.10798282969803955,0.011234415020845595,0.16312961424221134
0.6327201438944904,0.16281378601939395,0.10545255781172193,0.01105934662062238,0.16365413002164264
0.43378862225311426,0.06165277326505306,0.008526273416936805,0.011385351477672199,0.14377770108409146
0.8765458476169579,0.07560092668079993,0.02136419250048109,0.009588078246756629,0.13668221561476326
0.5983966718759208,0.08089997535532227,0.029741497169535263,0.0070193087922353825,0.14581579630681354
1.571589710692751,0.1313687586848046,0.0756960210157545,0.004704557948304174,0.13776256131804102
0.902330177218678,0.07848779251648992,0.03657045800999021,0.0036270232807456325,0.15407308031239653
1.152306389431255,0.11244843367149174,0.05852400834511611,0.005506886946008038,0.16186345217358794
3.614692732675337,0.23854893505221114,0.18570072202709767,0.005073700960998706,0.15830862738403484
2.51383561006569,0.29032239868474985,0.21466527378437564,0.005948826462803531,0.14730627439948188
0.5874359532756163,0.3200433258224001,0.24839294694733519,0.003943500305620351,0.15206707665668787
1.235722607124749,0.28910369413341025,0.21701934529312125,0.0049245025271658725,0.15944833989839605
2.9248454215425537,0.3097495416678626,0.2292630167029372,0.0077839379436780865,0.1547444495890277
1.8210220525876704,0.20938723998289394,0.15152187578153098,0.010151583529623514,0.13427045357755915
0.3406312076632577,0.2315971506787025,0.16407566251504224,0.012189856815437368,0.13727696847055265
0.34315216483907784,0.1853463504871621,0.12185988690016367,0.013322623183829485,0.1491620098519182
1.2947929737169632,0.16929040943534202,0.10280816259749938,0.01250855956625798,0.16136248865490332
0.8545121210075431,0.20321653939541967,0.13907730640568844,0.014681125304188504,0.1562869493603523
0.782927920165143,0.24612085804780978,0.1697101087805237,0.015634056059489105,0.17519052178670944
1.3719730325407469,0.13639083416457218,0.08140251289464918,0.013325810380209692,0.18024914253831398
1.1036032024221578,0.1560620029134267,0.08895728476863396,0.014894311278481643,0.20911269176055608
0.7485234332936935,0.11456943405467368,0.05709895189427481,0.015901363493128397,0.21898653648304203
0.39463868844990657,0.12721401558908574,0.06366308723570427,0.016631914490624955,0.22495315638153401
1.0598090291496614,0.11931174056098881,0.05407397149535395,0.016541443435248427,0.21845094652241695
2.306719051794424,0.13190666987691,0.07509498980717497,0.017493925574320474,0.20481989821332702
2.7514470540767744,0.07158523412269865,0.005029370747769379,0.018964025493783995,0.19785030287803274
3.5318149406383643,0.13669563833624346,0.08130600063084785,0.017639845474284974,0.19229519771244138
0.4008997848410003,0.1152651282137785,0.053657294429314814,0.01825934879185763,0.1719784554913585
0.4186131033842927,0.11689231648520548,0.05594494668953305,0.017594820929201366,0.1565192266538496
0.5058751547107073,0.18247926120936223,0.11780093587713206,0.015939045217555407,0.14086654760596135
1.9586402142777666,0.21946067420717044,0.14431886882420666,0.014717812515649005,0.15506769150070113
1.0504335828725806,0.2182928939439441,0.15318221481202177,0.014646839308203064,0.1435534313832488
0.3963053201782864,0.22445300472120416,0.15428787870896332,0.013470772188564907,0.14973637038328558
0.33484671427279045,0.18136563839405595,0.11931945971577448,0.012166768880849076,0.12868381668420134
0.9066307162111347,0.17618450246919737,0.11510833412761712,0.014489849907620651,0.13996679471382073
0.4517069472146589,0.18305504920643198,0.11617623939569806,0.01412716334532515,0.14284646652149058
0.3829227969426687,0.27438663963842524,0.19822884512007444,0.014965581667051487,0.14711619755933852
0.37427700071099496,0.11849971250027333,0.057789976706449225,0.01684778984516629,0.13303659769502327
0.3716379242704672,0.0724039856621943,0.014299397336701665,0.017658179404882644,0.15284458534440198
0.333733098255432,0.11295448294507238,0.052059646016104195,0.016940249149877358,0.13670075207519122
2.800142754072495,0.15982280170477153,0.10005067897358526,0.01879536109767868,0.1214536437054167
0.46375442402364886,0.26484928863865187,0.1884366544322152,0.018077729427950242,0.11130311902010499
0.3230305690012016,0.2371372406177437,0.16061960984208187,0.019465977442689464,0.10305201268196072
1.0455269889256626,0.2890043083072495,0.21158174922921308,0.018544336839520732,0.10340057079607483
0.5098818909426176,0.2990591451083454,0.21764397096261964,0.018486739611450524,0.103689506150061
0.7602222108145416,0.3418163855646278,0.2561201180514365,0.01758327919357794,0.10124789711265961
1.1914096524825282,0.3472083219197164,0.2556222837747642,0.01781383524245606,0.09957736120318059
2.251314529447781,0.35469631368924537,0.2577951994787268,0.0196378244268741,0.09128517031997185
1.2877863300263108,0.4090166534059386,0.3100319376339782,0.01961607732403785,0.10506682683863654
1.8276253082377172,0.43597872247389713,0.3350092165207865,0.020071198403098935,0.10207951705187442
2.4278683871353146,0.4047415707205811,0.31192788397075977,0.02038728086108103,0.10891253915408979
1.7491251591458654,0.39053627350986797,0.29157546720568783,0.018444304170257983,0.11976131796549153
1.488696698529596,0.3455078972240093,0.25248448895998443,0.01861751702833319,0.1308025418622157
0.7506455164796871,0.35511592388130764,0.26280236465891477,0.021381781508307635,0.14751598570380445
2.622122617578763,0.44833157373381427,0.33951718002230374,0.019245899405717852,0.13695586362811393
1.9494385782071397,0.41413751866328435,0.32137392570927836,0.017151039697899773,0.13401726214239632
1.231909890671965,0.40398801902289244,0.3099889426667641,0.015952632435885343,0.13186372108789032
1.4358352371572825,0.41753194010665656,0.3211195976960718,0.015099664516404713,0.13393156781216795
0.8714935443440087,0.35088328593667806,0.2677193472742348,0.014241055866227434,0.1653285552806863
1.4955832473895054,0.31557369162856186,0.2288262154647198,0.015966481425207353,0.17454417649005063
1.6417783255678913,0.4338509194000509,0.3363668839195007,0.014323112868134433,0.17676964645411997
1.6019751392415966,0.39628921697803227,0.3088667894712649,0.01382121250649639,0.1751620131664831
1.6694136999063844,0.3435335402846354,0.2654120281072635,0.013438379122425244,0.17423780276081433
1.082406887267204,0.3523879640579,0.26975470092133413,0.014609762813691371,0.16834303627868344
1.9006067285870567,0.33778378604730724,0.26032214587102176,0.014235444391043536,0.1745356078055522
0.44231608590594845,0.2648360708978945,0.1890748466523791,0.014538803820623147,0.18970816480210612
0.6232439278220827,0.314663221244553,0.2367561198475164,0.01345019872450602,0.18758486905767224
0.6448174948370071,0.2379161551816183,0.1715594464206141,0.012303054730828804,0.2023110220001918
0.3682957325746028,0.26677218040575534,0.1927314588582655,0.014261847477960304,0.18847742314995924
0.3489277408423522,0.24525766299234625,0.17112972800600584,0.01584249840685156,0.1934524717395724
1.0757987203617527,0.17341877263738154,0.11158587998936084,0.01605475221886801,0.20401120417595534
1.197625319267706,0.20567996727769686,0.14036854660446874,0.016643012570806644,0.1927755674488528
0.8602604551831702,0.26748618260739426,0.1941027155404085,0.0166894919159605,0.1909598677299995
1.4848747934302793,0.3814764789636321,0.2935029686573922,0.016735569876693893,0.19861703923951254
1.8004876675499109,0.3664482113796603,0.2745813987755395,0.014107457938051163,0.19359726643025538
1.4962507433075967,0.41276728992186906,0.3217770177423561,0.013449450691198486,0.179768210242112
1.7478419655820114,0.4246411460931266,0.326699077465596,0.013927223391046182,0.20668682151136597
1.0458080016919264,0.3644244692058643,0.2741964224443347,0.015234120513536509,0.20310539263337274
0.6807000628157315,0.30294389332818317,0.2250625898684659,0.015640085433809587,0.17444483548935302
1.602036250428336,0.2576979550182252,0.1923808652595859,0.011801320484381688,0.1915227859062845
1.3468173468766758,0.2450451846888133,0.17980262175637873,0.012601678635732898,0.20636272621076915
0.9407997670446643,0.2468753937810846,0.17357088096587014,0.011930412346503291,0.22872607527951827
0.9940807302484632,0.24337175231127917,0.17715278566933135,0.01280294265821741,0.2268112540712512
0.3597503873453308,0.1685452589701696,0.1056445125170082,0.014566630427719107,0.21168949065619078
2.8134271027201003,0.09847702195693778,0.04887749792945817,0.013877302958699713,0.2184811193982329
2.9459684203767176,0.10853127714279978,0.045221329270353466,0.012438514168456547,0.21015283719069824
1.6259343243084998,0.0625549535108858,0.004871597102823977,0.012403465511438313,0.18939780155133015
0.3494136242344591,0.1290470319759175,0.07167401387382309,0.012390575042501902,0.21539436092584868
0.41144945541322553,0.15866980937563097,0.0955070436562573,0.013102871927271649,0.2353395356827276
0.4280261042286629,0.11071217007780257,0.05608025360902476,0.011829346749673465,0.24556354327638685
0.8959926458617542,0.07438890451384844,0.023176326454969358,0.013257117133108967,0.23941608450622115
2.3277288171185533,0.06352775000455327,0.016004920860534837,0.013603256924081724,0.23512249034929722
2.305035485432235,0.07555466985253552,0.027420074616008795,0.01329656858038378,0.2370948472965662
2.1121758800805854,0.06689969515345347,0.017065647017670438,0.01528504074465386,0.24123118131336152
0.3792257171265988,0.0804424076136889,0.01954704453312299,0.018208064536899344,0.23072442952012107
0.45115021124230603,0.0844588529379104,0.02834547515453128,0.015506862821421673,0.21212127097284697
0.6792166733988729,0.09410599148779236,0.03191895546495783,0.016740367039704343,0.2144997692972529
0.6950692375416018,0.09087076575359973,0.0289869594857891,0.016646485364072816,0.21939390954144647
0.7384919981356101,0.09635145214586191,0.0349818437774555,0.015523293758461102,0.21171282675036152
0.33612436887894587,0.08630089783477435,0.027321295822522695,0.016608344074567197,0.21135080912094414
0.3286313081794883,0.14901701918278393,0.0859527159384361,0.014694631897126052,0.20413946180402856
0.3367958221235287,0.24562833384931743,0.17476911847996796,0.012745258144028474,0.19468397674855364
0.3943606704850659,0.2723770720275862,0.19755701792575378,0.014715876207879772,0.19640113284342078
0.3394131298086746,0.25267712303441603,0.17900666361742332,0.015005224127199727,0.17547971345111035
0.714034660062131,0.34506423445935014,0.2599532145733023,0.014269058498546896,0.16687129942654919
1.3485425066239087,0.36568628226052147,0.282098860720182,0.014448893084423953,0.18477282832403133
0.4644676774539259,0.2781735861343654,0.20193644621202889,0.013473910941317802,0.19571486176708436
0.4755042948264401,0.25087710121375484,0.18155563371863917,0.012851537329664934,0.19932030783700172
2.412615438433408,0.25204750207603055,0.1860871230169521,0.014826821936203225,0.20138733788551128
0.6299082855343359,0.33635083711793934,0.25208065248514966,0.015355022981620978,0.20575867529050534
1.3916729919207804,0.3128346672261407,0.23600141433867763,0.01584124569610169,0.1818145104015461
1.1394979843144881,0.3111859391967134,0.2352404582479354,0.014390787547427017,0.18796176947415236
0.5477068162221315,0.28837955988432423,0.21065541231926288,0.013293536762550807,0.18078758145679039
2.9010442574891866,0.33306028609634564,0.258089391147864,0.014511623375254634,0.1613110117902983
1.0902406189908258,0.28112986778043514,0.2091825169748839,0.014216624992266667,0.15021496497369533
1.0194174744466058,0.2767954012090869,0.19476360681279264,0.017081380672100882,0.1829512597771386
4.994159037690908,0.26164728091056577,0.17389231986219222,0.018904177320328036,0.16448047453683917
0.9354568992884119,0.2492721348900573,0.1769807418689212,0.018030641963126395,0.13917467852999202
1.1499117685820133,0.180430507021482,0.1074108823086523,0.018298875359999446,0.145994982170093
5.300684345547197,0.14321717199567577,0.08515738084243055,0.022149739098209786,0.17485754519236504
0.9373534441824202,0.06444372773806387,0.00470432076042028,0.02266655066783605,0.19428800662208365
5.657276910009754,0.10228221001766319,0.027821516262661782,0.021545878249197337,0.1752176499945905
0.5429037462727944,0.11693623325600395,0.053024844174403174,0.021319249810260833,0.1887510776602455
1.980044903061437,0.05797951588771967,0.002531005364541365,0.021299863115775204,0.19966521425148948
0.3742803339068275,0.09961373189821104,0.03388107004570338,0.023384199287475805,0.19415090124128537
0.5545819769669048,0.08647530485537885,0.021328750419588705,0.020837906586265113,0.16363959494734764
0.5568566089774484,0.06452956664425163,0.004015437084970295,0.02197790911570278,0.16368513583854707
0.3569375473793692,0.1351561151877348,0.06401164062332737,0.023871926516820904,0.1681395554461335
0.45581838024717325,0.10674084767914278,0.04037301554195506,0.02411188577348254,0.1538193233130122
0.35006539006537324,0.08951951549681429,0.022764566868341628,0.024800047295529513,0.14887040462389842
0.4341928733693193,0.07967439766844737,0.013161914531790228,0.026156771939326817,0.13253696143808769
0.33961638546168815,0.10596114640358532,0.03604934258284651,0.02556715252255574,0.1173025284666246
1.3864513285785425,0.07852581679280485,0.017688824457704658,0.023921571885443818,0.1163227168555393
1.0633985415343978,0.10433887652075435,0.0383490771175099,0.0262637018313914,0.11909089048372347
0.36257300108323565,0.11947220202835739,0.05119956136786819,0.024239401393203675,0.12153187741597457
0.5798358871227975,0.1548632812064712,0.08110085405290117,0.0232636988214446,0.11397369060187183
0.6360743267009874,0.312663674172967,0.22220834526366062,0.022998335940846534,0.1117914486063658
