174.46150506614015,0.44310003260792885,0.3239026294863029,0.04372586627835036,0.693634631768859
63.114904843578024,0.2218755058721273,0.22216708087448378,0.0034471236497713572,0.036517298399756565
2.0753619024357755,0.21599597827996142,0.15271751640590436,0.0028694504985616555,0.03392277141406623
2.109105226136954,0.19972174827663186,0.14965534708351183,0.0038422119604422187,0.04656777425646429
1.59727986687137,0.13673931761007221,0.09209462964964657,0.003369724335528091,0.0386189324014829
2.307299220254295,0.29930353832118617,0.2247260294881363,0.004016520961866402,0.0462259157864289
0.5153895397299549,0.2744009052223971,0.2119290127555877,0.0029292808168690757,0.03393999177954577
1.8690497327385391,0.2133142213021763,0.16453355745181972,0.000642614454237102,0.03968612230552738
0.4645195101452509,0.15046224131169056,0.10184825635815874,0.002561399720460224,0.04424202257587114
0.42370729504470267,0.16079796096412707,0.10749092510416092,0.0028115537527245394,0.05647175443717688
1.0582861961748928,0.1166899648059788,0.06592013906776517,0.0021682263014755018,0.07834852812376843
0.7229580858547249,0.18116474462280507,0.1245405821885677,0.002804449973043866,0.06613802127689727
0.856738965115829,0.31487986125459494,0.2472536158190409,0.004139012362267969,0.033875347098149135
2.568829584113411,0.2827489222277022,0.2090384061285963,0.004785241101354976,0.030174293154149504
2.1408202102730614,0.30381900529434275,0.2427690259883523,0.002756079045137496,0.03096540657093381
1.8910167908806497,0.3175915798957001,0.25295594231390445,0.003930557082844655,0.0216133005536464
0.7302291015472605,0.3058097963917999,0.2406293067826947,0.002397253859473481,0.00811049049145493
2.6255896888274584,0.2969798575865939,0.22295094165531953,0.0032450231289980628,0.014878729697922671
1.6103335592419628,0.27866994918539634,0.21979912642229865,0.0026137186924923275,0.01143884629822688
1.4042980518380896,0.34248725110581235,0.2682831467674055,0.00015121312379232478,0.012632754869359076
0.6219855523705664,0.32606554162993984,0.2570244394019643,0.0005827358080710092,0.010917666036823509
0.6275255030622354,0.32913774369015353,0.26047453303749407,6.518030755083535e-05,0.027317788710498073
1.92678853820516,0.36561402680404576,0.2967051272353648,0.0011751086801696999,0.024675269275636957
1.0349397348771538,0.3789298316402642,0.3027699199898358,0.00022235152914315895,0.02488188179705157
1.1096342453760124,0.35995161220884286,0.282203440399465,0.0027541564402213943,0.01254850142505688
0.9612786721931544,0.3609105214647479,0.2822941124591102,0.007868380681537028,0.0017497267064757512
1.110242527761536,0.38801105157352134,0.3051635585145626,0.007055955491999986,0.00971687250037792
1.262862865184045,0.3683287577551864,0.2866350178180395,0.01138639037748081,0.03031441296551135
3.6950887355003763,0.434729451551212,0.3485372135946386,0.011039399971557284,0.03146748161103699
1.853201418067531,0.43679533987230296,0.3398394858437606,0.011634938506900007,0.0325509159619954
0.6642294674580975,0.33808877226240525,0.2564934370921601,0.012121648628654823,0.04209073265320404
2.9520546872358198,0.2746967053513377,0.1922507023197489,0.014045433576752721,0.03978474372631866
0.36493450331376603,0.23641852533311603,0.16726522249754358,0.013409614302434682,0.03587884120589221
0.3176912840217404,0.22340525814618503,0.15511787888313922,0.01347915788258691,0.03948926116967041
0.7173053448273756,0.25935716838290124,0.18569485271564484,0.01725535223715074,0.050677792152365196
0.8241591275966601,0.23066984817304623,0.15273307395105815,0.018653605551671944,0.06001053796280974
0.44210519824044464,0.1925153037751912,0.12285528427295617,0.015926460023802477,0.04814263370469188
1.1491230622668875,0.2873098929997005,0.20470760013041034,0.015906897318453225,0.04603242588894995
2.1415888686901354,0.31432398144583795,0.24070853812754028,0.014035682983545072,0.050506123738734476
1.5020372355851233,0.30849302261752976,0.23382262361120978,0.01440399020342599,0.06943780044804473
0.9633355882537302,0.3733327477169456,0.28577581617615316,0.014456734383939832,0.06066188884097264
0.9593240183630682,0.37650445570247076,0.2886040977486182,0.01306380267382971,0.07011090061633689
2.2711626665916977,0.40879817070785973,0.3099935038672525,0.01460153870514105,0.050589170039670464
1.563596943294777,0.393896287570595,0.3043776053772293,0.015979117261034678,0.05100310977838043
1.9131893665737356,0.4480506656304785,0.34677952690000263,0.016341445284626898,0.04059530380101331
1.2674242316689315,0.40425470833753174,0.3101966025604485,0.015104086603259218,0.0417303122441679
1.4536308962291788,0.40790487128726355,0.3113150225940205,0.015484027421383786,0.05056262326027198
2.3433259714450614,0.47057521827733995,0.36758460269231896,0.01488629670148345,0.05787767853638346
0.9334864059477838,0.3507446651201927,0.26983964519904774,0.012150710714034625,0.06343926517369904
1.1743932120525495,0.38728525489497295,0.2977421376279766,0.011765991125556846,0.06262188584473036
0.5159644170877613,0.30369608090548983,0.2279765628962952,0.0118215406486755,0.06496986128494531
1.1128175591525795,0.2503089788469604,0.18377587908874435,0.012547889819965552,0.07001375508753882
0.8128507474182233,0.3397712501991105,0.25772612438805453,0.010686221535035824,0.06322788008643997
2.7026400188150013,0.36152167847459976,0.2859304958265793,0.010429572133103335,0.0506861534489938
0.7450750461386979,0.2777519939823055,0.2043432762168583,0.009069752964670816,0.07258779282704193
0.5915667102472799,0.31553595608158425,0.23777341776730526,0.010317819929333234,0.10097042647758564
0.36976438032200126,0.1943995838827673,0.12916826509212265,0.011812887088262974,0.10048583843612523
0.2976178000517276,0.16993443045979645,0.10868680330427959,0.01177964659413899,0.1028844005575661
1.146273801740398,0.28523252251479025,0.20704326483261667,0.011776376163995456,0.10096130199996753
0.8746158823103256,0.2920137675565959,0.2146380986020509,0.010978224448210392,0.09754125271812472
0.39981467938515936,0.21313802393448017,0.14513732191818426,0.012404098859432127,0.07746623284823091
0.2953572059775403,0.17820182513700436,0.11716755827621425,0.01026096879653788,0.05920266510319762
0.597043854195612,0.1277703837931831,0.07265296089706427,0.01176209529530755,0.05696334077819892
0.6244850034256878,0.08098897733304425,0.02729206646019912,0.009437861555710293,0.06458457975073495
0.5503599980234364,0.09145318755211637,0.039611954882061325,0.007034365471039861,0.07107308678720228
0.6174777209671723,0.0946561554114907,0.04702831073475585,0.007058181958920298,0.06219922233270674
0.39066128904230024,0.09009225234389868,0.038622756168359466,0.009921611992714397,0.06422947189709763
0.6991174506064889,0.07191685320393616,0.017043704320028285,0.011048939434938886,0.042431076308573824
2.4327487891444672,0.21004121378161894,0.1429276920216111,0.006859584602045357,0.05563092642690688
2.338808863156841,0.1850417820510054,0.12052343983859044,0.007072856221238105,0.07193662943251444
1.6464560012772995,0.19291337706310918,0.13862234741160984,0.007856879676106373,0.08888388134067803
0.8065489290697726,0.3000026519366229,0.22900264534327136,0.009562730281920099,0.07647631357979524
1.772283334172435,0.31535693701516376,0.24499134870907044,0.009756539739759894,0.04698958458077106
2.2505271172508556,0.3739433771648522,0.296851227497986,0.008993817830409177,0.06213023454355548
1.764402715003617,0.4343746202633442,0.3413551364733177,0.008526046831239153,0.0459556990601145
3.400484514474866,0.42796273845096283,0.3286854688301509,0.010264786420590746,0.052704493203667706
3.132259987504394,0.46992091051183515,0.378254878476601,0.008164502741871565,0.07425299043760997
1.301602812234019,0.3988096507091793,0.3162869057157514,0.006347271555570551,0.08359009674065997
3.34505847112516,0.4406014353068246,0.3557086603558953,0.007942026461519574,0.08720605127282015
3.853084190352305,0.5267427291921332,0.4213731904652728,0.0061642753994512875,0.0956447120279048
3.8316645179533064,0.5273774874394577,0.4221485317046545,0.00832114995470441,0.10348329872456023
6.490833629279164,0.587691212619324,0.4770522532972528,0.007013791716604706,0.11046326013632858
4.242918584683561,0.5198934699684747,0.42273043694899676,0.005277900775055946,0.10130126472784283
4.259047465147307,0.4931726221618434,0.3889407570965495,0.005434377398219919,0.09373304177980224
4.251700505362924,0.36314094265927543,0.29720709698238845,0.0032709710047810225,0.083291115273416
2.313059877420946,0.4156139614181724,0.32511898095725605,0.005343752373856151,0.09885637726220486
1.3219233454016723,0.40634130819756104,0.32034695112058603,0.0062124114598313485,0.11439060093392099
3.335375333953466,0.40329517474027776,0.3292920331721873,0.0034969367154249562,0.11365817385839191
1.1046002219725666,0.37140529317073073,0.28944372884618996,0.005908131126444997,0.12140807336268149
1.7645560751332208,0.3778114872947508,0.30244088499945765,0.0052920799538488114,0.12030232844856653
2.0901902127656786,0.42529087396969867,0.33713851334153255,0.002582556759235747,0.11591285886541051
2.3259802944515604,0.3817733125330729,0.3005453924105861,0.00014705018213683786,0.10553463773893287
2.409881512827257,0.43330240791557945,0.34506700546037716,0.0007764374860482868,0.0962007930713714
2.8754994649887053,0.4854972440300304,0.390369549738379,0.0017399694667229,0.09308624278846095
3.3956047968234406,0.46934075137984965,0.3820600900021695,0.004652778920219996,0.09507902650295916
1.8326501396088657,0.43246162582078346,0.343796423122819,0.0036841433168555773,0.0900053688544437
1.5685216905719155,0.39390980336109427,0.30792942884300856,0.0055763537774776925,0.1081722455735839
0.4352837120576964,0.2889804733865419,0.2222411244478485,0.003918680602187116,0.10296436585226013
0.4932493892220496,0.2998666756891631,0.23266991564993217,0.003516954849049903,0.10495089895275542
0.5857793983807456,0.29306716247575915,0.22733574006904975,0.004054229841255317,0.11023362160740742
0.8025076187649424,0.351504772951866,0.27748806187840025,0.003928331554510719,0.12731768338651242
1.1022921104756178,0.29850868794848195,0.23204343076361694,0.006327112481979022,0.1319473789066723
0.335745376759319,0.23703108034769005,0.17323088682045407,0.007614166581091522,0.13894688483997678
0.8203250418140922,0.23258163753831665,0.16553729840973633,0.007521455452263207,0.13888397806855704
0.981777431191758,0.2925274089496381,0.22076135479546474,0.004905430842911989,0.1361296690464095
0.9278074259166149,0.2697021634777543,0.20973332359343713,0.002962376863763545,0.1405155594694984
1.276114878565878,0.2121629708955111,0.16037391373022905,0.0024496539405998398,0.1620649475591183
0.883022989998991,0.2814072839650138,0.2120847822994454,0.0040563270702893665,0.16762426367475466
0.8226452306230904,0.35362728081020706,0.2764960921021241,0.0045873855936885335,0.17798215638269232
0.7972585425571627,0.33602411768220874,0.2633615401821973,0.0017360088273776575,0.17695951358912881
0.9217064010239722,0.3466542109200938,0.27360164149103355,0.00034551079750347216,0.1887068253855982
2.105482288188964,0.27826515389650053,0.22204566997530173,0.001122504682503345,0.17992265750694647
2.8196296940727814,0.30209653248860746,0.2449837908208159,0.0003591516377959515,0.17930717970950688
1.189192302698768,0.29944142132435114,0.23760149060245794,0.0017703305237636708,0.17016015154276853
1.538437440248601,0.25063360999646167,0.18335623481351504,0.003939521967693024,0.15823571516363555
0.4132362880073936,0.07445864616945161,0.026565518842849772,0.005275143062811966,0.17157478261757653
0.3198204433116954,0.1213115236751913,0.07068783788773297,0.005712616941362443,0.15704662371523426
0.3507524722065372,0.04531400684133344,0.000832244365276083,0.005162989100093575,0.17371285051383492
2.509171416565919,0.11276793977849377,0.05333390788101062,0.008712862481085782,0.16473728744037713
0.4194660543087313,0.06456163304290706,0.01549020019430928,0.00963966387651996,0.15600902627677127
1.1820724483433827,0.08776350939498333,0.029193597658838485,0.01220117625569525,0.13817083309803993
0.824901168733026,0.12869883337119106,0.06688532846839733,0.01284592321716488,0.14104933651215418
0.6668846326095841,0.10298041237145296,0.043373684210641514,0.013417134335714963,0.14095383692586827
0.6244348165880961,0.13419301823613974,0.07630169254276531,0.01414457836293876,0.12389720829759254
0.8526298914313849,0.10652990503870653,0.05201239619483434,0.013919764836419362,0.11533238147647651
0.7652370498510839,0.0688303649361148,0.009829080444606515,0.015227632818179217,0.0964478839606333
0.33919848942706576,0.07996876774736685,0.026660130453194014,0.011275989232932167,0.1052700347016728
0.6151246019592076,0.18123348052154703,0.11680606981517368,0.011074958085050032,0.1228207945237392
1.28291684865724,0.24592602420906223,0.18098306639430073,0.01197311341262586,0.11451942513101891
0.7587190766795524,0.19839137643671417,0.12965054730190484,0.013141032654341179,0.12245732072639001
0.49408282164488293,0.10648278004988448,0.052047267448033785,0.012363611478227704,0.12903577523840717
0.32431187263579336,0.14728043953345035,0.09058383091488931,0.009819949590891053,0.14199031249988192
0.30390238604225256,0.1447329166094915,0.08769372548842722,0.009621667588784173,0.15081953967424017
1.355369167582811,0.20824298775632977,0.1385400147086718,0.011553613834577751,0.14597719105510157
0.6907284305819837,0.24191720806172484,0.16961039741867706,0.012260044712701697,0.1558373895491996
0.8646699014320518,0.17810103278647782,0.11188069857938669,0.012405893281060919,0.17280279648981164
0.4882189215995322,0.12370305345734005,0.06501168473814307,0.011450631606412609,0.1975016264724228
0.5049456146932835,0.05104097889504686,0.0019169338663605484,0.01122243712530692,0.21747417832987082
0.555076052778027,0.14095807815352945,0.08448756187819818,0.011837459494360731,0.22581104642214975
0.6554113306864314,0.2044624410811478,0.13405485636662914,0.014594503793992974,0.235297939350391
0.3152621026075105,0.21672569595468552,0.14588081996048474,0.015876126079039137,0.25277181012602984
0.4047132217913172,0.16786748753711445,0.10669775545805976,0.013251957867631945,0.23689102069413664
0.5404227356637442,0.222852594867945,0.15197121290489632,0.013567075564696373,0.2286522201748465
1.5297172042004554,0.3473195466892702,0.25769108062084406,0.014914522318418132,0.23197532562742057
0.65062185673877,0.2708141149564618,0.19643563171170508,0.016437528492425815,0.234384238905165
1.235734496793492,0.32305768523641426,0.23758723888945638,0.0144414776024201,0.20825415572209127
1.05400586156086,0.21617459057934757,0.15013107912865248,0.01587073854284694,0.20882501348677587
0.346738534469949,0.19003978975446634,0.1205508564160623,0.01899213298118446,0.22434085153645555
0.7754086778203259,0.19794247801002232,0.12347838188221817,0.01898813937365734,0.22575293232099267
0.6198873834766031,0.12957843780884482,0.06921080590983239,0.01704875662220198,0.21170692173522088
0.3710629090446526,0.12281255971767097,0.05806958288476746,0.0205489881752101,0.21364172265103967
0.39729225152928827,0.08546080124176754,0.019566066924723208,0.02265055307979608,0.21292935213896957
0.7999229071348545,0.12524655043664484,0.05250244897286724,0.024308355791380166,0.24452655040365825
0.5119585469730742,0.12546897968006482,0.053235371019692626,0.024866140293577515,0.24501061568758242
1.0412109051337588,0.13919391555976973,0.06550187876783392,0.02332979827350643,0.24625786246239653
0.6532605620517912,0.08113908366167343,0.018317990139664925,0.023542166519090583,0.23834211456340995
0.6707093612591466,0.07748086237462147,0.015499437420292424,0.02304425245571501,0.2517739733324896
0.8276709460466146,0.07298819074023907,0.0045383194130733575,0.02425902445410015,0.27551395137719986
1.0096723111674248,0.06437055435749144,0.004411777063273154,0.023124316691696626,0.2846239814996855
2.096365371054737,0.09539033223710205,0.03464497515685452,0.024085900399943343,0.2699439234422773
0.34150757593843306,0.08055538943444236,0.015713633312821308,0.02323084499662578,0.2687494274912189
0.7213790638258494,0.20087043736512172,0.12569275526912363,0.025714318417618752,0.2830115800256059
0.4219142681503663,0.10332602056745895,0.03313048962130685,0.025301979261300258,0.2771456404166234
1.5141734317158115,0.11747317873597819,0.048590288975125434,0.02931683988443237,0.30319472829385957
0.4858992274654186,0.22714919029719194,0.1422363337032496,0.027658793984963587,0.2999658670207167
0.9842475850878467,0.19107528294744505,0.1173301727688784,0.02615440025474805,0.3167744109992746
0.9259776164538953,0.13288941442382793,0.05587828028930727,0.02759169256705608,0.3173042358666196
0.40598738855198657,0.11254716141014076,0.04318406000629032,0.02636302297668393,0.33670843417435886
0.4757645169602196,0.08843126218671211,0.01616622933141977,0.02830758014047573,0.33969613391737613
0.41267304437937813,0.13971917754352467,0.06753136521334303,0.027026740579482608,0.3637228463335764
0.4251355727744218,0.1457672518555358,0.0717811581128213,0.028406314964859375,0.3657485599928657
0.3648914943827776,0.09865053852684719,0.02694824386226099,0.029380849090329213,0.37436954249675947
0.7446895184005756,0.08477365998362613,0.01708559270002901,0.028549795470831002,0.39479811121066677
0.6965350853383152,0.11206334182876812,0.03386190264690813,0.03136958200213349,0.4136224534463923
0.394439575227262,0.12476252611283271,0.04781454024195055,0.03047091773244973,0.41507871264000873
0.8453460405007723,0.12419627405173511,0.045959396305403584,0.029867202632199063,0.41394113249954323
0.33079703934533217,0.1504725549182117,0.06925862148181058,0.033010225302600615,0.4192194770766335
0.3718001226690806,0.2607505545229791,0.1706320654854536,0.03208249377872305,0.40581920355630463
0.7743640073367505,0.23776778046373787,0.14878284139233527,0.029506374856755186,0.41461825905034505
1.084529998684285,0.16853934995740483,0.08645809676455066,0.02895383842116037,0.3997329632395958
1.3286674714422173,0.09315933850691699,0.01721353049257346,0.029010797411189174,0.40937517351704605
0.6903251522056252,0.08786681712883455,0.01607359371287471,0.02693303268231981,0.4163225061804816
0.6914139837353231,0.13574005555641253,0.06397634341916046,0.02836125140728501,0.42241563278070143
2.3216219185074918,0.13072032290452362,0.06449765274037732,0.027169202104368087,0.40868443652884434
0.7000965915042069,0.09006889741689425,0.02419040619355052,0.026161452546651268,0.4143888141252875
0.4802049146672648,0.1831603618979621,0.10613130777700996,0.02435726617568709,0.42516167408499406
0.8712989567990027,0.08355150612273078,0.02040076444063199,0.024517035493477023,0.4139245641059403
0.9510672287295929,0.12960895572349157,0.052891079337162784,0.027548974742428633,0.41479010930743565
0.5969863801462845,0.1399467591522899,0.06849724458625225,0.02728334232038769,0.40135023086844474
1.9093281499075812,0.15471697769398418,0.07297070178433326,0.028354792363780364,0.3993761348649977
0.49930451107039664,0.1794927980370476,0.09588811434773076,0.03131295775797311,0.4008064791365126
0.5316608649364315,0.11302317347122304,0.036664349027724565,0.034178148564332704,0.40386405258436303
2.2369925583495607,0.07951117978849584,0.009095579923993964,0.03530794150227771,0.41004386601180914
2.9574874863473744,0.10675082652133368,0.03511355855119897,0.03568546732235832,0.3901787401415717
0.5547296991501942,0.08935378890903445,0.012397759070501717,0.032567422469501596,0.3884005896963502
0.3167148735422577,0.1324603575158136,0.054599344690225364,0.032117350843699446,0.3925655914510887
0.9305281940788158,0.09309938540292903,0.012882228665788718,0.03426238718874201,0.39293125377319005
0.9105311488647213,0.1116914028679456,0.03875065493104111,0.03231176231739239,0.38904195305708383
0.3067803494620812,0.16253005740144144,0.0825560109123699,0.031686095153264,0.38940124521381697
0.3666610507771256,0.23323625281581367,0.14438176012045806,0.03423263864089624,0.3973730191527244
0.30729237740986814,0.21723372105832067,0.1287195099298823,0.033946448105001324,0.3934288073599619
0.3019945541608903,0.1661440622242248,0.08413373263019937,0.03326834954489756,0.37612709778309955
0.35366164338482514,0.1437489071359099,0.06272944478589253,0.03317875975130526,0.3728774697987099
1.5704721753655622,0.15257722919912653,0.07290212318569353,0.03733598859125994,0.34783866769609934
1.0268731288343058,0.09276314572669163,0.017692906556071503,0.036288807238174285,0.3642045139426886
0.70673749802386,0.10752463470834087,0.03102577135086946,0.035523804228196135,0.375643108965044
0.7171809774098618,0.16653159439458975,0.07549112898357423,0.03927619191364836,0.37521863437139336
2.2514651435282325,0.14982918786386867,0.0568708679371792,0.03965797855684318,0.37857252109470346
0.774911250509802,0.08100784394264282,0.0034196208974372477,0.03889750521037297,0.37966185783141954
1.7345960967778162,0.11054220971324097,0.02318196934492523,0.03832881260345949,0.3874320379685461
0.5918846731163179,0.12638244964345108,0.04018448744537697,0.04330447350394874,0.38534828729190324
1.0978625674240359,0.09727633388610182,0.013299231694566344,0.04511554574996676,0.3670185981912192
0.684275564814221,0.10465681481476223,0.011048639070854377,0.047605569905207853,0.3875167608380699
0.9331000761394326,0.09181238505472725,0.003351944253524348,0.04956927000965495,0.3953275045053529
0.41172928082122506,0.17017030462465452,0.07458094480029177,0.047988929059569696,0.4024533992150157
3.2845156948873893,0.15129250837435523,0.06218570479115308,0.05011877910231411,0.3829638802411553
0.6668235031945136,0.17813472870843203,0.08208740365328707,0.04899869714828304,0.3928859672187129
0.29676662123021436,0.19525167149895162,0.09617496241986974,0.047763608255104346,0.4136055012856409
0.3157606170755909,0.24520329913010355,0.1411572979611842,0.04759221549645411,0.41178994983482853
0.3374955815843586,0.25749436176747376,0.14756894984586486,0.05116462931497654,0.4206881577750049
1.5681702137034415,0.174713409521339,0.08074305991767013,0.04980394676768959,0.4141841939512924
0.3276989124563647,0.21885584124975366,0.11510918308761575,0.0506687449502037,0.4239926182062147
0.7408230835583742,0.2240170540694001,0.11446644946207574,0.05210888919706213,0.42405704516123854
0.6081566791397437,0.10589742541965633,0.009400756473212271,0.0507255323962497,0.4206917840650236
0.6178736157499373,0.15850228565403757,0.062461202982651905,0.050625524386480256,0.444989923494143
0.3415675538835196,0.09928017420600665,0.00649869050753598,0.05004041782169804,0.43329138203886053
0.4812901110417522,0.12105018502403256,0.023059358691519403,0.05154942986448006,0.42378344511242805
2.8761500146939705,0.19376303300941883,0.08721225019497393,0.04827701534220141,0.4353302284985251
1.4310840350449132,0.10698704000572017,0.020183289876512966,0.048071577731589446,0.4199890313941663
2.040445970081278,0.11404644820440299,0.02833093462180792,0.047699910103839095,0.40126631679409114
1.3987681555789588,0.12718306367682797,0.0399562178154398,0.046790604510196704,0.4174805270045902
3.5294491938202257,0.09774180582616451,0.0164907194919674,0.04696433314136064,0.43186057808347617
0.4215032193233654,0.10597578025149838,0.017366141457140945,0.04639968679895302,0.43970558437144136
1.3955316169413439,0.0952974767686883,0.011164548129655692,0.04620386392745503,0.4466560437770126
0.7706959755466424,0.0994071059475776,0.014435368522499617,0.04494783934394361,0.44233153824780713
1.0627994338663724,0.11035999638920478,0.02755338864003675,0.04283475953598233,0.44679770590254414
0.3377414028179185,0.12630276322470424,0.03890672743520703,0.04271037429581641,0.4417508891242178
0.3140503241118815,0.17602969701963828,0.08700155810578034,0.03982146877157052,0.4287272607463764
0.7559453805888142,0.2314868198215837,0.13363612264321992,0.0393034050361182,0.4098957740953446
0.5299081455723013,0.1817974297621382,0.08723963842942326,0.04206425997303329,0.38955144534481323
0.3283598883664555,0.11769815922078103,0.03347940737214294,0.03988154736660023,0.4117687158090172
0.5000762886675103,0.14125946557937963,0.05096749936655154,0.04182188525351179,0.4151793169276131
0.3842353184589581,0.08876839710363471,0.0028702634066331625,0.042750874203232654,0.39510242859842315
0.3425350513223538,0.08697212651572622,0.002767444826332033,0.04217090718924736,0.3841649280696723
0.3567868041781095,0.09073890547026972,0.004293606936701381,0.04462190695231938,0.36634876206989636
2.582842688331666,0.18660126853352202,0.10028016496513709,0.04287775585889402,0.36200661127826966
3.4872387818320107,0.10777252468717817,0.015246242414061056,0.041406995163243004,0.3498777556225085
3.8684482060350986,0.09003963832766128,0.016050339338352378,0.04070783839164893,0.3573300979996883
0.9843601937870873,0.21659802934350858,0.11476812942139966,0.04427496206835598,0.34321374417944156
0.30231856768951626,0.21416308577968662,0.11625570120380904,0.04389555756411701,0.3417303465270766
1.5283095305058447,0.16691936964893597,0.07066598221136214,0.04253664595445514,0.3436408936558824
0.4813110107157599,0.15808518230514634,0.0658367619385315,0.04228055379940765,0.3429761056658692
0.5803564405282808,0.11626697471717917,0.024603981373737774,0.045049797138819264,0.3418842664645657
4.082980795284283,0.09862746371185069,0.005776378788226306,0.041866170963920986,0.3374584366322579
0.4390019857079314,0.0953907160484182,0.011967004637534199,0.04208935424841791,0.3565146425945751
0.6258010440619761,0.11000046014481885,0.025985224771318368,0.042571395331750056,0.36637410858131825
0.8669501671443957,0.1447820397945521,0.06045419584143054,0.04088054072898586,0.3628034944358857
1.665456325447451,0.17013925301122607,0.08412861346737922,0.04235588412777883,0.36094380629957834
1.973013086435521,0.2606264893445165,0.16272703257745294,0.04561559796232729,0.3510062372266739
0.7537611191202147,0.3415721599841155,0.22801748747925926,0.04699553375693019,0.3267209363821094
4.815409450599534,0.32956942054925625,0.22556900735787994,0.04805369025144703,0.31590153387120606
0.6270050031871566,0.2595384001211493,0.14926993119496995,0.04925245934593758,0.3243145607782457
0.4227717784471401,0.23947072424276372,0.1356213514280215,0.049216291947314875,0.30826023454205914
0.49105913566440124,0.2950195095119191,0.18078674964116523,0.05008868830411348,0.3230537426885325
0.3734153026600233,0.24807334995685837,0.13977845664944805,0.04995904828123817,0.3097705038984454
0.32529291514822073,0.14096573878777793,0.04523601584031986,0.049685342628271276,0.3074501434689794
0.31675254734234515,0.16520123276920307,0.06664292113225576,0.05040335202979639,0.31250533488914717
0.3460005973690715,0.1251827796515112,0.027265971677051852,0.05217567296725203,0.3256159907898857
0.3103856761123177,0.22444890816387414,0.12010723176126975,0.05032273523073115,0.3561428259853818
0.7945202983256897,0.21872419975807006,0.11882548090136269,0.04928506917948433,0.3659263360909141
1.2761559241470182,0.12105734972649457,0.021558007533875656,0.050562035754299385,0.3426764956259286
0.33356769277170256,0.13085728375266256,0.03383445685886407,0.05093736706481206,0.3198433267339192
0.976703371551421,0.15293322109768986,0.05907990741113135,0.05010333679490404,0.3000684437815563
1.4828794156202172,0.21215656390870724,0.11502016024482574,0.049044990417012324,0.29011475154656796
1.2366124515284849,0.2960767948984618,0.1810339777284403,0.047935200485399614,0.30170100421875956
1.9360824360665663,0.25707045341334656,0.1588468497982114,0.0462569355238981,0.32080004143988633
1.2398411587985376,0.3587410488880506,0.23922999953780816,0.044881455192908495,0.31746759113496087
0.42934775830971655,0.2978205822865471,0.1908073701203891,0.04317422962945531,0.32290245086069985
0.6135978701613699,0.26010005606971126,0.1614744768417679,0.04250713055103063,0.3295531092347105
0.41673825930438196,0.28219986550162957,0.17877479478795705,0.04110150246864712,0.32473822944742325
0.7273740372477233,0.3572217672709126,0.24448364632528619,0.0429396561406656,0.33117657453386
1.5637709368299888,0.41161151041614796,0.2881309083398973,0.041752089012575516,0.33453564038072453
3.2435180302541,0.43242633109139283,0.31901416170174984,0.039262146085193836,0.35573570950076994
1.12951618642743,0.39619940039367535,0.2807843345477769,0.04092210405806833,0.36040236817129523
2.0464651093519173,0.444815740165972,0.3149287729538667,0.04299522290676323,0.364821212534851
3.08341678820564,0.4985994735267174,0.3656541060020634,0.045141704796600186,0.3455602921520021
5.199322682294837,0.5093881838170011,0.3841131253043921,0.040764051381140344,0.3365165386339424
3.1126978276195167,0.5158063584479256,0.38037788618450213,0.04195667357218264,0.3415057174880486
3.8816886136668836,0.5184209916847298,0.3860148788146024,0.042498827617439325,0.34474480695834786
3.3047430090257204,0.46584401769229344,0.34187661071811454,0.0439889866950817,0.34043108180100506
2.8011073549186953,0.48320371903022974,0.3487881030882715,0.04115643157010626,0.3398909415610992
2.989727953387589,0.5029686760914311,0.3667052606684787,0.04094651657078652,0.34433591829513543
1.894624220778445,0.4525432983901356,0.3283618247106176,0.041720217118895044,0.3692353980090544
2.2081711371550816,0.45691007473503364,0.33133451145765486,0.0439317196641203,0.3723437072723513
1.9571306805406052,0.4489448019477284,0.31990594938363326,0.0421717526600692,0.36932349528806646
1.2937347634352794,0.4145322226860859,0.29466083437110446,0.042613796369831265,0.38324733656943616
1.3263494924495542,0.4170065726898501,0.2966514614922749,0.04277819250605605,0.3838502836415845
1.6215444831088892,0.4403967190584935,0.31628244132182826,0.039957171815528374,0.3892412570272
1.7164038047593861,0.3600009371963725,0.24292294184968413,0.04099515762922352,0.39322906065048857
0.5767881008311329,0.25666629914485095,0.16039072295504805,0.040378160566699274,0.3734693571090522
1.1682991138171384,0.27349409838056604,0.1765131910230486,0.041208862636779794,0.39423536015553046
0.4525287448748844,0.2969353040680565,0.19384411231206525,0.04107734155212765,0.40090265961239224
0.3201532684382825,0.18987244639211254,0.09480151250289445,0.04322962296808004,0.3916664032422874
1.7088656724960438,0.0847790419505485,0.009019308187022332,0.03925707242976021,0.4003699630448611
3.0642792133391903,0.10195632933843814,0.012712418801251615,0.03906857966775558,0.381225358627194
3.447614808403486,0.09562661331902476,0.021206489319123622,0.040114829975486835,0.39486921221112115
4.9778674397074525,0.08114558204955495,0.010971315130300616,0.039013731321483926,0.3756839333192747
2.039895582747838,0.09691047881600694,0.009609827257542076,0.03889579778146175,0.3676969074667858
0.823034742453335,0.08434737911307537,0.003551719797237944,0.04204779806528995,0.381298351526996
0.5298954935605861,0.09973287243064517,0.01718411847055612,0.041441740789634196,0.38824551168221894
1.0348552090078913,0.11996648507100861,0.03966377930713954,0.039441377336827246,0.3964702689558707
0.3058525952891359,0.15526633633728987,0.06797034421651385,0.039351536980006686,0.40357637734731794
0.29734513289407527,0.18699763451884574,0.09456022903153202,0.04182947838717432,0.4037267135698349
0.5061819252859161,0.21817601448668433,0.12017004760237109,0.04190333327457666,0.4150981878008597
2.6665005376894015,0.19696719717326422,0.0969011652161225,0.04159277033355517,0.397889850916092
5.767217885602604,0.2193267919845019,0.13623950768102608,0.04091761480719865,0.3943349564601336
0.3512769079348464,0.24671908173847767,0.14599536786503411,0.044586948658192314,0.40479984900597804
0.41823576530074336,0.23228543185062045,0.13019415188970515,0.0483036236701124,0.4150738336039968
0.4005125407154329,0.2826949605542648,0.17551146081568864,0.04509569367354512,0.42519090140244187
0.5780005687250892,0.33365145769044635,0.22126412748754845,0.04581257640649215,0.4200932347679913
2.258938539059689,0.20494028676022055,0.09981876329899171,0.04647362394605609,0.4056431847390837
0.3707407585845379,0.21308384742066924,0.11406821096894716,0.0468978489564009,0.39206920165562203
0.3880494316644575,0.2645754964655878,0.16133775906454303,0.04523793368242325,0.37228521825421984
0.5358887042462386,0.25852708014019465,0.15902174490920148,0.043243398364269325,0.3730926772864345
0.5216825196319211,0.23685459660380925,0.13198191213399496,0.04677938303186119,0.37289221264852906
0.4763327586727954,0.22358899373231184,0.12590929900687403,0.04511739923048107,0.37711581653509546
1.0509571404695583,0.2878781929698295,0.18473962473458264,0.04535224935554857,0.39714028596261464
0.7195375823055962,0.2907433961006434,0.1782306394688603,0.04767565517080283,0.41558354856311
0.3352641065239445,0.261929803868482,0.1569161175463095,0.0458643425700404,0.40729435992143664
0.8134422836041203,0.2493762927444144,0.14283058581932695,0.04597874312826886,0.39269343648937927
0.6140321604985604,0.2685453051412052,0.16259776762113784,0.0490059767170089,0.3800827786120445
1.8557763739823794,0.37204634482979415,0.25491887063917545,0.050025476445571225,0.38465913438433286
2.195286256277302,0.39585807475974644,0.2750790997334879,0.05085163643968739,0.4025204398565538
2.353024851435371,0.4025505639673207,0.28310831683437593,0.0487530419439996,0.420661137741153
1.5272545931897095,0.3872298381784562,0.26432909625615786,0.05254069907660966,0.4136958685042438
0.7756579903585477,0.31414596466892286,0.19512492881913635,0.05139841797956891,0.4295976075138072
0.5882709599240995,0.3057184275978038,0.19246406800962712,0.05143375283382828,0.442337395750672
0.6809499111556795,0.33566067889572193,0.21383610801521324,0.052334017201879794,0.4239989009640585
0.7095724059333829,0.2955850938299008,0.17734997853872148,0.05300466825225993,0.42104658776060105
0.2952620138644219,0.2152260973928865,0.10553219985007699,0.05605187925593822,0.41608222020000524
1.3053246991262404,0.17983659251044917,0.07718916219165389,0.05750229876293554,0.4185064903095799
0.5987897624248105,0.13050231250673486,0.029046453396913044,0.05840669866309478,0.40382782933299405
0.32093365911412897,0.1550313005576762,0.04816555297221885,0.05884317675472195,0.4140355433281022
2.3480199424929333,0.1373655102854384,0.03912665795489735,0.059006042383086175,0.40488936824229643
2.813329244024473,0.14808188992761329,0.048408332521670566,0.06034395133128151,0.4008678380113506
0.8094568923282947,0.20070430636105482,0.08437683578575705,0.061247850292612024,0.38777488232575064
0.3199042637697247,0.2185065519570362,0.10354310452080662,0.06199923171456296,0.37706896726435873
0.298762139064668,0.22977577369859975,0.11369011476528179,0.06139407546406514,0.3791800983380114
0.8922127320178554,0.24203114631984296,0.1217034057461698,0.06062187148609413,0.38419682060308175
0.39342328017884665,0.27310822170854804,0.153299289564326,0.06123170421059087,0.3942437331747445
0.32380415932932527,0.2627419920521357,0.14541690380213512,0.05857142653956084,0.37703544570774694
1.5443134437934474,0.23042967498976547,0.1207745086030325,0.06007806859994229,0.3849913908266101
3.939465292944065,0.18577134548553353,0.08533157302414711,0.05942187370691476,0.37591011306671557
1.7233391567129033,0.21963969441344477,0.10148197096215969,0.05903440606943372,0.38642734234439047
0.6911106940957739,0.24616625458906344,0.13554624838312332,0.05681099052106805,0.38319504927592474
0.47001037061236856,0.30847539305234245,0.185920287440265,0.05740440715626889,0.3706037205536549
2.893846962455496,0.35185488331830256,0.23350921080568193,0.05665741563359243,0.3824091979173335
1.4376807040382331,0.29396168752049734,0.1791314548813579,0.05765521889281481,0.3660087636206249
0.748215298037845,0.18564974679627688,0.08162656868905457,0.056664048765106084,0.3646722978901394
1.193261081604007,0.1312920287998519,0.02717916814703722,0.05452342550165733,0.356401429647678
0.7322651960444332,0.12433268883927964,0.025664427606241123,0.05087135867886286,0.3632002178537732
0.35866171286223075,0.15260605178154252,0.05500685761052091,0.049104758321332924,0.3703592621516801
1.1051828797528787,0.22867516173333358,0.1205166102773855,0.04911467077958233,0.36974790741510344
0.3356681974092227,0.21206860327027227,0.10914125471275299,0.04871589004756199,0.38252336766418316
1.9070115612669924,0.2452346670451886,0.14604589710107777,0.048577772428200904,0.38192524225886754
1.7515028618859785,0.285963187902056,0.1840241676456839,0.0462362562318801,0.39506047201475897
1.1305093262894672,0.41022810659348874,0.28171669787896875,0.049837038846875244,0.38543512061299595
2.000043278297254,0.46731694493208686,0.3320328242194573,0.04736938774227743,0.39128616830700774
2.286935693304033,0.38870174980562905,0.2625815655887929,0.045294512282602346,0.3867731885046724
2.0849467532421784,0.32103415567401444,0.20417410999306246,0.045005764988010455,0.39255344144248167
1.169935549298493,0.3018102096762687,0.1990654302360646,0.0434886936712858,0.3989865366095389
1.0856288706986472,0.2745323577528353,0.16929059093780122,0.04096832088627185,0.41055618258498583
0.6010991777607574,0.3078272657971643,0.20242225496340938,0.03907420945840772,0.40688895525064733
0.31954210739341965,0.23916440164697125,0.14304301719460316,0.03925585059208934,0.40022564283660356
0.825237053080009,0.3179897609116639,0.20862484994846497,0.040871288721759574,0.38679395599086286
2.278644395836667,0.3801226280053679,0.2614953393895508,0.038768831335389116,0.4034883363614765
4.875373935211206,0.28947938793735617,0.2007671848310602,0.03763995020955116,0.42849361960746357
2.8514003876711542,0.2710115607054897,0.16765095411300107,0.0362787038937964,0.43286672241220703
0.33759203014835326,0.14094239729311817,0.05632341517634201,0.03731780952821721,0.4223538297375299
0.35506818445778754,0.09549252178923467,0.016065917538025387,0.03723099198115023,0.41735397397664625
0.32795987591629394,0.16485634065596097,0.0802516509404789,0.03657260045489078,0.4240221447575993
0.7765021960174237,0.22225601573004697,0.13585590455930233,0.03512769747018701,0.44921698185475156
0.5757679432825181,0.12599785385757495,0.0442720809814843,0.03418981015677569,0.4580431170248962
2.0398490524538992,0.11891753981774077,0.045641232500888376,0.034765594726451764,0.478894154103878
0.9046403318034947,0.2028049686053101,0.12169248976780875,0.03225024156418154,0.4796536314126342
0.7020158855472165,0.2268886843665897,0.14505387883806192,0.029680651882317846,0.4563082559608361
0.6216241267985366,0.1830907576678799,0.10248638400632992,0.03268820174476225,0.4696226297941579
0.3854599986800489,0.2503220338816809,0.16157765557726103,0.032226580411426155,0.44764721777638783
1.3278708987260628,0.2967264782310484,0.19544853314766691,0.03366108390406857,0.4381774871581495
1.4284622251162724,0.2530366358871806,0.16845467284442567,0.0317000293811351,0.43645275991022087
1.016012098360429,0.25736556798386107,0.1724718165767684,0.030361803281985903,0.44155327822136387
0.5464097688543451,0.2666071901501592,0.17551756451037065,0.02934992208877917,0.4392463624182341
0.5318368648990979,0.1982682183843031,0.12252975697188567,0.025794382938234214,0.4334457695491149
0.5023720852078912,0.13357761058055484,0.0582537239161294,0.027352837422869678,0.4447853339947884
0.3274200718380937,0.15728721221733627,0.08345008264602309,0.026353747711343023,0.449816481808258
0.3132918631383587,0.1805550298255199,0.10336097354569333,0.027399818739804526,0.45017697292399883
0.7006932082436181,0.15488227415951866,0.08189975139090526,0.02793963600358166,0.4575259693559846
1.4172429948205132,0.13069051166694295,0.06179758620655722,0.028023438539461622,0.4501191915006613
1.4142835216592204,0.16266308244761837,0.09045357100095217,0.02852657716631284,0.46514472392889883
1.1041300883275829,0.1963795011516759,0.1099833542487969,0.030465104310165633,0.46119060217520086
0.6927738378633901,0.3475901281207848,0.24798029703959917,0.030853465230508352,0.46486866170687696
0.6514236603454581,0.3077197419935777,0.2082061333695598,0.032833214391989336,0.47996862604206725
0.6823114829867413,0.3096882765116066,0.2096773684689701,0.032955455383424426,0.46199509700836094
1.2155795033709096,0.3294457081630656,0.2235655742856008,0.03467209661009981,0.4558247453384385
0.3764280628335027,0.2823101991563949,0.1863823379188975,0.0343800167183922,0.4643041334452527
0.48742642965587385,0.3176728623666345,0.21652449219073547,0.03547410607444551,0.45035912363084973
0.3860678622617977,0.2619565313294018,0.16915741482227264,0.034869135705462025,0.43868473090308613
0.48328228579642146,0.2834934270320425,0.18949951121733163,0.03398425037787014,0.42135717140462375
0.5713209545861245,0.33279967227168183,0.2309306564186217,0.03359660331204257,0.41033575261193234
0.3158973665681103,0.22209436040313354,0.13600010271310148,0.032096775361930355,0.4267118935483149
0.39192640637586706,0.2454506771765418,0.15869180748441442,0.02823650820864558,0.4429047700883937
1.407720749801932,0.3775739163679205,0.2715764569599326,0.028407386960291423,0.46239350616190206
1.213968495335245,0.3371289821719635,0.23844369539101398,0.02638706920243267,0.4618196091051595
0.39238376398911473,0.28510229553333655,0.1960752705322042,0.026914701982818787,0.4637455369629751
0.6034059058424415,0.26812867451459016,0.1837768738379288,0.026881596385703733,0.4485498436531546
0.3136227611400496,0.22361163849547971,0.14282916437320836,0.025343189482773882,0.44422685919023985
0.33770430686013253,0.2593922792638317,0.17407316374176962,0.026346083407281545,0.4628438045819505
2.1604981622487514,0.1673245286448179,0.0986479837622745,0.026085592528685444,0.47005304239680124
0.4824388485629491,0.11583149370234647,0.047642146918061345,0.0254543789090636,0.47124170749536176
0.6548440556999756,0.14766186922863297,0.07593285787662027,0.027144309787836097,0.477616730288909
0.31713538982934303,0.1581273747517893,0.07986328396289946,0.029473303792241102,0.5088177617317253
0.39639495276619613,0.08538081235584558,0.012182610939045865,0.032211861027391965,0.5180626409905742
0.8726612140243308,0.07830646987573167,0.0005447850383860173,0.03313204550308202,0.5190184687086263
0.3608360210846063,0.10567315420032505,0.031357001081982916,0.031457760373910494,0.5249424194784442
0.38449163398146863,0.12950720628768375,0.05007767558053601,0.03265417594582527,0.5288086296979596
0.9739028396173597,0.11309352256579777,0.03934787846547318,0.033227345921395986,0.5308234489850492
0.3399832237554646,0.14238326163355697,0.0630046675445388,0.0318440873589444,0.55292458727083
0.33047604696703303,0.1063302953670514,0.02953049717498208,0.03320255373037399,0.5562931350832553
0.7046123057552575,0.2015582407827594,0.11233058614212432,0.03396725114671849,0.5759924676350376
0.29890877400701604,0.2153193936979165,0.1264898668155167,0.03534732325407056,0.6017338310232205
0.6590646628609093,0.1449107795885246,0.061233243403332874,0.03413466175088444,0.6149197052210109
1.3534011890873412,0.19383781490813157,0.11171640828032021,0.0354638117138933,0.6029606428644371
1.0066978811559013,0.25515296372535295,0.16564278611503336,0.03537654058043828,0.6058491452376304
0.5884098704707299,0.24742415965688797,0.1550526582542016,0.037648356429834995,0.6041748977217153
0.929543149445531,0.3827947282355987,0.2688145620982662,0.03855334569651308,0.6119838609737321
2.3127144347153643,0.3811476661116295,0.27625368998645294,0.03718020728725051,0.6155294354329888
1.254263655753744,0.3727258270922671,0.2658422525217848,0.03742427355395999,0.6171486660960666
0.7599749405569636,0.3491638898902493,0.23524873609027414,0.04251338598295716,0.5994572625937414
0.6393816798526382,0.3507222074313707,0.23952174697734835,0.04159489240368928,0.5830573197089701
1.0837256179091388,0.29867226127113594,0.19552433238219957,0.04415616611940282,0.5849532227920063
1.4189317172412224,0.26543605247618396,0.1569355941499918,0.04466654720689933,0.5960356460528381
2.5113582594901955,0.2730327094948728,0.16471633429993823,0.041652848485370104,0.5808772385636818
1.2665356802752943,0.3584023712234117,0.24343644629240635,0.04034718641395852,0.5684533245980323
0.47136768384050076,0.25169066067846213,0.15099197407821544,0.041253395265062484,0.581189623603015
0.47380012189674947,0.2912638202656208,0.1903960857039017,0.039975791942283775,0.5900808425651074
0.527482728569365,0.3282420283301149,0.22386160233942498,0.037381567140856664,0.5747230893346362
2.6318677498483396,0.3797661662098655,0.2761768076163462,0.03676549852915939,0.5654460066917475
2.732511141497053,0.5004615940009487,0.3730708412608123,0.035370277825955,0.5573108154738792
2.5326170006124635,0.47777820319096564,0.35608010642273447,0.03622770796635599,0.5573429333033816
1.3698176109024807,0.3997537178728143,0.2896887503399493,0.03618672840135394,0.5526355883792309
1.1175817548317921,0.4051055077132215,0.29026030958397253,0.03786660118372821,0.5690050710930671
1.510611188838651,0.33041553398807577,0.21658221697619862,0.04198326950161303,0.5666267449894072
1.7068486714518454,0.27304850231561917,0.16434587249282184,0.04337897925938473,0.5636480696229986
0.6228647224107572,0.3064752310253116,0.19966411388148433,0.04494626947765609,0.5764937292447558
2.168728305355572,0.274096101631238,0.17606922464421487,0.0446675309348354,0.5634547957382642
2.652679106499192,0.3721191697948058,0.25057159372881155,0.04223627846836183,0.5803079706771994
2.701439095468745,0.45500651215881716,0.32304619080209523,0.04203606994899842,0.5793860714151364
2.6399147817549347,0.4820348548015507,0.3457744822641029,0.043858547420257646,0.5832808158556134
1.6828060547243175,0.44692075564747985,0.3196175077511567,0.04246323075547345,0.5676679623082151
2.8698029645230014,0.4030745577509155,0.2766026589319529,0.04274288225760254,0.5709466726881549
2.453879293563631,0.3414263219104306,0.23824084300963425,0.041741179503716315,0.5734737925162345
0.3528031950980956,0.2646820861372946,0.16739810070576072,0.03872573040050026,0.5854682110735873
0.3376199218748666,0.22662182335709452,0.13190573397561292,0.03887955559308177,0.582082780251099
0.5192929163402729,0.3187547288482104,0.2164108214542489,0.0374535212808515,0.5762200168895406
0.974016783719565,0.3334742225869693,0.23736306975354485,0.03148249648742033,0.585032376590917
1.884867506172453,0.34771549012417563,0.2425799043020934,0.030028619138674797,0.5757828345627285
1.1078134858441686,0.3355919450761501,0.24130037007603583,0.0297916213449903,0.5722095709975724
1.356339951988213,0.34288996604193894,0.23900187902251369,0.03062778768169081,0.5693288446386136
0.43155297990564795,0.29203701556688433,0.1978518774308386,0.030760247125801804,0.5917991220216647
1.3015039738809022,0.3099938110264629,0.21926653788109057,0.030480351150999306,0.6028651183747965
1.5481905533142377,0.2883417281847163,0.20612251635742965,0.02527649713217125,0.5925254838149352
0.6415465903628828,0.26914587371586934,0.18182193037420297,0.024807642631515192,0.5917088511602482
1.6608796763866178,0.278523586219044,0.19951401324754395,0.02350666834355564,0.5992854387719408
2.4015620548752565,0.33760821482258807,0.25262018526034596,0.02336276047555878,0.5894641237479945
1.5594292872046183,0.3611313279556147,0.2629147882971446,0.022010832967780832,0.5819689116192018
2.5332325234976345,0.3146907027243895,0.21847391010652936,0.023962215234437385,0.5615558745770175
0.6593413316736206,0.25646523145528966,0.17832386851682228,0.022277942618189193,0.5747238983763391
0.8460397394908646,0.2435161190904094,0.16669170807866796,0.02321733622492279,0.5648629503265914
0.32207537993014324,0.22388250337306925,0.1418799395036208,0.026423452267028375,0.5441057497379246
0.4222471164662865,0.21930169013684397,0.14096999502733226,0.025573853465977216,0.5511969935363573
0.3140954473554497,0.13135358563699256,0.062413354452033776,0.022928277739870974,0.554338180538265
0.37107810224310617,0.11306368854304921,0.042594362096087066,0.025197459037592213,0.5534209090653731
0.4169159615110653,0.15274665760503808,0.0788533393434715,0.027670063595308502,0.5368503834318774
2.1338958473593954,0.06524203372614962,0.004738358188327893,0.02618930840352173,0.5197694543913918
3.211247350340417,0.11481796008891008,0.05119833095657297,0.027368185864119668,0.5320461421578441
1.1218875807188025,0.11125474960252596,0.0447261353482678,0.02651715163270504,0.5528272585175289
0.34601084510471775,0.10491863460160139,0.034707960454433466,0.02716802043090409,0.5600750697819253
0.3482633660095575,0.06531931765439603,0.00010445494221295037,0.02473663627618696,0.5518490490925632
0.33859447416381283,0.14200031155662637,0.0686065167620827,0.025815092599400995,0.5614006794574932
0.4531386700160064,0.1593451726118944,0.08339400491918982,0.025817979587150274,0.5559002517953205
0.37506559728551475,0.12284780841387904,0.05314842322642277,0.023483954445630884,0.5372094423081054
2.7927678999992946,0.18174710236915187,0.10102277053756914,0.023367359501568864,0.5414395273938742
4.929750811717377,0.16045627326399461,0.08205296424534418,0.020882023361081362,0.5321932440767771
2.239796287819298,0.19110430463156808,0.1125711501523194,0.020922653564921144,0.523042383197584
0.35751169682117695,0.14989101677391856,0.08336084530403327,0.01998246017349382,0.5207784199823412
0.42344932221023746,0.08448751746522296,0.025046144796516005,0.018677078862501275,0.5272779734446997
0.38585710141497526,0.11000677338746022,0.04630646731962696,0.018469148224007293,0.5128987188387222
0.9808096125085043,0.06605243243397169,0.009305741486601057,0.019708551847444966,0.5203242369383431
3.538764940885045,0.10160888758128378,0.02995681798019476,0.020809295506892707,0.5156105995778736
0.3470560128620689,0.06861982519011606,0.007140331885721583,0.02079794395697266,0.5379576656636035
0.5888819355284389,0.09927308931638035,0.0339512091862013,0.024433674723321266,0.544159021104723
0.37377147360834223,0.0847275286745337,0.014157971318239905,0.02937202868971723,0.5168862994671221
1.4910450994495403,0.10371229351663867,0.035503705170171464,0.02973137717353216,0.5116919910822814
1.671321232064659,0.1665299998620495,0.08052576642759379,0.03195746346565124,0.5097065183809133
1.7514734600984225,0.1030603586392472,0.02229132781452839,0.032287685076984436,0.4957553895477063
1.2156751283216127,0.13242302675911768,0.05047494277881008,0.03196544217200771,0.48811351410802123
0.5478073569034785,0.24424915607837097,0.15416482671704126,0.030818685185601012,0.5063154021730885
0.4161385664100212,0.2790464859553383,0.1857856926010091,0.031179334330521766,0.49410369644957214
2.6328643633796553,0.2725993219397084,0.19098701813276053,0.028896996398001425,0.5014174561418621
1.501759770394135,0.26513932787368893,0.18190900743137595,0.029082455531724692,0.513364709312847
1.0004066262581777,0.3902537596646622,0.2849588879751151,0.029138577579417336,0.4907302762695104
0.6256595522432548,0.34405620004850307,0.24151191364447389,0.03300718609698152,0.5073350111605951
1.1702095016316592,0.3297011171584957,0.2336219085717895,0.032741102298353524,0.5169186723013283
0.8564686927673256,0.347444204371438,0.24752742834785943,0.03256178740966973,0.5280257909795676
1.4015132088230462,0.3269429561791663,0.23237763189218716,0.03231389262295649,0.5197981680388292
0.7392834494357717,0.3055087702644958,0.21279369633986178,0.031087837278633214,0.5323246165728178
0.5159492345155875,0.2581768606928316,0.16513958004627038,0.03245849081044397,0.5329980218122595
0.41043303849139423,0.24816315005336367,0.16094676362929466,0.03118013476633928,0.5283159581868146
2.1991083498038284,0.24249917326667814,0.1440404667980709,0.03563095053720934,0.5164216218360684
0.5768292147780462,0.2924472548295416,0.19547863263337384,0.036479021701635125,0.5222795126324662
0.7142258408811654,0.3546411928831097,0.248180077001731,0.03690080250841292,0.5197924433219989
0.7583464995234025,0.3098337925754898,0.2068590275615704,0.03563476631372433,0.5402502138188616
1.3763513548210398,0.3735453106383838,0.2601174850161514,0.0366025854684336,0.5477586460628442
2.881551602386595,0.3484285649243367,0.25424436992112504,0.03226800265175,0.5211965129884369
1.3666019436656882,0.3739330787441393,0.27278213280734726,0.03160932466956683,0.5077918781708615
1.111097974346464,0.38853471129873884,0.2802414329147211,0.03095036364533593,0.5054062748583815
0.6486720149874979,0.32812912242265097,0.23013099076124835,0.03249720410026666,0.5216974023444378
0.31137772719363854,0.17018570521237417,0.0861500454730201,0.03421876936495959,0.5275523616103592
0.31721210178601195,0.13402448108207352,0.051324368674601835,0.03655705321787148,0.5045052438737174
0.49764729889464815,0.0961398220609743,0.021691325031706853,0.033398780444654635,0.5042545985231777
1.6913191424390144,0.08915420983349218,0.020589008867565487,0.031660837312022606,0.5077692022656474
0.5551130766268574,0.20377977324431476,0.1186668989847692,0.03010063222979985,0.49717716688116476
0.5423227507649889,0.22335880740399405,0.14355896186098613,0.0273084623930511,0.5146121205617404
1.5731077890804408,0.17409227940323818,0.10288735530413301,0.026807287350425375,0.5217639346421561
2.0631852838074924,0.07851366970875033,0.016441414573183585,0.026668624229167968,0.4915528442677037
0.4043128654831674,0.06714757932346878,0.0017156107816432425,0.025768464159826233,0.4883508674755746
0.3391111314919707,0.0889185809817837,0.02309980191806841,0.023655990296506075,0.4899181433529521
0.3248526390004044,0.11356487536435253,0.04135543333271035,0.02794735013430427,0.4801121025838347
0.5515342154020084,0.20448843381280674,0.12203294135607573,0.02733204075416928,0.48564809984095886
0.36786553838814096,0.27621015167846974,0.18628570091644225,0.028986935526619254,0.4672060780146475
0.34180516037586584,0.2565785525867324,0.17401068965900174,0.0243747847924796,0.4632734448858312
1.02367101549113,0.34995701015077557,0.25850338754239044,0.024126320429151922,0.4546808244179891
0.9853344407817256,0.38144768667084106,0.2802711018674754,0.025321475218274145,0.4446180268038135
0.4617835608596506,0.3053519325539399,0.2181858543726651,0.022776579682158342,0.43510570064036935
1.879708290950255,0.44531822539345156,0.3393369703785006,0.02397088824404079,0.4316354705019875
2.256540449228893,0.46221504749217523,0.35491528191884375,0.02320429717880046,0.44529685251610807
2.2627503580868207,0.422283628360301,0.3125410275887886,0.024375846245168625,0.4643656996021028
2.0681361209586147,0.41985492488107984,0.31060064154075817,0.024711250370983175,0.4437660453552251
1.7334921656517923,0.3667064664904205,0.27799009167578764,0.021080683412214772,0.4785017078421541
1.2949975901649744,0.38507437577524584,0.2932366833315959,0.01944942622051966,0.4690685559015201
1.1658206841177008,0.3234374372897075,0.24189214778731638,0.018593141992009954,0.4620136959320403
3.3163505106192823,0.26810119943653676,0.19690013713315602,0.019959833442629343,0.4907768108897932
0.42358664984371935,0.18208903720161324,0.11403610413252373,0.019017376106380653,0.4647541635248002
0.3979240351115901,0.18166821337552944,0.11594102626482207,0.01651853506404985,0.46324051569551655
0.5345848997296643,0.10185495367423683,0.046011984370245326,0.014408939607440972,0.4591541049626431
0.8432778372329299,0.10155613411320595,0.045984068999004465,0.01540180142906164,0.44092124407310085
1.1530768979517265,0.09484593611442094,0.03989548171064962,0.016223607278912956,0.42823493390166845
0.4377001420383832,0.11432026197719444,0.051377830172204646,0.01692218183180091,0.42497898978333154
0.9204674107998417,0.13377185835210567,0.07424499034866175,0.01695494350998499,0.4162283725056284
1.7114971737815374,0.0557770950428383,0.00620826185873305,0.015025321870625118,0.41190880376532446
0.34561752789676153,0.06601227758458854,0.009119958733604213,0.01626371360448999,0.40426433980481524
0.41283945858923876,0.1944269644549973,0.12435340252547104,0.016506542155787698,0.4178471203133348
0.6288334831325493,0.21890376167013043,0.15008741735746875,0.01698056108772898,0.42911170508679936
0.42927653832605284,0.19242370662276337,0.12649061575041654,0.015850601065433376,0.43594585249726514
0.5626411740954183,0.32549339368608454,0.24165909291777038,0.016377836950754492,0.4438266052443545
0.4367538804809458,0.24999015431375746,0.17338680716851584,0.01707275526578133,0.44403332932449935
0.4503945133408783,0.2571768379187473,0.18155837855865609,0.015202823127505783,0.4353542091020242
0.48328260353777525,0.2969582323209592,0.21634279930107603,0.01597940497082516,0.4324757821110485
0.525179179441079,0.2679751098507428,0.19173490942760743,0.018127908069061123,0.44938959006141205
0.6816185328752675,0.19755558524970357,0.12302810983753622,0.019469684391280054,0.43485921507771635
1.5038154644941704,0.1876648611676672,0.11168763340918467,0.019911976671473635,0.44493114109131665
1.9793462711132097,0.1855865967111218,0.11159007712358157,0.017273657817422263,0.4262397377284116
1.3078327024611978,0.24813555994000586,0.17711919223842088,0.018092277315461897,0.41511261140094985
1.3702121370309204,0.18327275761174272,0.11925210526784748,0.018126155648313755,0.4027893806938021
2.545508608077973,0.21781239157579335,0.13842593139393627,0.01842106323783748,0.39636708734761705
2.034311479606046,0.2665364378285029,0.19400111108411616,0.01913205678325264,0.38238656989533537
2.4008472637596765,0.2565711679910327,0.186653758827551,0.018379297563829736,0.3913079613734843
4.8717297493077805,0.31317697795342864,0.23735242676506296,0.021424664350004646,0.38611756989141466
3.2707448956587215,0.31163790802956615,0.2173278288396996,0.021282490577538747,0.3731498744192552
1.5586844365228174,0.2881513681969618,0.19917992492201467,0.021580210657513737,0.38482845265487686
2.3241033639839657,0.31830434837597843,0.22721428272539013,0.018530172321198492,0.388119819077277
2.216339709283915,0.3635821899419786,0.27871669450503456,0.01883604077560328,0.3793113331369893
0.9285562730359508,0.3428667558699921,0.25764305722594816,0.018330575428006445,0.37179068577940344
0.6987357018348391,0.3460925566621305,0.2584285187023887,0.018422910294709147,0.36261080077378927
0.9418044533507308,0.37056088810434706,0.2773806885887944,0.018390901155082212,0.3547710707362097
0.8510901332680891,0.3691819844130081,0.2785747949397994,0.017421818484946918,0.3658622443692454
1.5617063981125618,0.39060702737504693,0.2995020157531826,0.018737101043774847,0.332923262883983
2.3014321265916715,0.3374096393791089,0.24452913121308903,0.017904591089310813,0.32931902486229303
1.3382263602489473,0.3218733120377052,0.23056473863520613,0.020311991781892212,0.3272395616465644
0.6842619631898901,0.19418964632138827,0.12586632222970476,0.01931100790307115,0.2996575495599707
0.8396928310493353,0.11363871277297402,0.0457027636399127,0.020376197640721325,0.30910131224620035
1.1403429416483346,0.1493798016018299,0.07863002324517968,0.019165832580782895,0.2831378584996919
0.5753708192829166,0.1575315312581086,0.08507671677496412,0.021798682889126293,0.28103996098503936
1.0991371813451072,0.16663760697795948,0.10221031364950621,0.01942546643134433,0.2987029560324954
0.8025344938261988,0.1665631496495275,0.09159707309298135,0.022662195940753867,0.30735237100527235
1.134975336860369,0.14611367455735785,0.07904346562231669,0.024091215079722283,0.30987100326517053
0.7612253229982563,0.15655919229909881,0.08721690667904296,0.024290844556564103,0.31005185308490485
1.1393836436685274,0.18247707208303657,0.11434268896663023,0.021765822502773688,0.3240839434262913
0.4830099613234817,0.20322860119440592,0.13038880448178522,0.02203990946148442,0.3268688041894836
1.003253014307118,0.3089601435860377,0.22023422002153337,0.020211103790094997,0.33288138290071134
0.32366476481406636,0.1804880559688237,0.10978695410880576,0.019347478029149746,0.33316280109599816
1.6080732547497711,0.22666549304454028,0.15814240778191135,0.018709691059079523,0.3400019988472796
0.425625109155986,0.18743263739565502,0.11693915332962168,0.01756563640027575,0.3483575548703207
0.5001538787239433,0.2646730199366011,0.19158426908902138,0.015144638254912439,0.3631889116008756
0.30858408719636216,0.1912912204640886,0.12334463558521974,0.015670886915314552,0.38214634896772365
0.9499109952155849,0.2308420856069906,0.16354244247730249,0.015260912067481447,0.3937254876932516
0.6917108174002216,0.3102833085712333,0.226982443429047,0.015811556353965927,0.3770489769333464
0.7182462305838533,0.32764884375075815,0.24483156196677372,0.013345621507457186,0.3711407374103482
1.0315235294688594,0.3793108789064271,0.2894308824862747,0.01376569760984995,0.3519590461781563
0.5743045965439834,0.3261271895305399,0.24601042401255308,0.012563415871512787,0.3566052323884564
0.6695123793246,0.3322654245541099,0.25055519238291507,0.012191695260480745,0.3514614772838079
0.5301151523323909,0.21213651549694795,0.14926739015735022,0.011192852563239182,0.34729584158933857
0.4613572131332988,0.30103003018390884,0.2238508504753733,0.012870568990657163,0.37164287262575524
0.4414417968493207,0.2952245143092792,0.21870105212847737,0.0131826845874912,0.3657732666596948
0.32796036737344725,0.23604418381005593,0.16623716854191162,0.013849602025586565,0.3852585974462835
0.3776251816028368,0.2012307390416602,0.13132192745691879,0.015877969836593973,0.4113104635257484
1.8985544282544429,0.24178101725026144,0.16256532216342218,0.016515459392721803,0.4075971770091259
1.2214087998984453,0.2012932992390936,0.13661509407723785,0.01658711575610337,0.4051810642931915
0.9353756039073665,0.2625650611257769,0.18551814251995252,0.013994396290513803,0.40219547958160684
1.573430868611587,0.2658687793403135,0.19941441048325975,0.011960338491015271,0.39818158056605607
0.7894428412203691,0.3543338128372966,0.2722773948679752,0.01176034452083639,0.3999193792245699
0.6522839046418317,0.3212798217045726,0.2425482326686457,0.013533101401890926,0.4101940766019051
0.9560987115669334,0.30745320397766623,0.22515145045526413,0.014011595825623453,0.39425527472949845
0.5029743837506938,0.31019594965448294,0.23239832297455848,0.012734561766837814,0.388749127889737
0.864019645628161,0.26651937374431534,0.18868371291405758,0.014551919608792579,0.3566691439477242
1.261900393868346,0.2593196160602498,0.19148392620550758,0.013363368850813708,0.3488997261044491
1.9272401138217239,0.3273846940428057,0.2542396447095082,0.011482492748732542,0.38939052997252277
0.8582703106868632,0.2750956441043086,0.20509306551327838,0.01232396640135376,0.3824486851685446
0.5813913924135921,0.2780053425646571,0.20025445813148934,0.0143040594694205,0.3968712303043095
1.0117495645503252,0.21864754022620264,0.15550522759518914,0.012576956118722745,0.3948645477109629
0.2936162737801031,0.1792444315519116,0.11479797280360601,0.01384808092027472,0.3858459122011999
0.38632850953787856,0.2519138481442325,0.18034204287266253,0.014366236421788157,0.4100523948707339
0.9227828512056706,0.1018152059498085,0.0473972704822537,0.014471005120740345,0.40296869532380697
0.3836643598215453,0.07665686100646477,0.017786414217665792,0.016452433676927395,0.4192027377156434
0.6953243547079151,0.1907799096557482,0.1252116881812028,0.01693171832972418,0.4136606954394899
0.43603612968429367,0.29280232514097676,0.21420098922326758,0.015893643093384056,0.4042407455901431
0.8906375659254767,0.28274582589876057,0.21013988301228131,0.01411324677644941,0.40617950035478545
0.37266983243464197,0.26869948286459494,0.19762543368092111,0.011059230092980904,0.3805632087439391
0.36744723600867124,0.2096576076301573,0.14447853707857447,0.0102651478121808,0.38989056491403923
0.31040678194698745,0.13166840615378478,0.07431127639853853,0.011324984041008634,0.3915906516211458
0.7819185032161511,0.16514328258130495,0.09945702514902562,0.013471294045526928,0.4094624381378866
0.3164392242384559,0.1242169314481345,0.0641357396938427,0.01452596634108231,0.42163715807322616
0.328087865290846,0.10064789211045339,0.04250106153406964,0.014688923525721632,0.40605559371624655
1.90303426084949,0.15348013899207774,0.09513928455763906,0.01638645675759865,0.41436064117144933
0.7562201719260924,0.16748857353206467,0.09826239939265757,0.016911776003990978,0.4017445693809177
0.5507230440101007,0.1301276193717816,0.07117941497385014,0.015289508890907315,0.4125687360598071
0.3958986174059785,0.09005765836067359,0.03169781659240696,0.016938203720150036,0.42033184897145714
0.5408743752552738,0.09836691600132634,0.0341390597862337,0.019044338702481137,0.4433900064238421
0.4715322091818154,0.06997847583521609,0.008578057578829165,0.01885647717392316,0.4705464726690138
0.5745927798240743,0.13349372968647785,0.06401072289182017,0.0211102761247525,0.4600395934963313
1.2373033570779934,0.12991508375675878,0.06695873900540097,0.02164826707458195,0.45338049180647677
1.794306009816621,0.1936725726125439,0.12600242485279067,0.02176020861273168,0.4444563596392387
1.2884477861500259,0.20204398859140504,0.1302149167800889,0.023961094226942675,0.43510775477626007
1.312965863797908,0.2796436569543056,0.192578938924238,0.021221850073384806,0.4302929327143815
1.5113149887698132,0.21027424212204773,0.1301820848308233,0.02167417549570793,0.4456071761567622
0.6164235584335889,0.14865417824714358,0.07521577057404258,0.023525750483934012,0.4481728416898079
0.3608659358643088,0.17833007996197767,0.1029874925465293,0.02391774524833299,0.440944292447988
0.5537268631060893,0.2380160440236168,0.1604202191143335,0.02341863736351884,0.4506430263157209
0.350991025975453,0.10081863032658483,0.03131284633919593,0.025556939324256053,0.4391488975564533
0.29719530669473276,0.18296023225317676,0.10739875213687819,0.02513466567019756,0.4439620831309366
0.3533358169174964,0.14426298741867444,0.07266441890613533,0.023584049792826564,0.4505356813886318
0.8082398571209236,0.15100688170581933,0.08406991856217763,0.022559928411071288,0.46539114334593656
0.8073904811524883,0.11228541476193317,0.03889515031611973,0.026130433488522207,0.46833347238275946
1.5938963522072898,0.11070945645408488,0.04869247336665221,0.023151923700460177,0.4752765148080775
1.3344747944129964,0.2001619518499311,0.1260605152954827,0.0265924763552489,0.4795241106876853
0.3397223734833915,0.16653427303119786,0.09094233645239454,0.02745855980062891,0.474307145544751
1.5304026681721814,0.09935435199818374,0.03391262569123499,0.02737208107276683,0.48958099221352513
0.40230131063393637,0.11380451422672874,0.04392646085031165,0.02677521941244473,0.49098241140336174
1.5427376386281197,0.17126006832123647,0.0901442273099933,0.026748015349038014,0.4778679298488757
0.6051677227449745,0.10562763773198279,0.03688145718567394,0.02745418744866045,0.4746820111037848
0.4134801477429291,0.06511741141724485,0.0012610517011229436,0.024409580959097333,0.4708573477021749
0.6009449408981189,0.10020106475931068,0.032976261778957475,0.02165376749362348,0.4519944186625916
0.3472074528418489,0.06590141394338983,0.006656367773137897,0.018719944139496934,0.47070257916878194
0.32416173611962096,0.11300786366587334,0.0484060581491439,0.020402810781962502,0.4877093075802037
1.009002475667519,0.16195702719613203,0.08838380700004278,0.02116935344216711,0.49541023882535684
1.3785444454718128,0.17358761168901676,0.09723460666392436,0.021997326641573944,0.4960446134832822
0.3805392106160161,0.1372549830471132,0.06961997492939516,0.02240467053273509,0.4889767861743511
1.3092009870131085,0.06679369035687097,0.007418955206683758,0.023185756721679895,0.49805173595350166
2.1101048758971697,0.10459972344767816,0.045169438674259564,0.022090933768025987,0.510039267150187
0.6788632018501957,0.14851920147384853,0.07418583374297415,0.024226214759624796,0.5309102959217239
0.49006036436505795,0.2023550772819117,0.12608800307181076,0.021553836759966492,0.5338033257035958
0.3530375487533578,0.21645514519782957,0.1398018296161041,0.023609834580799134,0.5497474736424508
0.3805352004168799,0.16975978285143253,0.09921044358006331,0.01976619002185544,0.5460205501483482
1.103879444116283,0.20879972159331625,0.13819121449384267,0.021540440538705803,0.5708967844101097
0.2977565484045262,0.21029957629744264,0.1327794833093929,0.02429865222271351,0.5706668910150459
0.36237752635603554,0.13363226374007914,0.06155785711576581,0.025009480937827604,0.548650087983791
0.3197992576956027,0.1247372180090742,0.05645070638159096,0.022718828677667384,0.5317707522246932
1.736104302122844,0.0855164485316897,0.015055582942516361,0.023336528549786562,0.5265535979154812
0.80205642207252,0.06707308442326314,0.005648801894523783,0.02376278716142841,0.5493822398934805
0.34631148415160135,0.08269516356472242,0.01709204469951266,0.02406310981437446,0.5536695510334084
0.6227818316857398,0.08918053789097263,0.01982314655967009,0.024638281863070828,0.5552002755920665
0.6646466473262487,0.1571193556745909,0.08647640106116233,0.02523931511111272,0.5592178321450747
0.816592758992787,0.1347975115306484,0.06548767146891595,0.0264354704509685,0.564426638740028
1.0416787668812453,0.1598899332696361,0.0815333343879391,0.026158853221116923,0.5692718065808181
0.4606468509863588,0.08234581038235088,0.01704320502430416,0.02499854149090396,0.5577646446845614
1.2608006952272552,0.08805764481045625,0.016558961434715712,0.02509425068431735,0.5721910156387578
2.9281838761916053,0.13173443289214895,0.05061160526956907,0.02847041160903747,0.5695423749816392
0.34419632429434754,0.10048144827720301,0.029997320401656008,0.026716290469873356,0.5933008751260636
0.8215536515129926,0.1352057949051182,0.06589143310200286,0.026424018130452087,0.5878460076142594
0.39854788074514946,0.18268821549678513,0.10193917897827717,0.028707069708253735,0.5969131615827318
1.0666470075970986,0.14293249306747008,0.06942813249710385,0.030743416932453013,0.5841104596655323
0.38115335644055176,0.22254438967243434,0.1400009234701882,0.029208020833682975,0.5838907942208019
1.0565352825737238,0.1987643316673345,0.11435624743186776,0.02833095892424436,0.583921631079462
0.9915376507457618,0.17346706597332118,0.09048217909980272,0.029653981264082984,0.5997530179216252
1.2020899153595468,0.1567690362168272,0.08275942911948361,0.030386460895828568,0.6082399493518511
0.6819374739813472,0.12794420588909386,0.05100539678130718,0.034245278223677,0.6141129040081825
0.4404285944475063,0.14553646890470318,0.06641184862415807,0.033773191355337996,0.6464081277819561
0.6544674430032853,0.2183545497843142,0.12719631015508107,0.034340441992230936,0.6667054587366663
0.334195555443507,0.16938101546435658,0.08684858605002854,0.034196634631957795,0.6716295829569361
0.3445021711719371,0.220401434525111,0.13088460015363795,0.03417443350403219,0.6831543771142827
0.6786361033953296,0.1737271289221956,0.08486767052888888,0.036558283734544006,0.6965672463261326
0.3344571288905189,0.10604912605089668,0.030781017022391777,0.03130092643848817,0.6740415974462508
0.3425587033315036,0.0854686748151512,0.01301226769516231,0.0306195671344681,0.6711054526481013
0.8004560403094582,0.09966858480868283,0.021423140821355918,0.0321473559240194,0.6706360022917299
1.018743071817074,0.1505362970705138,0.0751800010640035,0.03181650449460573,0.6679760934993697
0.9217226201653265,0.08129320200911902,0.0044689399754098,0.031830377033137666,0.6878541845083052
1.075556428003433,0.07166318419145679,0.0055045916190326494,0.029052720109409416,0.6762812735405729
0.5665784905596342,0.0718495715547339,0.0005178638366665541,0.02824011562658626,0.6751339216810639
0.3681791884253632,0.09916204599580805,0.029041580103831927,0.026117526520498053,0.653347966529677
0.35331376412205845,0.2262266209491825,0.14139329378199691,0.02869507436440802,0.6487215715645422
1.0163559047491482,0.22233858867364792,0.14384612347310627,0.02788175401964673,0.6437339417685245
0.766537131793183,0.33406571371411387,0.23874653554075875,0.029548057431202125,0.6473958850315925
1.5982375845324004,0.2919214362981602,0.19343117537706167,0.030856834516287318,0.6474704886568077
0.4521406817938507,0.1979013646067546,0.11570954399672304,0.028275962615690854,0.6391147160019954
0.4718977488233226,0.21034245053677036,0.1273041165861247,0.02772110027828545,0.6600261860141619
0.33094767970416317,0.23374420863599918,0.14925664787510073,0.02936210878068649,0.6878015516758834
0.8094733444375318,0.2885156909605935,0.20218370690996149,0.027220447817221577,0.7018840326186194
0.5913160172799939,0.25911987627795324,0.17142604132441858,0.026558877465649465,0.7227574240975162
3.5408424074885625,0.2789407922231873,0.1996719127873917,0.027327400931731808,0.7232296280884981
1.0274405549633474,0.2852772742990174,0.19095279269462245,0.02878011855598315,0.7242325404335247
0.30603373739810724,0.21764349408492656,0.13414879337628122,0.028889945007883625,0.7331820787744401
0.3009646517046787,0.22850605749096117,0.14020542645067946,0.033213334195337056,0.7517623805852642
0.3028627302424759,0.230431985664077,0.14104349534005345,0.03378643010327734,0.7329362040309048
0.3155728211445236,0.21943573321571958,0.13031121521998315,0.03425189181814185,0.7170361863546049
0.40764557005919777,0.2517335816757333,0.16011224477355285,0.03528593593210133,0.7217363490853046
2.819827966728759,0.2932271726987318,0.20371072230337864,0.03485551863512441,0.7031999347867632
1.0559419348510128,0.39190023568163956,0.2842227167883676,0.03326945310382811,0.6899653943323002
1.602324404667567,0.37090969260262285,0.25573990923508094,0.03809193814659016,0.7112881045544935
2.2693325297302778,0.43370324261579596,0.31978179588325045,0.03714352476238187,0.7199392616240902
1.7057049947894194,0.4498651852001593,0.328033856480835,0.037489053929863625,0.7238308217123653
0.581080101937951,0.3302181410481117,0.2247137974844599,0.03723139012226187,0.711927965293189
0.8270416196648971,0.35396830794932904,0.2455320435154679,0.040235659535124105,0.7006606672165081
0.5193515095140024,0.3271951669335141,0.21787331992175532,0.04317025455400893,0.7223262397851482
0.8694956823014369,0.36925781514899203,0.2551950213661041,0.04355823388785733,0.7023853524331822
0.5742410668038385,0.30665809909430675,0.2011760310949917,0.04327381113022097,0.6757695291822318
1.6132651438693018,0.37359877756557547,0.2614873915203976,0.044050924867488066,0.6744425325265578
0.9586632515058673,0.3605408582698161,0.24502214282165616,0.04187593375449416,0.6525890182789442
1.5062150896861561,0.30808165863898596,0.20779197833300417,0.04119343590786092,0.6439181732160546
1.4615555658448807,0.24511132011362596,0.13847372571101413,0.04504250549225229,0.6410931994864709
2.4116436485028943,0.19394645880570469,0.10100335398853506,0.0486766434839693,0.6451775749562808
2.2291031622862008,0.1842887211397865,0.07998523991905998,0.04792001855295754,0.630701245875745
0.3399073176182991,0.14642143716012918,0.0504632243553726,0.04834026508862672,0.6532917063036299
0.38591041914301144,0.11457564345565928,0.022201026340154827,0.047141291628220436,0.6497170719968802
0.32467527266232593,0.17750345292910308,0.07900802817661451,0.04951470105365281,0.6685633939752468
0.5022010142162464,0.2605823087804131,0.15204779464823698,0.052216372384487904,0.6668449111495282
0.3477197761672491,0.2330214102095284,0.12474234746204212,0.05194564903272067,0.6763166094063904
0.7455084917313598,0.24255698652735638,0.1324153967885481,0.05075815518158025,0.6758021473696405
1.4239737678615918,0.26714699344211,0.15240081739899672,0.05088100646019646,0.6792808944929681
0.5610620216684469,0.2710047599613568,0.16067487849790685,0.048492598216020165,0.6589832010736162
2.3384456725589198,0.31250734619094106,0.19132277929311597,0.05024222286542035,0.6506253558056841
1.2314807374848737,0.3638440323507328,0.24541128439338683,0.05093541759828558,0.6405150935735023
1.1830027962554115,0.3341844746438491,0.22195540905973957,0.04892979656695154,0.6680301944840025
1.6540170286988702,0.4495470753213128,0.32004124199457984,0.04642642511048037,0.6819764105847569
2.441278897310209,0.48227598573707897,0.3490350522073592,0.047097866473955634,0.6653966915158196
5.282327002975619,0.543580388358531,0.3915651493149928,0.04620650558620298,0.6541217170313601
2.749886112871252,0.5011318478725855,0.3680520915197624,0.04273516932554119,0.6656633981716366
3.424077173527865,0.5307982638424942,0.39053848148979137,0.04415407766880369,0.680983804188395
6.005701463406054,0.5585316789230282,0.4033346883058941,0.04626366239446017,0.692625507585391
4.993766868977098,0.5680976593295192,0.4120264985270097,0.04922341032053062,0.7117906801788793
3.1074526090676544,0.5102824269157848,0.3719406274124571,0.04819197534467904,0.6908859135367944
3.232041766042108,0.4311542697630319,0.2965709518479996,0.046689862128222875,0.6957215121028504
1.1503380701877979,0.4120891177966268,0.2858549396267656,0.048984042322600334,0.6979638650544718
0.3755723147962313,0.2898180320364126,0.17796863790895692,0.05026023932547921,0.6945442271024528
0.6947966928234248,0.34527158045027495,0.22781891447327907,0.05033719345532393,0.6840969014110727
1.6552383218036568,0.40580498336947096,0.28077639206486704,0.05211709658054281,0.6810549615645572
1.7798126504063458,0.4050450572675824,0.2704583838372647,0.0532952781934518,0.6902510836342597
0.6557755909185149,0.31770376446957505,0.19966132980793613,0.055179383999397875,0.673416680573765
1.3675871459048914,0.29825006482993915,0.1782130521641887,0.05269926018528531,0.6630295704683731
0.8225794514810983,0.2754190355601662,0.16539062383965544,0.053366876036025704,0.654668472862861
0.36954457887626024,0.2252177944747147,0.1146198284264916,0.05492723192583121,0.6456937491483782
1.2408066432739866,0.3079480670276282,0.18283300805094005,0.05703268260957336,0.655546481081844
0.7178071772812421,0.34725088406730414,0.22448017451711366,0.05574018277233742,0.6640316216908954
0.9718155553574226,0.1983872980340056,0.0933312595878005,0.057321585843848256,0.6328574552927172
1.0393529180768037,0.24011677145006258,0.13068249355241784,0.057611463613852734,0.6360052910229306
0.5578286131453503,0.3235616257493541,0.20350222952119806,0.05566259233886466,0.6309301048051282
0.6072994801049434,0.3424047600433022,0.21884841233070235,0.056480930464999905,0.6545541157253566
0.8739579989190163,0.38253440359205754,0.24903749498490435,0.05855170571716788,0.6505082201737704
1.861066702306088,0.40085504514522957,0.27159239433339977,0.058134092793048646,0.6498252686586514
0.3814877654994766,0.2958589741516763,0.17388653907146479,0.059361297882558686,0.6403577546743279
0.29687764806352074,0.21853284100840648,0.10556653876689057,0.05903834579854125,0.6362140426791192
0.332151592302213,0.27105500896857493,0.15468918464239262,0.056987352132336896,0.6271440308795282
0.38808621476807936,0.2674372313500621,0.15506521595266815,0.05442810615312552,0.6098267735252998
2.5692228565945667,0.37237342336171053,0.2429613355154067,0.05045766714745256,0.610901085624738
2.6102734441199926,0.32456747802650543,0.1991554528636572,0.05259359505297511,0.6102547032191002
1.9829846879285375,0.3439704450227237,0.2303775551131568,0.05110374813212207,0.5877886832965706
2.7099357641234816,0.4443959837558171,0.3042247049962849,0.05172048284678416,0.6043813953250338
1.2856493498719075,0.41882806162056413,0.2921596412046045,0.04906319515390509,0.6164790565474099
1.2385447718316875,0.3911259762191095,0.2701877056702974,0.04874295684601491,0.5827992083903384
1.105606904678601,0.4096541297762906,0.2818297244919128,0.04955131851383594,0.5930277202399309
3.112100350605862,0.36762301887489446,0.23982117957278593,0.048556373567538044,0.5952305400326333
0.7802297932246631,0.37348713937188577,0.25004043774046053,0.05015171748891588,0.6216837972944409
0.4801072425344714,0.31253793041234706,0.19935392392714502,0.04950738837763914,0.6207311132316709
0.4642889982863751,0.3138027510792176,0.1969282256984291,0.05140151171906173,0.6407933205789564
0.5752273716712655,0.34283235761007697,0.2258660181719832,0.04866363309924842,0.6506554099098163
0.6771207681297982,0.35982162093740633,0.23969484417249534,0.048943612639694184,0.6474488754067755
1.0100212424349397,0.36978854885544526,0.24644865086853582,0.04859735711068871,0.637734000996414
0.528242000059979,0.3311275278524625,0.21589148138351524,0.04878285952096234,0.6604546573127412
1.529561375172225,0.44137346523884136,0.31278940757863116,0.04548382522350503,0.658801643985095
2.2320596706681655,0.37575269877253514,0.2520474259625898,0.044774957545586136,0.6378729673209056
0.6690507852124032,0.334470301357653,0.22480497820435713,0.043843015055368,0.6522830617799498
2.052571148778062,0.24877359548723865,0.15163104044258724,0.04650717654830047,0.655297162754058
5.135797543263597,0.2368812083305536,0.1271338039966505,0.0444565991334458,0.6369881939542642
0.30618283760338044,0.23005832623558203,0.13066205696919042,0.043814017984947363,0.6253811768837291
1.1023984376275633,0.25527274910683473,0.15638247564159113,0.045276858226704186,0.6472752003525277
0.9834715331154156,0.34974715785514454,0.23671510277406904,0.04658654485588795,0.6503437535417815
1.4360082566307224,0.38905795678557037,0.26643804049230213,0.04400912606636047,0.6437525446440852
1.284352778733097,0.42097386741309295,0.29625729813427465,0.04420274548324588,0.6659937951987301
1.0438447358893566,0.3999523276748663,0.2784820954319974,0.04410968083347822,0.6780569468280572
0.5332765694963892,0.31681640436117986,0.20939965778288447,0.043349444142759125,0.6805744362494814
1.4977978286460834,0.41297478733129545,0.29510478004534946,0.0424524882489688,0.6743294012125124
4.703254326465429,0.3507208916006975,0.2492867198476656,0.04260364722851879,0.6946552704322015
0.7953793984019685,0.29263543326012575,0.1909226749246491,0.04247402025872703,0.6707244576044998
1.544356095139052,0.3770151071833049,0.25740661541846793,0.04203521372900744,0.6605528869405771
2.0936133092141063,0.35879565191004625,0.2498607817895465,0.04438170175625398,0.6765186941948096
1.7547658997521196,0.38330035484392605,0.2607142398527693,0.0437435256734571,0.6801200215821517
1.1603515367082324,0.33955008024247096,0.2233093246678493,0.04430329420160081,0.6858800379649002
2.6043913172006694,0.4796802111920207,0.3496868483548833,0.04519158303538057,0.6638284014456972
2.2725517736499605,0.44695330228536606,0.3140796697565208,0.04515952902524564,0.6650232379516061
1.6577562642564057,0.4433560475976861,0.31531434948314013,0.04344402667421896,0.6821081620309208
0.8741592856973361,0.3662170788477061,0.2512839317393692,0.04118904267839364,0.6693930755605263
0.8256554721382877,0.3756466273119621,0.2637425583355468,0.038287667166579414,0.6550612994168817
1.071871380430156,0.400157386800995,0.2871987030832372,0.036784914472732064,0.6589327862271316
1.022640667963757,0.34688789163092704,0.23643056991394848,0.03797241560890933,0.6556983140530392
0.8462326416476954,0.31374317310206623,0.21287092901571122,0.038864185628050864,0.6386252519586149
0.7537191682989203,0.3602706782553091,0.252093022242652,0.03803037374127927,0.6310867060695706
1.209028494855027,0.37392904282327105,0.2574027516768758,0.04034661818312126,0.6424496873902182
2.8659189463158428,0.4187057864676358,0.3053961678857362,0.040959945791705504,0.6524243358879562
0.8445529202774412,0.37483670925334006,0.2594015790729253,0.041322062781298956,0.6695589672467711
3.74021050315841,0.3599961644931533,0.2352328317378091,0.04562867094920377,0.681035320016892
6.08721913645893,0.4169505858143195,0.2814704259987974,0.04582651682155984,0.69589906666723
2.151696539545817,0.39796665175867935,0.27146893244965775,0.04493709436405406,0.687199967486874
3.2903407680278285,0.44310003260792885,0.3239026294863029,0.04372586627835036,0.693634631768859
