14.362793136259649,0.0469269611930917,0.0040834830097164695,0.006421860421618362,0.2784568370596103
0.5931975953185442,0.31082102283240814,0.23972019436055617,0.004019019204003988,0.013359203311970831
1.15479509322267,0.37031416538713713,0.2966079399764506,0.0024139469646330862,0.02828987960496753
1.562950884211106,0.4234688717661812,0.3391677223245984,0.0020616996899243023,0.036726029700937086
7.416389091490425,0.4238842182830658,0.3298238566766854,0.0005315762320157334,0.025218533363268014
7.283208401135823,0.5036499092981109,0.4208634483888474,0.0012807362942898071,0.0046562993133918325
2.7920455359297485,0.4493785478877679,0.3665466103879458,0.002457226294939433,0.014104048404310354
1.5919364674792533,0.40871599714923884,0.3277474983908328,0.0042928441458558115,0.015179459110446446
2.05551364044529,0.29681964870464805,0.22103556778063949,0.005942478895075038,0.016349074490780328
0.341328208401121,0.2509463375780429,0.18183874481381176,0.01064168376918746,0.015171958170378239
0.30309807024523927,0.2142959618907202,0.15035177204165406,0.009372145783400171,0.02213037799826173
1.7558835692343586,0.19548598610602003,0.13753100211775474,0.01147867226518067,0.035691326462702705
2.185035064318914,0.2527878348942177,0.17814415163573352,0.009914819068866905,0.032556577582070444
0.920573315637274,0.23650424514431564,0.1763861278812513,0.007057356885908871,0.016014486039130426
0.42523706441571657,0.258715782728701,0.19692365690152605,0.0011740013368676146,0.005675738880833513
0.9696621576788561,0.23282206974602238,0.17238580964093145,0.0003620926473773844,0.00725859130632091
1.0058436253711753,0.18954290645382244,0.13975156456612198,0.0020437511875838277,0.018234968428529834
0.36036874630199983,0.11948490719830605,0.07158878350468109,0.0018152107998683207,0.038087243624469996
0.3821762001618753,0.12009498920969135,0.07123030532214418,0.004876435459034708,0.041847783754050905
0.9934481130002217,0.15606376226328764,0.1002280566424463,0.0037333869744641105,0.02440095702607386
1.101678931497019,0.11307330494206821,0.06338078453791297,0.0012968773010840155,0.01700404964340902
0.48498894606095266,0.04513920469215195,0.005003922071386523,0.0024883312126746,0.017979205918606064
0.4395438135523912,0.08931978351347115,0.047232507140466784,0.0009678152877373404,0.03819905485159977
1.7248797152296949,0.08480821408884993,0.04781422712647029,0.0002679343996659858,0.032457980553403404
3.457266803164223,0.08788482394061735,0.03786624967803433,0.0001978784737721158,0.04774338007183167
2.530891997831483,0.08478309957266869,0.035367269328495,0.0009603685839246357,0.0200194386165514
3.557947042099735,0.06110433080857138,0.012415626218690998,0.0008618704705181299,0.028083929617441217
0.385834714225039,0.12303930052525797,0.07811700469879834,0.0007152084425150103,0.0432112130775936
0.8363697021924303,0.08554499847481381,0.04490469627570665,0.0015868596327580189,0.03705488853483529
1.9042852797480192,0.14603216266910013,0.0920553323961178,0.001031634848902399,0.028451626481742487
0.7805053757438953,0.1107206384809652,0.06063451299130261,0.002763038728192567,0.03860143693839731
0.93244550853923,0.06797130441279145,0.023300352384020936,0.00041534201468253944,0.03569177139493752
2.1803789889306926,0.11382100724452553,0.07516021008637438,0.0005085743468401504,0.03237310534323302
0.5350621674498862,0.1501595624347718,0.10302600309306,0.0014764553401960343,0.03851188028227555
0.30091198218278,0.20802403000837275,0.150452005934961,0.004144991359298951,0.021896087882328517
0.6263991381202314,0.18924563246988932,0.13591637849123042,0.004322019187282103,0.032987315624008653
0.7507298083265501,0.20269797047317262,0.14635119408617678,0.00018194402971447466,0.04689504663688643
1.039899679137589,0.11075319406574506,0.07012360946186409,0.0001893839916920231,0.06340336796626286
1.4839038075659037,0.11078796564668443,0.059373293217413185,0.002426181293937045,0.07845858401670913
0.6099195209936943,0.19836743849407545,0.1462726791427334,0.0020796751137903344,0.09753179519682731
0.6316551062408147,0.1386667657481535,0.08695312746182775,0.0023763338326506494,0.11783605123995447
1.2325358371011184,0.13597238288054925,0.0877991103628061,0.006137870609880509,0.12168834545275302
0.2990727879997962,0.15436786751386256,0.09870290346888032,0.007445558542389917,0.14694776169304624
0.580986790412987,0.18739447069400295,0.13417839986962785,0.004231665391307127,0.16164931286544437
1.7939695404521172,0.2653323782821103,0.20671358470173518,0.004489597605685459,0.1423412593140969
3.069420046458864,0.2575953137454291,0.20485937140150765,0.00189444585599331,0.15381359939494518
1.0272992358703297,0.31907381825224757,0.25133068936559044,0.004411024438553746,0.1519174193645144
1.082789794162599,0.29664404677333994,0.22738515499908427,0.001575306584795681,0.18810670606979565
0.46100342242451847,0.2552075611889962,0.19600642531458815,0.001860338954774863,0.1805263067621533
0.5395561819547103,0.22559152622399203,0.16534947802672903,0.0024713297468985066,0.17482667421066445
2.315727882116131,0.32450360032431735,0.2602707704691653,0.0035706228859272372,0.1700055659254673
0.6445620107005776,0.30684051033667015,0.23972377269575365,0.0037638892367820222,0.16973008443020357
3.8172591472151014,0.28935666490999296,0.23254502298732974,0.003384543849944986,0.1725899179592591
1.6416508832947432,0.3701630635346237,0.2979562255114474,0.0029701101130823293,0.15226680928122677
1.3647998158646462,0.4102713814577662,0.32502495346544397,0.005053987978948845,0.1255656193602973
1.4701637577599196,0.41869526911270305,0.33394582519719557,0.0036760300740828642,0.1309483342511858
0.7457219632527268,0.3230071321328271,0.2510522949056091,0.0067660664453242,0.15898635840282524
1.677033259505949,0.42497293292530064,0.33392327985315856,0.007455539720840443,0.16561861470668587
2.7414846947886105,0.3766714013469564,0.2997008026126948,0.00970458229584062,0.1836776133814473
2.071647542683212,0.4557618993073852,0.3601193196120212,0.010440456776758018,0.1652220984242109
3.2697600959788113,0.49135145374795364,0.3858413259515588,0.00976379141836462,0.1592100239226691
6.662117215295078,0.4593733121629974,0.37449582709254353,0.010891604524331982,0.17622730731158331
4.053138111948921,0.5079036853656962,0.39753440024926473,0.01064017231715523,0.16721301871814387
1.6660237993952534,0.43442716571125767,0.33928520782885113,0.011800506869591602,0.16465553676858882
0.8656724057488717,0.3514784476905051,0.27064619939281653,0.011675482636041153,0.17435362337648083
0.8457154085879165,0.29230437598104314,0.21438235917160656,0.011646030667914939,0.17268611091831196
1.453084650496136,0.1922579984686533,0.13616989670849822,0.009333869952364722,0.1915613323546786
1.2624082989367982,0.21633863831618583,0.14717463176567294,0.010335993370770602,0.17935687499500444
0.9643727882670338,0.20844334943789286,0.13997412030745854,0.01122660973744519,0.20527075525040644
1.0947590242666085,0.2052762591460264,0.14600207173378876,0.010285700631505456,0.19154232866665605
1.592250410799812,0.16801544135379695,0.11649953283689775,0.007424067940921983,0.17762943437186968
0.43670977570609554,0.1812771044106549,0.12022058305790613,0.00851522753351471,0.16216577618004302
0.306458594684512,0.20666285415124966,0.14570133925505074,0.007969337406167032,0.16603319896969085
0.44325681863815414,0.18167366685803057,0.12396070831916046,0.005055686344541423,0.1739538357899936
0.661605867086895,0.10700732180268505,0.06252618723696683,0.003110138373943525,0.19092090297337194
0.6185681755871855,0.06248887724389944,0.01846670896224816,0.0012095232211848765,0.19777992389851978
0.7027572627768548,0.06075997099112874,0.022362469525356282,0.0007031191681269271,0.17740065329128468
0.3700793854122941,0.05566562753451186,0.01084232359133554,0.004121778880110945,0.167861064573661
1.6159426483174848,0.14601838467980022,0.09846871667101903,0.005523446293548971,0.1670529919929121
0.3104505883841634,0.15283381714565955,0.10210397811845764,0.003092743707380989,0.1674377424640334
0.5876610356384596,0.10986109255078594,0.06216071422908864,0.0057954687486347824,0.15441595795050972
0.36794472400923006,0.15555557694162436,0.10446796640679748,0.0015024977144909805,0.15169036930352572
0.4357837971197977,0.2148028696550329,0.1581603286555633,0.0005437509639882505,0.18546281778519852
0.32999574970710344,0.24314055511400506,0.1846185171327421,0.0008572137669249635,0.18764077790682915
0.4734389614648793,0.287749678894226,0.2235513966311331,0.00034104522421186446,0.20091162908540156
1.234108415651074,0.30908186764609513,0.23632310581197438,0.00320984863390695,0.19264199475282096
1.4465388233543255,0.26244311590689196,0.20493673327002157,0.002897531983696848,0.21260343178769778
0.9754819008432744,0.1990002024007675,0.1455703869112404,0.00468089963877089,0.21702599618162843
1.2037788006877777,0.27865615750190725,0.21878302145080392,0.0025999054204503087,0.2148603652574338
0.41207987227673215,0.27439486378697325,0.21248340986096534,0.001356323063550608,0.20113093787703512
0.5513673692497468,0.2820148457182076,0.2163162869031711,0.001778987522731687,0.19637369638566549
1.1823329337951094,0.35431124155935595,0.2783910315354503,0.0012356794439783933,0.20304382069251944
2.0570452762320963,0.4116411207524269,0.32350013917648235,0.0041708616513896025,0.1970656126266973
2.512666765659893,0.42989424559223544,0.3508028701734598,0.0017988915454764513,0.19922460758286228
1.0403352285349086,0.37885317438574234,0.3047105493893951,9.401673465356773e-05,0.19849582502331817
2.0376471478499223,0.45279565702393304,0.36580244035686954,0.0013402663297259778,0.19268490887666118
1.890796756636765,0.43754153662691836,0.3519687805890198,1.9308219762059027e-05,0.204415578084449
2.5462556918138097,0.4478174442974117,0.35441588136390656,0.004030445334330483,0.20120047079047923
3.7403183127516826,0.5063128379082519,0.4129918779839206,0.0030355167185244425,0.18333930377728838
4.459293143927304,0.5387812877803123,0.4404999279404856,0.00131898866570851,0.1816142027018992
4.812293501803213,0.5547218795988411,0.45087425192931396,0.002738059928238811,0.19220099643380295
3.5564567426118048,0.5162547816727383,0.4182539222252597,0.000852749516984428,0.18708236573442705
8.210905483296667,0.6134510415877777,0.49170663297967504,0.00293025522077497,0.17542617619690604
7.263485695407683,0.6131935784119393,0.4968357196623249,0.002600909418966367,0.1664745955669497
9.01393637164782,0.6016651446329115,0.49869644832528626,0.0027438683112250154,0.16299678389640723
7.59272894415921,0.5724810816963506,0.47525955180035834,0.0011944953865795508,0.16476895237500425
7.657012120748767,0.5600257370517183,0.4631731664331975,0.0041576601833249035,0.1576110214322926
5.4323952936898445,0.5533843605115027,0.44047759876572556,0.0055086149161108,0.16506186517702545
4.963533012978979,0.5605385626054594,0.4538122986259442,0.003555238392652885,0.17964826334066694
5.556720073676478,0.5754288031507953,0.4639734710276119,0.004365139738204979,0.16926371003926224
5.17007927412011,0.5540411048864393,0.45227824528050814,0.0034943868075366672,0.1756157142066896
5.131284599973637,0.5635266921044318,0.4558848426978087,0.005410956894147971,0.16383565112784554
5.2886794199974485,0.5633028591656304,0.4503450144698054,0.006002892821225704,0.14710046026563076
5.657700356008143,0.5365288565389378,0.42623173534024483,0.003711717551367686,0.14953197715013206
2.389209830378772,0.42572365376372895,0.3448994975430276,0.004029652552323948,0.15522123584185893
4.271264762862017,0.38960167794035333,0.3010091960747685,0.0034195458523125577,0.15120077877107346
3.969529523341217,0.4272305278734917,0.3519658007828434,0.001943634349389351,0.15209888792647192
1.7187745406257016,0.4110173883467824,0.3230572952761054,0.005241670698986461,0.15900918191780436
1.8011146402236207,0.3966109600549793,0.31658706201890346,0.006852353646776539,0.16498511301779595
1.2502607955557712,0.4004775066038846,0.3147051317527965,0.00680012084742326,0.16327794879906743
0.7841732165751739,0.3461275593446283,0.26998805331637477,0.007159097066241864,0.16602436940317467
0.7026809650381377,0.34334340523182505,0.2650206084922087,0.008952441609024364,0.15205651303519546
0.8691121749287256,0.28534692820841706,0.21994557670491832,0.006224121805380182,0.15936305006373205
1.2300130174008297,0.3041482721179553,0.23179637466141226,0.003398404631172821,0.1555660257768686
0.7855943945977467,0.2389409625725296,0.1818448643439076,0.003323592021866696,0.16833314493474155
2.4409835160195343,0.2053869101953744,0.14353368151950868,0.0020751291069969397,0.15745917558797065
2.2872467063249493,0.15704383565689034,0.113242022070943,0.0020700155878725195,0.1567029925925254
0.9307556912084731,0.16645471958769786,0.12014003324553937,0.0006132380978071373,0.12651751186349686
0.5998404802896165,0.05052054569609239,0.008311309299788183,0.0003610109195677829,0.12323479976108367
0.656502350387127,0.04254543496872995,0.005678006414389361,0.00025364146067676885,0.12817763944071864
0.5701453079397336,0.11850188246327735,0.07055354309369997,0.0006904027684284436,0.13911612337061421
0.33057312165157404,0.16936313372632328,0.11721269724923052,0.0015563973151055527,0.14515543882389242
1.1386566980476438,0.2049438976284644,0.14494656518786084,0.002569006415491285,0.14956111753827142
3.2417761050581535,0.1955313435209642,0.1327764485208243,0.0030209389556494527,0.1259599883542597
3.1878273795039576,0.18277461296717729,0.13802014647486904,0.0020899829600527445,0.1562889226950757
0.5978044882735638,0.2210558028567066,0.1651199537395049,0.003446754131663684,0.17774706006789714
1.1655323015024688,0.16493335726629718,0.10597618085811475,0.005623567148039883,0.16872137114977173
0.5377797621702295,0.2893556030894841,0.2189009690225479,0.005907284372227524,0.14868565839218678
0.710132633500824,0.2902258233517859,0.21811725137902085,0.006530448166124146,0.15973086772080117
2.0586280508278203,0.3365408418021148,0.26861792165863374,0.005017413200783261,0.13378475030293988
1.8758809177283946,0.44532694280412133,0.3525473310944371,0.008785503470291804,0.14614371061713885
1.357497903980212,0.40847606265223196,0.3199684211761305,0.008212207043006849,0.14164969730824395
1.295326174100199,0.38126152440855665,0.3025372272406326,0.0062848995444943065,0.14818092460041576
0.6236712050167755,0.3240234222934226,0.2527984579761946,0.0027879167081979826,0.15758693129139661
0.7081678148998999,0.3425739635021339,0.27102926297215113,0.0011389473601105134,0.16567557375944458
1.2890449911533364,0.3128587258788209,0.24167821403255899,0.000998619716871414,0.17519169162785236
1.1699463634364204,0.36881478363788767,0.2961446144465731,0.0017748150973030644,0.1778220940426944
1.193089377255922,0.37801300778833774,0.30249598399545574,0.0030492128396863746,0.18938581477019445
3.6841786750883188,0.3771136968747829,0.2903888107998898,0.004059829147936652,0.19499408713628372
3.2367416988192232,0.37217873721536193,0.3010618703975194,0.005424018200457556,0.18054423605895417
5.295895084374334,0.42337468545180407,0.3459152085870224,0.007289830738959994,0.1538456117473217
4.460058541333333,0.4200553328056579,0.33819655023070305,0.01093062309333131,0.15457389211286232
2.092987581270437,0.4513720419529358,0.3545250960380171,0.009261461804600081,0.1635282267569849
1.6008079231077463,0.41653265518021637,0.32524472127982373,0.008687902136013278,0.1604472836748126
2.4007606046243675,0.44918139077057073,0.35336816105788876,0.006834137471570892,0.16396557757447866
1.7359570403348472,0.39694350872620837,0.3163723601563641,0.0071126769229151645,0.16376675750203934
1.533893765781355,0.2995129616380528,0.23131666509877344,0.009236045878355307,0.17516838242969612
1.7925284886922561,0.41740071375495325,0.32651337537939734,0.007264516126884982,0.1615984833259793
2.4381116692411586,0.47147595881696647,0.37892846221222787,0.005042438567325103,0.18456409760124792
2.375302935078256,0.4640233426463722,0.37166335332471473,0.006956768136338311,0.16082850119142283
2.9374444449720722,0.43101837713603486,0.34721137753874204,0.007684953443472774,0.14502732877678806
4.097339576772162,0.49771038621238395,0.4063315656199086,0.004537789290645704,0.14194308194755892
3.12100614947459,0.5025182663775781,0.40203360153037315,0.006137900854792332,0.11800523802090235
2.9433757673342207,0.38122413128277666,0.3092512219496608,0.004246645271391497,0.12735651841724122
1.8670135081340513,0.4438987633057265,0.355801892826596,0.00322989166810597,0.11539534761681418
2.616556892383745,0.46574924273006135,0.37456314471861657,6.877310676025889e-06,0.1266055346285741
1.8680760318178842,0.4435575482570319,0.3576285644711231,0.0014295880252844738,0.12125188083244877
2.48196360757763,0.47494209503662643,0.3841775706580249,0.0012955124003113604,0.13572022002497455
2.34051833802021,0.435675704584599,0.3474087999380943,0.0007760030527671822,0.11672640644189658
0.8059465402231692,0.34827841897698214,0.27777373810935574,0.0010381061413520035,0.13231436478316788
1.1045084738393807,0.37016193260922803,0.29617821459801724,0.002482979825270612,0.13064297564685978
2.0775343914929807,0.36987230794914927,0.2989827295712926,0.0029347434251865943,0.1155168769264312
4.799376222373475,0.29164203491415447,0.23761274137735441,0.001720845849101659,0.11221379400687191
1.9206354093036866,0.28799264738933705,0.21861173169951872,0.0008507396153093276,0.11759925556486109
3.4223354265136106,0.256894627375525,0.20476708720308953,0.001934424879497886,0.1138768140275292
0.43235724988028096,0.2617551717377255,0.20322549371112836,4.751311853490553e-05,0.10479201555107902
0.8361740472458635,0.2956208622251849,0.23440908420224219,0.0003865391254967244,0.09185377327832187
1.1204230038652927,0.2671463132850225,0.1984894633031571,0.00433562498728598,0.09531664822512179
4.856520488661284,0.3990188548697666,0.30651918702127845,0.005305297897370449,0.09311388606563589
5.262021971418472,0.39661941264524053,0.32302544808141054,0.007576750144356666,0.08472366055492386
6.082582932579257,0.43252664656723405,0.35073262615710554,0.011372626597937705,0.08547670449020078
1.819274538454427,0.42096637643276186,0.326550482879294,0.01033607438366714,0.063591239885407
1.7162362982534143,0.3290906671392978,0.2519667978798257,0.014543048898498653,0.06684046285280607
2.696382728436153,0.3980175522348078,0.2986565494954966,0.015603545461504807,0.06552961654499594
1.051227047206788,0.3357716426981774,0.25167704401901314,0.012053338730907574,0.07801181746332994
0.900851607778645,0.23787613054702428,0.17377268949929459,0.010905992177182482,0.07686788462087799
0.585358073303437,0.32424729100227095,0.2457280213528909,0.011394714176956106,0.05529459593207883
0.7158588277543367,0.3406745890828495,0.2608146538662761,0.01120953016706031,0.05758850348826671
0.5952268181236422,0.32335327464893765,0.2423584772715371,0.01298265861957489,0.04679160447494986
1.4205158748628202,0.35184065156925626,0.27385009648623526,0.01107075068224098,0.05019204003916771
1.0729622948568345,0.3240225897957677,0.24887287526718538,0.011240528464611474,0.031214714321435626
0.9396091671596752,0.33317935684976024,0.2566402665812693,0.010711335523868588,0.05184917276615795
0.9381148293731241,0.27582575449131835,0.20202716796372633,0.008989258606810827,0.03890774054356591
3.552426139225123,0.2898494791296568,0.21157125941925062,0.007191208764929803,0.03316330184924958
1.747523419064247,0.3071793320660575,0.23826998799452878,0.009338799798693377,0.04083234042423
0.6151036154916383,0.3008495619401215,0.22293724670542572,0.011679806140114622,0.06452876149074302
0.35567282699752983,0.2575053588474316,0.18851494403578434,0.0101575677984528,0.06428489496547439
0.3460070543641197,0.22994756518979567,0.16576323272358004,0.009039431696571365,0.08193811237007223
0.7421422990891239,0.26913612082995036,0.1967081335639423,0.009083499335117819,0.09257853484141215
0.9743239273764601,0.23667787336792911,0.17293709228170762,0.01091586391150114,0.07797611746535214
0.29333550765146954,0.17827645664576797,0.11694617832406409,0.010799621172706672,0.077042029225676
0.3421037048527857,0.25218615863474025,0.18349686724092718,0.01027872245778845,0.06520746412641654
0.5638607933983799,0.25732528686614997,0.1932663934983209,0.007116165921540877,0.06146547467954962
1.0001186306481697,0.2743292373027232,0.20962170486255335,0.007379196028667364,0.060382067562346195
0.4690424347171271,0.1749527001788488,0.12245941971374254,0.004169483003458074,0.06786558934140619
0.294287720863404,0.19303587708869913,0.13835351623963765,0.0024166053091216736,0.08445400419122301
0.5211193137268685,0.23772618419517974,0.17970588420471512,0.0032180887988662735,0.08786701925640493
0.6334491080328021,0.1910895138230793,0.1380578974897131,0.003883108851907028,0.10106027152358782
0.7100697023943158,0.3139954348943097,0.24483717993711412,0.0051202930202915225,0.12026254346805114
0.7731519085374079,0.30439050386654926,0.23606051934801076,0.006085221934665029,0.1125736938223175
3.5739271576774967,0.37654002010054854,0.30509189905206935,0.005700573163046409,0.12334491860763885
2.775931126220925,0.44815907024637286,0.3639922944716226,0.004091548639062172,0.11664177237471814
2.05796272418045,0.4524812732011116,0.36379791275817264,0.003870627733948054,0.10080499178389682
1.7342008337692107,0.4336447612927782,0.3503483914361814,0.0011388153432458203,0.09673904603681742
1.5351436189602983,0.3903057547819791,0.3165274269141255,0.000527500212548177,0.09824048810725287
0.6494576901180182,0.31907571775067217,0.24857573844124492,0.00220263926027817,0.06690605474652894
0.5374170980023044,0.28565803658595756,0.22382526903473438,0.0008339906628960329,0.05887675297260631
0.41820626201235356,0.25273522796995573,0.19532877606703283,7.310535335017048e-06,0.058031820156617245
1.1622324949393468,0.28324939533742527,0.2163224775095055,0.0005778431804961371,0.06071862887855812
0.4815817661299942,0.253188752144161,0.1915973385562469,0.0011411235698858169,0.05739499878366352
0.5127383066880297,0.2649801937852463,0.20278793566378278,0.0002917841975487072,0.0677834789305417
0.5508635740281587,0.291097579272404,0.22824702410236444,0.0011530337198898133,0.0632619353891177
0.3736180817378067,0.2571913174895164,0.19704814628662967,0.00026848756427658106,0.06310947733612399
0.44326155987334515,0.23306769939560912,0.17369229389378574,0.001304424667165602,0.07042944649954264
1.1255230550458353,0.15275829047168366,0.09737481271824536,0.003293320676111491,0.07893677306277272
1.857994814231226,0.14589166541564202,0.08879385661324198,0.00426224023929696,0.0673984391141371
1.4650388690815745,0.1820374657836796,0.12089818827925784,0.005432571481420756,0.07538556932414187
3.1072867939852498,0.25163805859698796,0.19751917522725154,0.004033916776451669,0.06600299274645358
1.4489370263316712,0.24232258871101348,0.17652987807327422,0.0035616819031176992,0.07137499322702552
1.0102994584717484,0.23327611527847514,0.1698773825906334,0.0031886387502290036,0.06261410784037202
0.8024642561842723,0.2638173479917738,0.20196898359192528,0.0051264938919718984,0.05558341971231578
1.7323290775414042,0.23790794392863637,0.18465995762041995,0.0021370898400409105,0.06159007228263395
1.1726997725377113,0.314609773488204,0.23971325609003163,0.004850171393596883,0.06030688569343582
1.6131338920173026,0.3139187586481519,0.2385591056497873,0.004286168569758662,0.03944180772156495
1.6708932701928483,0.3445159479080574,0.2633353743353077,0.006236032140612199,0.031064100786833464
4.828546636918142,0.21939909456906814,0.16993047851738863,0.005421526565550853,0.016624335460694466
0.40241137245152575,0.19046879733358316,0.13437658329646943,0.005777027484047952,0.010961026685597997
0.5563894622464316,0.2515031136638054,0.1814370582424863,0.009384779857093524,0.004896351984400171
1.0384657181938628,0.284412790989308,0.21203553828903096,0.006229647365621288,0.0017813618222154693
0.6622634251183976,0.2422104460776707,0.1825089055303431,0.005020814485674336,0.015841798589000602
0.5853571852801781,0.19346280246879688,0.13499492597389795,0.003874189465726644,0.016169610479185276
0.29571922663658273,0.2029481369480764,0.1471440979717485,0.002603225804248501,0.014670493627413773
0.405748317691516,0.19921835426248277,0.1433710077061098,0.001560298935006644,0.0029105536353252366
1.0955036664087665,0.29545352973364797,0.22735655374859104,0.0004954793850705606,0.008442894862060846
0.6804784350423805,0.2948960942812325,0.23318859320757318,0.0002515870082204436,0.014539700216242395
2.6598967411058414,0.282170026002673,0.22725914470391567,0.00038299450175824574,0.010614196968786207
2.783052310425237,0.350812752512012,0.28668758911373265,0.0005986098043566624,0.022014825271629145
2.0481759257800505,0.29439306477420146,0.22295834102488293,0.0018899930454923078,0.012678652821313752
1.044180007206497,0.31642501994977995,0.251117897770743,0.0023318916113437595,0.010132868803073857
0.8406962918473372,0.2808805203219829,0.22137619252691065,0.0006853932697404219,0.003851652608540471
3.830108535938511,0.32218634208770386,0.2633752370948635,0.0011288187165258675,0.008875619926974249
0.914247458067546,0.3522752557037611,0.2781245826808842,0.0009759496328496539,0.004259209139007521
1.5038510168884383,0.41534896301403634,0.3341719099179937,0.0022733929082003343,0.01953999428053408
2.5124209215937605,0.40305732654182125,0.3278534651422145,0.002801146155187637,0.01911063856707791
2.2214870790238903,0.45201764317174736,0.3601917888946088,0.003499169391324512,0.03238899636319674
1.9258498942381497,0.4053300385684292,0.3286098412903299,0.002168768963479603,0.036016656191808195
0.9311379415442198,0.34718825936729303,0.27791530113018426,0.0009140194006482247,0.035374425644074795
1.1136108003715353,0.36292431034052264,0.2901942870533217,0.002581747384848584,0.024720709481008612
1.1142518327135758,0.34354080110185226,0.2759258824063984,0.0007514647319297534,0.026345045519099636
0.8177745896742589,0.3490178853326686,0.2782554467012536,0.0012267319179326127,0.01829711423652372
1.079015036506104,0.3857244407861417,0.30911089611727577,0.0002442722878855817,0.02760056374097397
0.9070011083385799,0.3330693773715735,0.26639962544990936,0.0005515163626087854,0.023866842807768768
1.89038863567953,0.3299239641044744,0.25617473977664196,8.977166305816024e-05,0.056544372152096484
1.5419153819143925,0.423167190291249,0.3398497222710605,0.0018143428201621021,0.059547748413035735
4.071189066168629,0.36734412554441004,0.3037008001465521,1.9662338765193133e-05,0.05736817741201837
1.2042171520116898,0.34533290783905585,0.2774883658765446,0.0010631822517859469,0.04837114863260719
1.9064451943402543,0.36590020529136247,0.28754374349045336,0.0001855630185696232,0.05212508484151109
1.3586062776761672,0.24972653179396068,0.18601387012722448,0.0007999722777247459,0.04474080872434083
1.712868461179899,0.29406070403360846,0.234696896333592,0.0013910451095480523,0.06786998054546448
3.8334162953874067,0.33170106396367094,0.2548334499676717,8.32931688861567e-06,0.0860644312137579
1.6681835263768936,0.19302355070395374,0.13468012510580157,0.001084760832370887,0.07717422279758189
0.44805353345643345,0.2905300426493784,0.2275410553556161,0.00011245156099979736,0.0802439817694984
1.106311703759281,0.32131246470191926,0.2550969379547,0.00278228451162526,0.06728743884443328
1.485847087338,0.3799100419257415,0.3035439088030035,0.0049078016968980495,0.06896864109512345
4.283000211773463,0.33969375085177655,0.2557122665614843,0.005587592327440171,0.06653808554776962
0.9972655364180321,0.31942848377429933,0.25298612077383403,0.002881926413301692,0.07315599006322772
0.8271922504408494,0.3134827503863358,0.24257722599756434,0.0021744615302904855,0.06380757158966477
2.078654151168603,0.39683004121837506,0.32177627804532727,0.0025681292606604855,0.08389420599758166
1.1433473028622263,0.33248308165275026,0.26386975314050526,0.003661904408065066,0.08100431168729777
0.6503632995733113,0.3297853165872774,0.25457917916798023,0.007964175829678594,0.06936839508685584
1.647383037532763,0.1978356342674702,0.13415139470449533,0.005989422129191341,0.06843899604719529
1.7528637846797945,0.16647583024879528,0.10509659496744696,0.00673602803151231,0.08169420472699418
0.3715884634588336,0.15101266312238695,0.09967563475017625,0.004607367558047266,0.07472294556856511
0.8276205573617149,0.18027596823488085,0.1251448369519959,0.007795606315837722,0.059803370478724804
0.3113629807154483,0.15008675445972527,0.09435729319800075,0.007408082199832331,0.07775551954846846
0.926300111227487,0.15730917891517548,0.09697656217110216,0.008322370087199306,0.06423004606563863
1.0009502337363705,0.14976689428350856,0.0991928690489386,0.006663915134227469,0.06100115379038539
0.39872100339309885,0.22786556165714505,0.1665540191802926,0.0069033378234520625,0.06376509238540289
0.5509848528805522,0.2825972698821826,0.21727713486928799,0.004894538026089447,0.04490367677246328
0.5690622846992954,0.2658305491629604,0.20226932166527173,0.005530833032980954,0.04899305715453134
0.5409853285789329,0.17871778806094002,0.12223227981321866,0.008178247354698609,0.05119756981785162
0.7620639219225546,0.1365504609272279,0.08533473068876288,0.007729815819291939,0.054563254267785764
0.7296548516210822,0.15439718246389633,0.09707370345643036,0.006167772851900116,0.07959078556837186
0.35029708164148626,0.08443073839360261,0.035837037971917174,0.005818346243553404,0.06712851283946755
0.5065589604210026,0.07574213456556372,0.02462529321986816,0.007800383065549194,0.058333531925740964
0.5796944398788,0.09697911371166995,0.04468431991226908,0.006891571675229237,0.05832381028731267
0.7117522610359384,0.1391138998265367,0.08711717381117218,0.008111383985750441,0.07469526567315259
0.3624696410599018,0.06391795962568368,0.01689362322283526,0.007001197376865977,0.0775873757574858
0.5083932936937664,0.05994465553192214,0.013726414916572026,0.004112062424919403,0.09628007624913038
1.5269635539881423,0.13645276847846738,0.07994664360470444,0.005147820095717305,0.10003868528786723
0.9978481111268362,0.09302644931479354,0.04452686666205305,0.002075231347633179,0.0709448239007328
0.9597422176444059,0.11997296991144273,0.06802301143616081,0.0033116938328778905,0.0878723970437173
1.3428930101319725,0.09797872900834663,0.05417363232421972,0.005210465140082255,0.09453038442592425
0.6872883642800705,0.06366050851907924,0.01757378566379999,0.002927521918524776,0.093686978738849
0.41074657721598096,0.13796125896520328,0.09168720331228117,0.0009914233030396992,0.08838902012457721
0.3125618085484783,0.1304322695310896,0.0818595349142256,0.002771413168574353,0.09317532472974
0.40349427877732025,0.10391621847895902,0.056374812331688444,0.0024940860467271473,0.08030051632836915
0.8076483465447994,0.06199101646870646,0.020341009367988945,0.004255998429589651,0.05975073637541774
0.5255565232988769,0.12603270658417884,0.07789844031386953,0.004569112971782778,0.0645773766376453
0.45687459912266776,0.11487513249943174,0.06384593285824225,0.0046694861917561175,0.06889416491181265
0.6137414984281037,0.044584272973722125,0.0004745941567263767,0.007177814179662767,0.04775331351526192
0.4027915116917239,0.06274560690080508,0.017939508403496052,0.005338177377748263,0.05425905796660058
0.364428622037645,0.09316979977856442,0.044193788565716936,0.005239862698187901,0.06599385341339513
0.39201143752325496,0.04140498924728179,0.00011832946003725864,0.0031501240264845496,0.054584583493877
5.227320111396394,0.07209575259423315,0.017914230497915917,0.003942093338600206,0.033195986701477484
0.3324644417716247,0.10681002290121153,0.05816040671213425,0.004139914303213276,0.03055966057771118
0.45967537624258537,0.07608935020410318,0.03216784093524522,0.003931574446601492,0.04754772724733505
0.2990217774762327,0.18035827845632454,0.12643212069444626,0.0027358044791344262,0.042366273345844745
1.6663380335528932,0.08305947188201813,0.04391830306502108,0.0024291637453486346,0.036892709279597896
2.564038458301449,0.09103952937005191,0.04142123879548373,0.0006082875195118033,0.03645481339348982
1.5809074350390513,0.08559594098603568,0.04840506617086133,9.539169967277437e-05,0.03316997811760402
0.9129881561061887,0.07940364363060223,0.037948264921935024,0.0031204355380202095,0.047129285456124034
0.7333874258017318,0.14345340545952212,0.08939332224809354,0.00391707258723332,0.05247546377782014
0.5495934818811811,0.15348425162876317,0.10343382100013324,0.0041720655134067875,0.06042811606484677
0.48149003299029663,0.07114936113251094,0.02663720099891613,0.001677082266051399,0.0532945272206847
0.8252614367509555,0.13144457167832627,0.07983681342175335,0.002293006411371753,0.053406064833493715
0.36557003406864974,0.08286092342973471,0.03585496806616275,0.004132896049941477,0.04114984461307121
0.49629514638461303,0.10356845068724975,0.051935067658270134,0.006050752469575233,0.04772634979277468
2.0666570392015955,0.10720125010369941,0.06642965879839931,0.0029567219142848243,0.040038663458865795
0.8766613837696259,0.07700971396397609,0.03621567437107648,0.0025212298429521454,0.025180937813308303
0.4154942200888571,0.07909305256862564,0.03388774338633155,0.002162380533628516,0.015282675719524146
0.897797840135947,0.03693430884953566,8.642821066020406e-05,0.0014866785410568846,0.030592907424234678
0.3969408577505979,0.10239292861268993,0.057204823502492265,0.0027390764036718408,0.04457188110879337
0.6004586314712695,0.10677464780737612,0.060864243564248556,0.004286233873095896,0.01859960552824263
0.5529003296139082,0.07831334432921941,0.02884558589455253,0.005704702307717626,0.02599990016543851
0.4116921509964144,0.11775738416975431,0.06917413002471454,0.00501908134163019,0.01910843009038945
0.4113624045663662,0.14564184691815796,0.09342384463848383,0.006277208555516744,0.04853388053201525
0.3101333151964104,0.15097246455519583,0.09736407525032806,0.005193982105754536,0.05685806352775116
0.4288755435974846,0.2597851213757415,0.1975969262759784,0.003994059120930729,0.07374861224414807
2.309292770920966,0.24012443997883048,0.17077936951125486,0.005895290004788354,0.06513712085540965
0.8778588599088684,0.30566574275121094,0.23147497311419646,0.006159719413849117,0.0659909919444276
1.580917414742599,0.2422817694162417,0.18698862699366814,0.0033589388616059902,0.07745727598097028
0.939061535390659,0.2646318135172716,0.20638515869126575,0.0018820847013539324,0.05661090089635726
0.5046336827909478,0.28956626617792997,0.2204899282693464,0.004749309206510649,0.06511425400315354
0.5015482403742376,0.21536974670037606,0.15235526317885684,0.006534722351325786,0.06975771552825161
0.4538090118945142,0.22365928435662233,0.16827374745074294,0.0018125596094913047,0.07008524922835976
0.37680215165607933,0.20744335637494757,0.15253686887835127,0.002604248794901945,0.07192430782633212
0.29348832016699994,0.18987127331937453,0.1372141590826992,0.000989324818460788,0.06177445449281667
0.40472508844460925,0.22811319709484373,0.16924433494818641,0.0015859525120929098,0.06553466197905444
2.4544714638741887,0.18560779218779844,0.12777177753374797,0.00011826650185460031,0.0863195556710678
1.4945766154162452,0.13940891153388396,0.08283281508031937,0.004997608074172552,0.08108742529757074
4.586119573388899,0.1284226829760599,0.0690490021019196,0.004927544718984663,0.07303658467056895
3.4272192925353195,0.29457046598206144,0.2338774288142676,0.005989989888949152,0.05484690415202473
1.7413966213064052,0.24570398035680285,0.18724798596563744,0.006511959632637339,0.06275907003621005
0.30749657235755373,0.2130145264865244,0.1538806056099391,0.004527407628335041,0.05623361133297181
0.39663957097184394,0.17940664841616533,0.12292154564233729,0.004308521959724223,0.037624895359612054
0.5728124550224161,0.31996755604413546,0.2493293680489357,0.00327949216339338,0.03394996403303274
0.6735559306361739,0.3221117266071987,0.2486604920281379,0.0046971123470116,0.03376618255669865
1.050913347413808,0.24842197728522034,0.18307314824768586,0.003322909184993634,0.032098591300636366
1.7372878447731033,0.23933415299334523,0.1706687923148853,0.00622705282521706,0.03812654650789947
0.6906127651884383,0.27334846647883104,0.20648593885278685,0.003183802122558583,0.05357380642494376
1.760315419481893,0.07978170018317565,0.039939256439167736,0.0035818910316432638,0.05759056319440922
2.3963144796779723,0.18516484813940162,0.13951719368053137,0.0014129954920159117,0.06806387626427536
1.6896200457643487,0.25079903570855433,0.18400354896683002,0.0031190145702199817,0.06790255729066252
2.9584872497779853,0.29282194904575376,0.21722341680778373,0.004901192777516397,0.0689039882648322
0.4689328575359331,0.29740829783484296,0.22732738599897334,0.005684542757138874,0.057861998459442024
0.9649006947979885,0.29061240787892495,0.22476639621314673,0.006244276374089238,0.043123429693660696
1.1726835969043037,0.34695080224108954,0.26632923886790766,0.006815122962306638,0.04344727850313009
2.3952574659402264,0.3838610734323616,0.3089678208102085,0.005464789656482772,0.03713060860260832
2.578374368503899,0.3695231462408834,0.2827035176739247,0.006866362045335436,0.04444620262777145
1.6914429780692528,0.3777295538184374,0.3016902847859898,0.0056644640456739856,0.03650479026067201
0.4280958896384471,0.28117184577150744,0.2133278606795211,0.005160115772433475,0.04484599436163647
0.44454586772171073,0.2562564982186643,0.18683639137898103,0.00894885853846087,0.06251276190877324
0.4086515507833361,0.20925588593983013,0.14504217008893505,0.008931188310474252,0.07401754163781134
0.5043439769124003,0.14933992627471626,0.09007578954247318,0.00948899770739431,0.06672790806733718
0.31466185834634997,0.15124668561290128,0.09812391486227535,0.005708410864192331,0.08567810492223324
0.6497713921190855,0.24419950322071593,0.1773314399240832,0.006628428661031029,0.08623819118386321
0.36044851352953744,0.18369104697423688,0.12663291394136394,0.00714530581235979,0.08988134982336682
0.5781051737590994,0.20545971353530254,0.1435673362810417,0.011067760527621496,0.09232895271051743
0.37868063370224125,0.12500891669187186,0.06545952268699722,0.012859521447248806,0.07290680852861131
0.3791103614153143,0.08458546890733112,0.02799463314398129,0.015348332026954684,0.08134701518344474
0.6764130145850927,0.05656360892479334,0.0034563936550389626,0.01563220067274039,0.07743914684571837
1.1992745041312176,0.1067039526483231,0.04036841403144568,0.018365309122079055,0.08832830777125161
0.9897528277021311,0.09074656414484364,0.03317167866257471,0.018654962877969437,0.08302831807085043
0.4353298994072351,0.08525311733067774,0.02590740899192311,0.018546742534085968,0.08128500789137368
0.3799781057232713,0.17469129627999852,0.10699633713494003,0.016226125255014726,0.08613808106973564
0.969426527994971,0.145024299047526,0.07737308735298762,0.016771059391138075,0.08349010093539427
0.31613958685579796,0.20710894721681844,0.13782050619737538,0.015171618966503996,0.08488569691993261
0.3023873009071159,0.14777610356774742,0.08566963035643882,0.014510455338683545,0.0768364278616272
0.39421182189556386,0.10084515395416883,0.043652322761668166,0.014881446270078761,0.09470126125279406
0.6224631382039979,0.1476163687533532,0.08708499711389941,0.01556912982999514,0.07235127393172514
0.8320011154692463,0.12055406464173132,0.06259257315856889,0.01613516601432774,0.0798001142313285
0.38679875566913985,0.06848500273038066,0.009301855372789408,0.01731391681937995,0.07012728740065707
0.7793744603594345,0.08652148309246246,0.029934559254480488,0.01730827854306969,0.07410633506926853
1.4683054586634674,0.1633596248268434,0.10286898952646256,0.016583677041622422,0.0760608489799008
1.19688991554509,0.1774201379611549,0.11498673600817945,0.016515353543699002,0.07127224157900956
1.629521217191002,0.14224157103455404,0.07046800452811672,0.01978502762217883,0.09112038472023795
1.3077129480473986,0.16686841367155272,0.10355214842311791,0.01872530708117933,0.09296821014368653
1.6496270429515254,0.1791732773448722,0.10344044592351917,0.020092542980900824,0.08209516086773376
1.2094735609404617,0.10348489732797188,0.03674583486871642,0.01901429333812989,0.07620434518443431
0.8839565118478238,0.09179967312808365,0.030407868464598004,0.015440543104568275,0.09737472440279832
1.3650487611350108,0.07916293471211078,0.025503404980166497,0.016618204108705476,0.11172528987560237
0.5347316907428256,0.17634160946484162,0.1104368040876416,0.01340589191020303,0.13069237982553888
1.4695089830290908,0.13907068495859654,0.07131165388422556,0.016360610760359884,0.12389201431461574
2.01452889627841,0.14175825078433665,0.08431122639437337,0.016681584764288927,0.11314287782642002
4.879919591033527,0.06294836494448813,0.01367532499906135,0.019152998413026395,0.11275336608916472
2.069327351254457,0.06616891227027974,0.001304885619375253,0.018596226827793702,0.11396008427624629
1.7781655769124052,0.12088853006859493,0.054386856914933335,0.016194453490957907,0.11377572929749086
2.4479794493162412,0.09381431687271932,0.04294814925104071,0.014870755133815293,0.10223106918371544
0.9146446185323646,0.10455729303932329,0.043295248167507135,0.014153060840741185,0.09839554706790865
0.8902566877113002,0.14196123027374474,0.08246176391001504,0.01602401566611674,0.0970945695734632
0.5837490515040107,0.053132873689837865,0.004119602351978141,0.011365739114880546,0.08283378114396371
0.3295754397252188,0.1480931411323302,0.08979400086789682,0.011424641567597631,0.10221777218847122
1.2888448381496425,0.18614009777228768,0.12955034010491417,0.010022943274024428,0.09803953958613734
1.3320368774374027,0.27650153291210267,0.2029533127494621,0.007658328321141154,0.0972864619101363
1.3763926604328613,0.24668664746355795,0.1869933014143904,0.006811824105141211,0.11696795572008112
0.36718608486352516,0.1943506944312817,0.13449088399256776,0.0064274504202985645,0.13085254593608683
0.45292856690879085,0.23664448283458725,0.17395099065017267,0.007691595721296337,0.14212254407401603
4.689919245786927,0.17184926278575013,0.12602279735465455,0.006393329223047965,0.1417566936675768
0.8642322560088238,0.23166037928839855,0.1630884642110508,0.009045317072038048,0.1622539600933322
0.4441197491060082,0.20113756579969827,0.13853840433688125,0.007969780276182737,0.16426947429813352
0.5854053676064873,0.2503099734621496,0.18470750775347616,0.009737207447642957,0.1537186489107023
3.128360389404123,0.2786268070175579,0.20287999713519764,0.00663894552850117,0.14608231394363833
1.7004606658663148,0.2974683442691408,0.22069631418348246,0.007611724631710751,0.15233891503458774
0.48367595865188484,0.2751031689882546,0.2038434209612826,0.008590098543038339,0.16220859596825343
0.5943477704003587,0.30872229312132227,0.23387272725326952,0.01100595441217788,0.1384603006452173
0.5453914638070465,0.31838506299876596,0.2408129620001849,0.011101017102321174,0.13068649142835298
1.2566390024191867,0.2763370234959929,0.19721773401732248,0.01351346827567546,0.12310207884488138
1.4773131536799409,0.3367028428218175,0.24898914306769704,0.014324835521201828,0.10644947351553244
0.38424903429430507,0.2657985047866331,0.19113862485336489,0.015322399552580815,0.11418643682850849
2.063703661265168,0.3708809077473222,0.28600660239316916,0.017054840115237186,0.12147315261635216
1.8778827744179425,0.310257236222366,0.2344963066523038,0.016307353500542434,0.13426935284096583
1.3990881949726928,0.3182382522284769,0.23121849286952292,0.016121236139260964,0.14187453555296348
1.5159378665391778,0.24215020177771487,0.16478576418768026,0.015180721552647384,0.13118883289241456
0.42628145546775736,0.22419446801741855,0.15125954045836174,0.016059338824617613,0.10975088114490447
2.6144693246044,0.2872531731170337,0.20218260399748295,0.01571678772355361,0.11935360856908867
1.2017573695978132,0.3702619723233812,0.2857145238607619,0.0138542585528908,0.10212755642574611
2.7098940104881777,0.3439418524390718,0.2715350560999966,0.009890693855516951,0.09138836462645247
2.8883214122290135,0.303567737334518,0.23992450252887415,0.006920078874725373,0.10851850270685104
0.9771540548310229,0.37515537188953424,0.291867169674195,0.009866350708128607,0.10270974864944935
1.5576479637830414,0.34600606350642976,0.26156655383934163,0.009648248308541467,0.08663379315206489
1.2229892228089048,0.2833707627299823,0.21283809141607923,0.012821819237242137,0.08649482518014234
1.7207488227088332,0.23014709745636897,0.16107604173424753,0.007747624965494875,0.09716835198127091
0.6100417681916566,0.21056242138207226,0.15056034679305513,0.008762488634812196,0.11028492041653243
0.7648938134626582,0.1614178646451033,0.105860621463581,0.009852418721458093,0.09651723637174353
0.8585665130479809,0.2513017566410348,0.180297234183637,0.0092819022901593,0.10096010274739717
0.5485139582587217,0.2504104547672033,0.18079745803038447,0.009162512897575817,0.08563095977242206
0.8207183800713341,0.19838592756735113,0.13612113181037758,0.006392685813276707,0.09276172656918623
0.3909731877624894,0.20360035063708104,0.13930098634916327,0.009750785727595117,0.10045330686416487
1.5374266679817024,0.28391133357622267,0.21730972919227237,0.009621885331272072,0.09056723426531885
1.483231496925858,0.30680607733261084,0.22677638684329146,0.010180857154361666,0.07325709790955127
1.4558697498977107,0.3561236378326684,0.2777820776283103,0.010873395740616073,0.05886196726974293
0.7283220304928845,0.29071607095508434,0.22129272657398324,0.008891194810955108,0.0530142946080506
1.1741620700618933,0.30032192680141245,0.22921859312695542,0.010923446365294033,0.04275782815211632
0.5648014461918802,0.28878673909932523,0.21590074567556153,0.011776312119098948,0.06549795216406143
0.38421337012729023,0.2728041177552056,0.2003290804194264,0.011678435477508051,0.07458968855251477
0.42859215104707876,0.27514988555175524,0.19897840269741285,0.01401103077852986,0.08859316863907328
0.37141968480319015,0.2060743808515684,0.14012992264314636,0.013849787097939293,0.08835170253360218
0.7061434173757377,0.15697502839466276,0.08973715820515116,0.01598036650169706,0.08259643477979617
1.1707322486238296,0.1523774971051032,0.08569933915487465,0.014586360434103409,0.06735527884460604
0.9370810136441636,0.10683396571250907,0.04484236294392531,0.014615176451832291,0.07208146342218191
1.6518277759745397,0.05998331456334747,0.0022363075187223844,0.012590268766768713,0.07670014971348336
0.6111286564697515,0.09353270756649981,0.03689796249004501,0.01140852947082548,0.06025652804493142
1.8271520850366216,0.11437964912474888,0.055142324072867024,0.00935641608471819,0.06040759614660362
1.6758464984320947,0.23754094552336416,0.16420315369411886,0.011272934556960757,0.06708234562721423
0.9361901291963226,0.17282822702579811,0.11756846628052736,0.009002513091237658,0.05820768971272082
2.6757201637173003,0.12254439361553798,0.06147055958747423,0.009238984845657564,0.060648171908494065
0.5423887506838335,0.05579174645663179,0.005144399545687253,0.008686213297859943,0.05201018291223367
0.39399468003435406,0.05248234484668249,0.0008714618545262983,0.010875961735699272,0.055075053816647616
0.7010532116882834,0.0486385555993072,0.0015272007252813806,0.010273233250041605,0.05778201762282267
0.5274123599432585,0.16757766547974093,0.10648707346978764,0.009425726385426433,0.06367946938198955
0.5049627210268933,0.15915074082609154,0.09891881788549332,0.009520171060299312,0.09582451804835412
0.51121973255009,0.24500147693579483,0.1747560750183456,0.010579032964313959,0.07814519958983561
2.791699230536181,0.2567274085116901,0.19617761947220835,0.009411107581353776,0.09007673086702621
2.731823425662943,0.2076187683370196,0.15762207097013353,0.004098072501513075,0.10069791522796562
1.7181108689892706,0.2687899729621008,0.200238231627459,0.00271794068828184,0.09333837513185972
0.35504475683244496,0.22539221008681173,0.16607023233025509,0.002768802512582028,0.09241525919541925
0.8123499754508683,0.258224966928969,0.19952125432112347,0.0027000704178167727,0.08535832219713176
0.3657911667869521,0.17817367455333932,0.1255841134990492,0.0007549660068547604,0.06584936519458084
3.063296062443434,0.11302673424583287,0.06015813868129444,0.0013676563123540867,0.07515929830011979
2.8840440578965345,0.09300521882509821,0.055765051335509616,0.001985684231190256,0.06548562851423777
0.9484097799669726,0.06216934725495586,0.01638095551515989,0.001936141461408472,0.062311350181265934
0.7721504281789233,0.05223847575423528,0.013873445124102112,0.0015326448261313809,0.0523442377543182
0.5733989968001894,0.07314841754324161,0.03253060213347177,0.001468484922308891,0.054243264977834306
0.4871710044840048,0.04320619000654226,0.005311547359532612,0.00039130697051371617,0.05933151675435999
0.3889342201322914,0.09443315550612807,0.050145398640869296,0.002381321660797189,0.05150943626371053
1.0271733576571518,0.08081689985302098,0.03865734863894581,0.004059642810590041,0.036839698859490774
0.34276565290357075,0.07817143612109767,0.03364967056621141,0.0024357108956813943,0.03242187199338711
0.7984638355048518,0.09178400043135897,0.043478645292190386,0.0025390481785341926,0.05228888148582421
1.4636066231811704,0.0909024815100379,0.041847141868218675,0.0017840884676874815,0.0401831471334867
0.9890336482881817,0.10924420362814,0.059927320884912344,0.0015345160450812461,0.048711349595868446
0.38502261842193913,0.059300059406433875,0.015577094041119656,0.0025393697282544165,0.06573531382882442
0.6369429866449053,0.05828083808244259,0.01316732559207063,0.002545625076223473,0.06366351644058668
5.218491525028605,0.14662577248990635,0.08685205919483172,0.0030433252098146357,0.0762671813898268
4.862263242996661,0.16507657649119103,0.10416736947947194,0.0026707658163410367,0.07169157093753689
0.6021303612822158,0.10152009209341348,0.0531650622956469,0.0024589360230593293,0.08573767414814175
1.6726911408457157,0.05808364961424239,0.02181686772646687,0.0014151899085896953,0.07149128187726789
0.9456238989701546,0.07016248441973252,0.03208803963645929,0.0005260909760306607,0.08178484596165098
0.48250425103570727,0.10178708737602801,0.05384368584179948,0.0025803203128040245,0.09047387035279167
0.6724135624466676,0.09846520451258635,0.05427764297590708,0.003541283492628046,0.10679699467934065
0.7730734973087604,0.11862879704185292,0.0741372954707441,0.002571893159131173,0.10990810570204654
0.8045674111062399,0.13474444212515874,0.08807071334452185,0.003486155410423555,0.11066747206585255
0.3720919847236485,0.051173811250290094,0.007484342591821222,0.0032976258011581145,0.10907586907376117
0.34561186853823994,0.058055875520838095,0.017714136751712725,0.00019717151736741313,0.11934711999308016
0.7606151977233159,0.05541508843853961,0.01794713522910673,0.00036968997919456796,0.12733074252944407
1.6057862422883353,0.10572595245710334,0.052284362179792425,0.0046796319810962625,0.09650764685279904
1.5777768867627386,0.07434195233499297,0.024436171140120748,0.0037638153526152896,0.11241144685059368
0.407793929174905,0.06710060524783219,0.024630130282966137,0.0004533590424274153,0.1256008229532327
0.3495547001467438,0.05738069050549745,0.014725510098026673,0.0022236317030516683,0.12621398181863983
2.3806950301640173,0.10336923576651995,0.059423240266809695,0.007047801501834763,0.1362805395729525
0.663243746988193,0.1179337161507303,0.0657492432919858,0.004643641236901834,0.13824041557506475
0.5957397978960192,0.06617426080914945,0.0219040441757999,0.005749615463719241,0.13639014579180803
0.8691341787965543,0.06388440334544726,0.02042317572083621,0.006147882528601999,0.13434648970156227
1.0192349639367848,0.08809963232916163,0.03540752296881533,0.006644833684228887,0.10934848119007401
0.6421908402837053,0.07569997522747493,0.030949198758504645,0.005737481964219962,0.13390465705162313
0.553132874717115,0.0951758775050799,0.042646633784112126,0.007411227690627706,0.11349250956305217
1.538428617308275,0.07502038633469457,0.028496252522368256,0.010172934199971395,0.11972117612489397
2.668103652623751,0.058737921886217126,0.0051842258318793195,0.006968282219452919,0.13524783529994125
0.40826154060309044,0.0973296680182977,0.045724236361229964,0.0071350801509140966,0.1516377424814085
0.9813773163866115,0.0706856202971323,0.018728165766683843,0.007397096162185991,0.14737209760980544
0.7221910089349893,0.09419557919927668,0.044507216361604374,0.00960498185303967,0.16611046462050574
1.592407454077881,0.1678260523975807,0.10293206572882366,0.010463436742840154,0.16165987333019172
0.7324160515057123,0.10193788233264063,0.049129293530489095,0.01216000096784015,0.13710575042204393
0.41755556868616367,0.08551972739317895,0.028364021723934187,0.013650148550004073,0.1340951775100975
0.32194286031100955,0.16035180784749786,0.09903121609333784,0.01185662573496267,0.14089397878800208
1.242581534453125,0.1479269123839478,0.0957088114797378,0.009173528564662923,0.15644589521341648
0.34287234098169783,0.16817833299467763,0.10611965118310206,0.011568640114336746,0.16758425309703912
0.5044791889885905,0.18898914387212418,0.12103633961260715,0.014333671771107772,0.15541124245638666
0.4469785825521646,0.26329104976287954,0.18837459259171274,0.016701834478273312,0.16623744711915908
0.3397911335181473,0.25061702541117875,0.1751054965069856,0.01772142627547725,0.16569663580320768
0.5330546644811807,0.2181435367439543,0.14662283122833136,0.019263064873988215,0.16512113190730926
0.3125992796133156,0.15111079180623932,0.08328483537954479,0.019560589629805628,0.15674057484470647
3.0636119656980343,0.1291930367146434,0.05502728439644669,0.02139452140670914,0.1670095414162432
0.8892726089420218,0.10137114991487177,0.04066718244039634,0.020688666856054996,0.16508634239646036
3.059151823705792,0.18446610516610332,0.10637415670085844,0.019975571925426712,0.20246752052431022
0.3053712280471494,0.20929755374428693,0.13597467846936004,0.01931556313436213,0.21077853129944182
1.4405231058515557,0.17345251862575417,0.10907360536939749,0.01956302168440386,0.2088910426311101
0.5109155226771962,0.15883545925619197,0.09208974262589342,0.020368984114993046,0.22245571311220863
0.3386329826868358,0.09480796654829238,0.03599528413537534,0.01625159977277661,0.21066220155204568
2.4384815801537507,0.08163479852767318,0.02924089164057633,0.017351152387265457,0.19229737553171136
4.191335113995595,0.12351747984601438,0.07006146503380335,0.01776575707289515,0.20579632653123586
5.802166135054894,0.15648788857114876,0.10155150925503123,0.01844726130283249,0.21742393434519833
1.1215154581139255,0.16635631972617038,0.10583388665566194,0.015537447271548824,0.21102419890469867
0.9848009569129977,0.1835947229020892,0.1198398884605407,0.01673313596237163,0.19861758400644428
1.2077707593908442,0.19112057990922496,0.12973729405250242,0.014204856074819163,0.2114572787963365
0.6999032588663199,0.20201964194352154,0.14102408563377508,0.01109868176826289,0.22642508922955099
0.40550216249373394,0.11577096884265572,0.056570125973367594,0.013202847157560892,0.23093277185984412
1.5319363037022242,0.15352809394043257,0.09861580123941739,0.012088644751580072,0.2165396097453594
0.815409914071477,0.0742396145262606,0.020210198875111315,0.009675484890115514,0.19218569032283023
0.96514931024311,0.07812594425997432,0.021172987608409015,0.011885723975848372,0.18933583568149237
0.41100094221922634,0.0990541760726715,0.043107711039482965,0.013934986769925231,0.19999558256010028
0.3193274884251183,0.11864169122438653,0.059324684337833576,0.014552057786100516,0.17484202162976664
0.858281824908853,0.1611504790064996,0.09312632640561846,0.015943532359571376,0.1601359246109129
0.6678779624612342,0.21382022515765742,0.14423758240475354,0.018360540254267498,0.13872694298055305
0.8384494244174829,0.19850227596929576,0.13161665532500616,0.0179024192814813,0.16116261251620254
1.3730472320245564,0.3939226662481989,0.29659106594029744,0.017864667442790114,0.1770055981108109
1.260795246775792,0.3876391035087597,0.29473700048735985,0.019590568414112865,0.17726267942927607
2.4895644074621024,0.3295140723335007,0.23730397181585525,0.017834592575739005,0.17895751801068213
0.8949569834688291,0.27362460018200707,0.19367180150783725,0.015712873104467527,0.17746167814884478
0.8017510551485536,0.3221031282822907,0.23441759273887725,0.018344431141147793,0.19120610590142798
1.165060697393062,0.37775354844323816,0.2852135332266091,0.02067192775659636,0.18590662142306644
1.2430576164615073,0.3257983152683755,0.24021409640916142,0.022494157088978478,0.19200696809357787
1.1117430211705588,0.3881378530989526,0.2932428045542186,0.02050688314352167,0.18362092268727942
1.069452462036465,0.28593583203729367,0.2081446078501418,0.01948948896201544,0.1646472980917598
0.9650419293972613,0.3053089424790825,0.22026303848117282,0.016945025847469423,0.17983520696606226
2.9441361371892274,0.323006077360623,0.2486240260047303,0.015405903620114896,0.18006666783721764
1.5088081613357713,0.3975392131204579,0.2984445182608738,0.01868133537526769,0.18030638334572854
4.176679722682691,0.4695432815569504,0.37075904453214975,0.018710448875101166,0.1717611416900826
4.99488876322395,0.4733308009439386,0.357934188901045,0.01793498178654965,0.15278741517707697
5.225246033935521,0.4737263808504563,0.35814505046954487,0.01773229074080084,0.1665278216445209
3.0918024886093676,0.5034873501622692,0.39310650130543784,0.01821745819769681,0.18110598976276815
2.9211890947210137,0.4473225216270057,0.3405911286559905,0.016482849328298847,0.1763365346087013
0.8233292112767314,0.35036206561372996,0.26615594377873253,0.015053987273817897,0.16667018222437996
1.33925520761199,0.4126891492914106,0.3176856496946254,0.014978850900461613,0.17893605232797355
1.0820916573634811,0.3907121062385467,0.3014882189930355,0.01290999467622955,0.1860472830202701
1.0538983585578765,0.3862149798271877,0.29944971569076884,0.010378221907814142,0.18825880472390205
4.299024018059815,0.3778445983315354,0.3040864575579682,0.009171893877216506,0.1694432345908858
3.600671806175904,0.4485544654432458,0.36308835084186114,0.007701620711627173,0.1742825205472413
1.7560044492824187,0.4278663195444766,0.3400985397442122,0.007988975000824105,0.15072215033873743
1.8311935380212954,0.4055108485650361,0.31735225467802664,0.005589959418582858,0.16155559780580042
3.635670631270662,0.383036823437524,0.2929472740831797,0.006731682397258153,0.1563685071800755
1.2385505275379578,0.40202959391884824,0.3182097158310653,0.0056113702520646,0.1827531111528631
1.2791790211289809,0.4056187952842615,0.31920313713857335,0.008114293950740436,0.1770199123013929
1.342017006340886,0.4115537626747431,0.3220027760719222,0.00990893347507055,0.16263443949745585
1.3102401095203344,0.3929697208191594,0.30956198014102815,0.008818359091797904,0.15928143002265488
0.7739404173521693,0.3471815181174058,0.2677209811090486,0.010277934055894186,0.1521186786459143
0.3222232070679436,0.22693220759187,0.16056652214488581,0.011331938187415938,0.1831306258257659
0.3406681702723842,0.1723975471421247,0.11374256544550473,0.009707521954165101,0.17696420172495253
0.32147489028599024,0.16449088079615226,0.10632773471489103,0.009719901167729205,0.1671440683976792
0.6201612272640474,0.08114736388902596,0.035376931795437924,0.006259576312630585,0.1582980950937849
0.3897521179192754,0.0705405770529702,0.021916077201233786,0.006533940360604535,0.15820884164062615
2.3315076631661893,0.08185932912403183,0.027019040247719554,0.006931786833593117,0.17401698078729122
0.9946125114772248,0.09727121915168967,0.053301569405324344,0.004515728123687248,0.1977279059437838
0.3293617352180296,0.13834305316447104,0.08502031687457515,0.0072744031397249925,0.2016118136082339
0.3947771318283787,0.15616284103874867,0.10141536619310451,0.0049414365938669925,0.21697471695485465
1.4132047048929206,0.1623740263788126,0.11280300651910824,0.0055920298695461956,0.22782801694873905
0.6116229130990551,0.10597447194074623,0.05852526060159453,0.005972329069853347,0.22223981647884417
0.6038031215834765,0.14656035546624674,0.09567943180019559,0.00591397199137639,0.21832629401132375
0.8716395095634539,0.21068481144453977,0.15484527437857726,0.005550986599291782,0.2195174074263457
0.33045807825683937,0.23306476221512112,0.1681564609526664,0.009220707528431153,0.2238092005513331
0.6456264074880734,0.18577553538111624,0.12745161905497976,0.009855783329650803,0.22741192332363128
0.5848196492883021,0.2687533916882437,0.20291288736530294,0.007632805997198493,0.21402228774306908
0.6091276739547423,0.2759435264991242,0.20560219988147546,0.011399665288620455,0.2125444518084508
0.5758778364382328,0.21351003384494177,0.15018289011812475,0.011700770462544847,0.22328959920849517
1.0932649102326217,0.17171846841148486,0.10617983528724168,0.011777786751366903,0.20427307340882453
1.9651370829480443,0.05740209903877182,0.012902833187034946,0.010324116824486425,0.19722959090992215
0.344842340661575,0.06327140150193303,0.013530838043456218,0.009138295668556874,0.21987054106062237
2.9844722302787656,0.0922917384456894,0.038594078383667435,0.0040834229316997405,0.21847535494863987
0.5407918995326929,0.11923309511025065,0.07372669311623754,0.0025935878360079517,0.2354724064241154
0.32736498584753854,0.10460434193992162,0.05629477528468059,0.004772368952207399,0.22715924495597598
0.38539046180541586,0.08899605023513363,0.04355194586724319,0.003926405573055101,0.2218478469293694
1.1416818444644856,0.05991715705817399,0.019804226074985706,0.003882519816717301,0.22298086756296506
0.3842604444282737,0.04848091724493592,0.006266291005474368,0.00352557239072404,0.21243618719554525
1.0550746992710918,0.0994829202389459,0.048769716126763826,0.0036247349997603068,0.19981995895948246
0.5864156550323107,0.10424215030613322,0.05997297501263846,0.0027993576797494045,0.21690145823693546
1.3877381311382604,0.08024713049152214,0.04093817235846992,0.0021929213929489677,0.21912293590100335
0.6633679230841746,0.05303520578876396,0.014021040571193508,0.00171104098777348,0.20227521323151232
3.4029154611290924,0.1128707344408385,0.05933415046736966,0.0016677108219670554,0.18309047725292973
4.66334216816351,0.06066257454137942,0.028390598445406125,0.001992935430417596,0.18650112479414407
1.21007716667163,0.1147265979322026,0.06353552743935659,0.0024224819449187927,0.18487597926645957
1.1057804531763322,0.09331408880074728,0.04252136133176823,0.004100855863941569,0.18537843695917677
2.152135665516469,0.15403930563713014,0.09409700701476273,0.00590305121016028,0.18601274080174648
0.4208612350984683,0.15281443886399887,0.09274865792229815,0.010471088540886443,0.18993832481610504
0.3246008826681308,0.160515971447985,0.10082348470604381,0.0116802471113974,0.1955461806586452
0.9212076236097322,0.28236761598467996,0.20489984955520127,0.012095230744718325,0.19429876487662967
0.5141025089133957,0.24419369992026518,0.17446214632657814,0.014340317143532498,0.2048945599427564
0.8726037522801321,0.16085557507144982,0.10202725336281226,0.01361547082888227,0.231952945717874
0.5970408682297734,0.18384133491057195,0.11342635243109991,0.016983920184475525,0.22527010422991683
0.94285565268311,0.17067968419340612,0.1069457742583822,0.017858155919735445,0.2206247409773137
1.0616365006542539,0.06462453698516296,0.009139035194958664,0.018752983458994527,0.2057661173124739
1.3776678710457777,0.1485922843823766,0.0886993297685004,0.01720498201523076,0.20637022111554204
0.8497282814490893,0.22625924447264584,0.15455059684174421,0.01984873844028812,0.18027869030265462
2.196300475796521,0.25092168644427243,0.1654362215612601,0.021238868458667598,0.17739620493427455
1.0362126490574828,0.25559663395837384,0.18175448172612207,0.019191486857037685,0.16370718672393608
2.1827936747570735,0.24225074010353664,0.17325433519946115,0.018558646388316627,0.14930631015498805
3.1555334464173384,0.13997586382889576,0.08237634958743398,0.018981675718869266,0.1364791621079644
0.5519733310511057,0.06612614849888118,0.0035745309259093277,0.019830257043963528,0.12538237308429617
0.7757166965835384,0.13934498131739392,0.07412577218170757,0.015433731833635644,0.11969738846928668
0.9602901361067929,0.0802743171250917,0.02077712641067482,0.014274254992988405,0.13257651326490946
2.0653895384679637,0.07141693674120966,0.02391686653484288,0.01250862519337212,0.1416019189670777
0.6302948464470728,0.054719497629002745,0.004025937489130292,0.013161531067395316,0.15223823845819795
0.8630593682814085,0.11043222883631648,0.048920322381782955,0.014064758441602564,0.1532276663830073
0.45891145291665064,0.06841099318687548,0.014430558389271118,0.011555254080536379,0.17066306600140838
0.9577775212770937,0.12170360053414667,0.05989216358940408,0.013115106528014973,0.16897406929647077
2.1620263790048098,0.06739206778132573,0.020524604411406785,0.012355201850636164,0.1689682983971704
0.7673938508100512,0.13456732540449973,0.0711667262404933,0.014097163652127239,0.17896252648331484
1.4143831728471543,0.13984781172974514,0.07453028097325431,0.0139567330814506,0.1773388305518573
2.968463631793918,0.15445298689538606,0.08392618947625269,0.015453753623121892,0.17819139975774687
0.6856318406705018,0.14441481131377337,0.08056364334256162,0.013906156570074458,0.19820129003436038
1.9925915675493253,0.1995032064418769,0.12724605129266245,0.013947179837633043,0.19526287762288064
1.0458323197889516,0.1417920195789657,0.08704522593094507,0.011759362405499088,0.2059739535425599
0.9602989641211245,0.23670352652279114,0.16248836391738664,0.013946349495581734,0.20731638179863462
0.7728348942809461,0.32329771970612553,0.2451303605339389,0.013298488846527316,0.18594771830974427
1.7892876159461026,0.3342607604622049,0.2562658524827507,0.015027391920602522,0.1831936740446125
1.9617568978867639,0.39455745054486635,0.3004095645143489,0.01253581347555934,0.18008484432910823
0.5613658991394337,0.3209734007318656,0.24099724798225522,0.012621777185154046,0.19179074618548145
0.566994444324106,0.3205393945858313,0.24192423837404417,0.012412597238949843,0.17768212028733557
1.2695395678796948,0.263654807454169,0.1958597937150749,0.01273537833418417,0.1593823909066432
0.7258299186217567,0.2090914830336754,0.1453017287730836,0.013250643279161336,0.16272446557008227
0.3468239439448421,0.1567840913907226,0.09386100938027216,0.013553530319013456,0.18279489246930494
0.42914618153342193,0.29049586152417245,0.2145817262404076,0.013060051145470243,0.1758779159145599
0.9916884906720519,0.26361900213793055,0.1942061389962573,0.013570171851401738,0.17472087650664025
2.899304004750025,0.24274147829597825,0.18044269566737475,0.013031567858439041,0.16862977310821042
1.6792891514116508,0.28504621740465386,0.21173164162096067,0.016722499310436796,0.1749592919817758
0.8247391264932523,0.32611824023397334,0.24329221604677528,0.01792391801326347,0.1847627883123562
2.7574407181679437,0.25429890230480484,0.1711932557952816,0.01759899676778539,0.17871510641538396
0.9781763369225507,0.25391713130793436,0.18228359343054876,0.016971273898455954,0.16933698821939305
0.7529668028167836,0.310159552617712,0.23029898384254632,0.016966305165437328,0.16794796780980864
1.799649366850847,0.3383535059503113,0.2483788854770125,0.015712611595451967,0.17278965418015185
1.6024309027665726,0.3992794154919531,0.3091246661384733,0.01604602631216864,0.15770847179976075
1.687706431369471,0.42940318178197395,0.33135704521803694,0.014109817450446184,0.14684054724976361
2.9655458849304615,0.43773994748443074,0.3343781374666799,0.0141128212216359,0.15306502272147982
2.7247980509743983,0.3934307810963466,0.2956970510075369,0.014594049424301817,0.14600281850461472
0.873832896074598,0.30592552386107114,0.23048228313096356,0.01360277892953784,0.14386186871354
0.568070245585491,0.27243630196442326,0.19566154174214628,0.013914602610839667,0.14516068004086238
1.9661483610722301,0.2461639760956184,0.1798750038006122,0.014918488054301876,0.13820710765901084
2.817327435208959,0.16721722088508945,0.10911735356655868,0.016451875379939578,0.12969097665222962
2.5203454754579036,0.1509862632583438,0.07854420428368669,0.018280259901803184,0.1351839325818954
2.8160453120123132,0.10786446587892129,0.05238766848417217,0.01901561993870696,0.1302371374060227
0.49213480673204524,0.09176536059891176,0.032298149700820344,0.018558173523284142,0.12700458429355016
1.0355044450567445,0.12657444909571244,0.0576092937201341,0.019677799439047648,0.13921691514586138
1.5364856434586383,0.10972517836915238,0.04094147129994205,0.019918000430447735,0.1443655735139951
0.34859357011236825,0.13853518618838587,0.07163873431881841,0.01932118791769142,0.13563943265554004
0.6675963099837302,0.10959640572861078,0.0492954181635088,0.01882865840552881,0.15322577859817263
0.3967212696121906,0.12453304176368826,0.05880362830381299,0.019023550414758065,0.13181819807329137
0.4469309947735704,0.15979847817295573,0.0918133803428154,0.01760076220331029,0.12471987457736365
0.8494348364923808,0.17922348185831224,0.10694508406253789,0.018411424394178325,0.1020205143896465
1.2645572922288153,0.07785440401693774,0.014806863375829815,0.01729882701338109,0.09746302853909902
1.8972262321811704,0.06520610325474485,0.00019490937855655595,0.019082857683456935,0.10583943785395582
1.3352067595461665,0.06527960461803256,0.009092282716147428,0.020107500761474495,0.11881512825337426
1.412438897244557,0.10353553067282803,0.0438064243546643,0.020935039908129928,0.12381436382755734
0.33431946445372873,0.09321655849095666,0.03299947241963482,0.017608297474593658,0.10667417372465893
0.9638625677141995,0.09369109523057421,0.03600509784180833,0.01847716586363725,0.12231778064195352
0.851845806914097,0.10613002766439626,0.04636047888003515,0.019223839071869184,0.11042718881529055
0.3729048893386114,0.08243174004028064,0.024302131116406802,0.016985610842790974,0.12130843998317364
0.9204563087423889,0.07945304710581177,0.010692911032560407,0.023757108573980747,0.13171238912184802
0.5089463209248946,0.07183586585122664,0.010857490458399802,0.021656896020496905,0.13429028583587563
0.32385704587357056,0.19029226521324025,0.11561421237295447,0.022268835145852355,0.13170268319504858
0.5860644392967306,0.22701705313120704,0.1500317468298333,0.02402004729480104,0.12567737384319122
0.6296518633916911,0.2580058956136209,0.17704073420470684,0.024558209712576735,0.11664362969143273
1.102259918442398,0.25924915834971135,0.18234192420091114,0.02198033445412504,0.10228035249441608
1.072947467016725,0.2692095324200881,0.19133996003058,0.02166318944735656,0.1165459760625894
0.7055809369014907,0.33360015261305426,0.2422094789140515,0.02143343069660241,0.1299003356116086
0.6518073869495306,0.3349718334438501,0.24694619524264855,0.02027794892511432,0.12359807198606088
1.0375699904251647,0.3251735025593503,0.23716968534436297,0.017311399231055145,0.11711564260340275
0.7393274581825354,0.33903310633164807,0.2569315207304777,0.014247711951391956,0.10666114753937662
0.7988164140627919,0.2813760261170861,0.2019978584020994,0.014523768983144272,0.12494591172502884
2.009707714730569,0.33284713417784184,0.25755066545236033,0.01298476520410285,0.1500274724306321
0.8845536684416504,0.33291127831043654,0.2542013355381777,0.012868744060756604,0.16101461676770015
1.1377819369351505,0.3084691152707528,0.23435853453936573,0.0128729427969396,0.16193938888838066
0.9316611771758088,0.34238927632679994,0.25927438474406994,0.010884144707668955,0.16072963966050735
1.6391011704386993,0.37781823284161353,0.28870380522058947,0.010342625583641447,0.16245268805974605
0.47116142012837603,0.27861894045048197,0.20655357628494392,0.00915054268023198,0.1716758201864689
1.1130361837017997,0.37349928664584725,0.2870827085515969,0.010151034183660248,0.16375234100434602
1.1669203644720132,0.29796698765379925,0.22572125384063726,0.012531057926030586,0.17062974064085235
0.5312184733875833,0.22067530068552876,0.15776960843459603,0.010237474202518046,0.17163349961994934
0.9865005913061944,0.324604703209156,0.24675723458435306,0.01376877469618761,0.1640067999092003
1.226575757006063,0.3751313616051353,0.2856816975430999,0.012470850631515646,0.1652252044435227
1.1883297338986332,0.35535132413919196,0.26625451102492215,0.01443430234537326,0.17888630812712836
1.9855446218058783,0.41626064094478354,0.3256191546223184,0.014758704702956106,0.19104636984542722
1.905239629474182,0.4094873844442554,0.3108581214281641,0.015508664115439125,0.21043547125861461
1.8738612780846489,0.30476820519387404,0.23261485879063531,0.013415979149420587,0.19454139318940572
1.7343264846617623,0.29639128553820276,0.2240801980844757,0.014355773362125518,0.17871135427630624
0.9832748463040131,0.2994968169172748,0.21646145035500003,0.01553519249878054,0.18946337092215354
0.7938808639117116,0.30482561126432645,0.2290017106728996,0.013845629468808428,0.19402468279345653
0.8466384341066756,0.2928841435551799,0.22072899494359685,0.012030251669038173,0.21359760553850207
0.8063597806186883,0.356646758822338,0.2690173634170647,0.01503593481649285,0.22773494895585242
2.7497757399657514,0.39119167931317655,0.3113982509720028,0.010271361598552126,0.22014956968990645
2.9698599955962064,0.33146241071902477,0.26250792719874655,0.008756507830461922,0.24263770326084988
0.6589634534884292,0.3118682437451325,0.23740866952751918,0.010656880051289517,0.2489942252483991
2.0174138533315857,0.2528106458648746,0.19110588086939567,0.009639804446705955,0.23336227486018066
0.4205884903755106,0.24227142260244697,0.1737722852421585,0.009741522442977128,0.23998905651390864
0.36613539675466383,0.2573000259953871,0.18964072589537695,0.009248262320559681,0.235113253403537
0.6408932270251975,0.26163013963670567,0.19155646944422985,0.00800932255601326,0.2358419950198202
0.3659083733736956,0.19386718324602797,0.13522547408244506,0.00778533601944567,0.22492041443025657
0.6570555331844938,0.17884747485659433,0.11583194057016111,0.009768055930356258,0.2267270189594035
0.869542458406868,0.07908792652501123,0.02524023916265984,0.008952618214149517,0.22293965024575924
0.9568241731469309,0.06349049749090734,0.012256318296452625,0.007291184460641139,0.20265637897411887
0.7372686061551865,0.10228927290393626,0.04726455901974699,0.008630304491026822,0.216283335644659
0.5497660742908514,0.12493789196442284,0.07591076362927837,0.005702845666763663,0.2476633791848807
0.7994399943162668,0.15305451082825922,0.09872220764998141,0.0030823762164985916,0.23741155994800783
0.37065487497405347,0.16185922232877145,0.11035955047769429,0.0012708058943332841,0.23462661155058143
0.4556801554318741,0.19287789814562836,0.138006067051296,0.004707924920876846,0.23931236907886047
0.8022346361338766,0.17500655437520515,0.11687190812771509,0.004731778255641256,0.22248372896466398
1.36002413527296,0.055729492209924084,0.017875580867215524,0.0024695764252521076,0.20543136263617398
1.1466799202343338,0.06158626467823569,0.021079663057343923,0.004170528642775867,0.20503092099579204
1.8440245710763363,0.18083525241007348,0.12129358212709578,0.003283950613004317,0.21826563053602677
2.1884304555528424,0.16681857841501194,0.12157793593965917,0.002418728769047508,0.2032304798305192
2.765175886144494,0.17845642856335253,0.1322828662355962,0.0032628464359298398,0.2109410540208745
2.6591005970836092,0.21742942726558878,0.1671070202619533,0.003277486048328206,0.23238665058433103
2.7767842472460416,0.24977098158932579,0.19408303873279856,0.005317597443531224,0.23865012159525698
3.7783471685714463,0.3140903196561128,0.2529698873004522,0.004523423675313187,0.22892232336799165
0.308020190613549,0.1932500924248873,0.13955960521234123,0.002133063125263589,0.2351601571289945
0.47153646570867874,0.08009940673800393,0.03553655025424103,0.00436544911370754,0.24313847644868955
1.528869509610602,0.08085470767061319,0.04079949393969311,0.0032237755795884882,0.2319042541013133
0.41396149174152413,0.114785864067326,0.06572736197982491,0.0029840274988867706,0.22771432347398535
0.4794480734613713,0.08801718953897815,0.04399250161115773,0.0032751364773702064,0.2407260353439173
0.3303158829660228,0.10854989037014777,0.06082674483359365,0.003997895271065715,0.2516395070198956
0.3755480806113249,0.12340671183306298,0.07466636795979956,0.0044417276938009,0.2520384798821253
2.2680139025688284,0.047104449900623874,0.010014067063170429,0.00418418275741055,0.24214363653899845
1.6789449001778212,0.07358071911630125,0.02470462545945095,0.002613591269128958,0.2511596668495884
1.5062957185318961,0.13606152398709861,0.08422935113495465,0.0005186522995515247,0.25083532358726596
2.22344221452238,0.1039486091227638,0.06607725185121924,0.0006111388316873736,0.2518718854492172
1.1102517582207967,0.09102880132141886,0.05034792728536157,0.002031823680975245,0.2612166219296983
2.7491769354373217,0.05648272051627694,0.009512128882008919,0.0004253704047158867,0.24669691503507368
2.4168219351631643,0.1356245731632301,0.08149048952381759,0.0014202829885243508,0.266054506667722
0.8189955665044939,0.1378080339084816,0.08757068394520044,0.0003446315350724811,0.259748917059449
0.5657098428168855,0.13152911794135444,0.08634823392218077,0.0013317849412787736,0.24488892122631933
0.669211523037672,0.1353470834977847,0.08926215215083529,0.002352049352581962,0.2447264926735989
0.31944718478136014,0.12059292406813614,0.07131692569915099,0.003759059835219351,0.2413475348216943
0.33233038034254214,0.1162380304851954,0.06457334293163974,0.007428347483562015,0.26648560517475123
0.33975163968024225,0.10232689245092552,0.05210657668827621,0.007147667988683997,0.2800039215068052
0.4672033108983227,0.061321309252151394,0.014952396691791471,0.007515887252113442,0.3278560070977409
0.38254203679978827,0.1201356512338971,0.06924089675738293,0.004598014500929136,0.32839816837038116
0.3906244214128245,0.08641859707876691,0.036748094098773304,0.006280375433996057,0.32412354528974924
0.5483103970787019,0.12813935252502764,0.07561283748668601,0.004536572280663201,0.32142355915927157
0.7232580227002688,0.1420747129037409,0.08806155590428308,0.004065535168266115,0.33248190810100026
0.32475135569133917,0.1050219050475696,0.05469771251073011,0.006644380894505994,0.35199989927340575
2.259924320605723,0.17588187312224451,0.11395748805414273,0.005568638386874545,0.32616559023647623
0.9177289961660334,0.18538719801565262,0.1279687706181738,0.009959985012689819,0.3147238785566172
0.6677248759442111,0.2099513325501679,0.14486711008465425,0.008569389891760372,0.3006757514990812
1.7731440949285844,0.258203559263995,0.18868522644151647,0.004893945909941367,0.30483442891655993
1.950225598396863,0.3437850390279865,0.27531924172928884,0.004266974483590605,0.3040922838459063
1.1594192248355941,0.31872160683658224,0.24453659296563338,0.0037271671337159805,0.32634050168201306
1.728042117812239,0.2953315055519969,0.2211651086227937,0.005205392856739873,0.3383605136089643
1.4718058683256137,0.4086162369617172,0.3245483233468416,0.002835987621396689,0.34846874217925744
2.4682469605130235,0.4655949589420758,0.3775016155455956,0.002620265170853687,0.3552354386100282
3.3306291171513642,0.5098736227857172,0.41147198051219974,0.004133450173360824,0.3480223252593832
4.350673154338247,0.4919207252794338,0.404341504918373,0.002695944075852351,0.3628896904299198
4.37540026643665,0.5006995043190215,0.40927478530466926,0.0047827733282249756,0.34879985994725393
2.8241178594160097,0.3881843156675532,0.3146987940883304,0.004457273677040855,0.38529004718108084
2.4323385119165373,0.35412762815086873,0.28336649453096796,0.006214028238536534,0.37753076888355513
1.0909461289614126,0.38750677316099613,0.3032445689477704,0.009266235325767692,0.3908889819892423
0.6949100698699842,0.34091703213363167,0.26195318703323506,0.008620878067730948,0.3902606131465669
1.2480664834588509,0.33401153469531464,0.2616662014474897,0.0077330258914065616,0.38157828877739086
0.5274862705318994,0.28819821445023475,0.2163766135336524,0.010715582261945397,0.38202365838705343
0.9927211149197612,0.34716137952137316,0.26387771841515534,0.010310150884269882,0.38766311076860616
7.502425595049499,0.39496903111090964,0.2958629245716354,0.010035209197815146,0.3878149944397902
4.932386790509572,0.41050527681601123,0.33263817770394843,0.009346525586163848,0.3742478641723287
4.551459269933368,0.37390443205148627,0.28142563675900834,0.009309386408591693,0.360492719567418
3.397346848305756,0.37504947832506275,0.3011217544498175,0.008234283886831345,0.3585519609385618
0.727959118660551,0.34036415318378505,0.2636028113407582,0.006051677600742596,0.34978000423455635
0.6369865219101835,0.3081599354511084,0.23441479204762572,0.006656349955596026,0.3623350842604064
0.48194834205529313,0.2466235701627929,0.18050462347180035,0.006465479902096883,0.35643395679783696
0.40119554780891936,0.27236453008397266,0.20476369491565286,0.007434447451149645,0.3341667909269705
1.0199340917542805,0.23497081511910647,0.16548677436877712,0.009199839842960647,0.3195457413335436
1.0998721484881437,0.29875803019025027,0.23150794749969766,0.007143237482977767,0.3120916273803436
1.4432567328771273,0.370437135536302,0.2929268447840632,0.007756298065413123,0.30240215849559454
0.7635198569795438,0.28504116126418666,0.21775704070529367,0.00779905916228745,0.2994337728638633
2.7780196692647325,0.25873529037761667,0.1851193768174738,0.007420334801349266,0.29648357405413683
0.69963806358699,0.2684401706526326,0.1963713799078564,0.009034330711484921,0.2981675406849529
1.0356780378530295,0.19716977053607346,0.13459411387620646,0.006288665123795071,0.30777372764539845
0.6725897450113687,0.22149576030816767,0.15785433243974564,0.005829814996785304,0.3097993536996785
1.617589291062535,0.26942533050372575,0.19816980331094608,0.005621717906116914,0.32006622335359197
0.7282891886298032,0.29696084826699864,0.22879097907581628,0.006864997121906859,0.32817458589812665
0.37591842994970426,0.25577063093245,0.1937400871158631,0.0038578218064179506,0.3260505871745984
0.5105365381522272,0.2596195264337472,0.196103900527351,0.002232970095624699,0.32753260615504665
0.35191675276578394,0.2446707131226983,0.18476996759389688,0.001500272598745549,0.3195152394127143
0.8751739386537271,0.31034223096982094,0.23987369056304994,0.0019057024969018244,0.2962619673968522
2.2005816910541123,0.3794999614865868,0.30971031500743607,0.0005483352111265312,0.2809473394815527
1.080492359223715,0.27650185756939466,0.21671830061663205,0.0024174252244121702,0.2827571462496359
0.44566740224870294,0.2451331790748906,0.18259539534697228,0.003215221670023213,0.30039232111784336
1.0357043196525682,0.2577075177426314,0.20113769988019822,0.0013785706968025171,0.2998737344730503
0.671186432266064,0.33557897322877284,0.264062780724199,0.0032626685421770314,0.2876230418034501
1.139909802659196,0.31422465056555154,0.24152050802518235,0.002812836055595345,0.2686996290728549
1.1501462216299339,0.2659677635878583,0.2089860281900307,0.0011164199018050846,0.28283808430892976
0.29896093873936297,0.19298271579783693,0.13943129572475027,0.0010919050564085265,0.2743243174267727
1.0446751945480328,0.198616473072987,0.14656288390740457,0.003536006364719979,0.27419022595272
0.39086584518179474,0.25291060993149184,0.19020881064584375,0.003031541186019031,0.2939768306130164
0.34171720785716103,0.24502366901275832,0.18461383194913653,0.0021782907361137314,0.29646430641928434
1.1373227327742128,0.32513247073601215,0.2587114552537902,0.0025731579798391464,0.29299002211068903
1.6281799250542295,0.35583696555780153,0.2876555713793198,0.0011804116214701042,0.2905733178633568
2.1345585838375207,0.4307090724596553,0.33949284457110424,0.004982490308097387,0.31367623611508977
3.008602259043021,0.4987541767582458,0.3999474142202582,0.006191788732090797,0.29686776157189987
1.5486450887491685,0.42120075030344695,0.3334155109261502,0.008278141425504993,0.2988915418622203
4.681266221041831,0.5377725269347786,0.42518263875118356,0.008642484073252844,0.3053334626227238
4.63627956793911,0.5415531616415334,0.4277083082031075,0.009906407006337874,0.3196487132504783
3.4426163710381887,0.5005358681119453,0.3990977837278024,0.012140711125059649,0.2892325294165134
3.465078639132244,0.4935655142662112,0.3949804442122772,0.011117145591437397,0.29431009329786173
2.5982765018178084,0.4834082076443807,0.3823324232176522,0.011172849033006417,0.2858851739629236
3.064676838817352,0.44543923192611173,0.34447618157863935,0.010564652667359663,0.28609486411456164
3.0053965758544963,0.3930608106835525,0.31443774984064676,0.009357404893790292,0.29839813853987707
2.8009242995428587,0.4204597860550493,0.3237015800172409,0.010008436284835559,0.30895598131972213
1.8447093646008001,0.4334783453622586,0.3437918795726529,0.009306631089753485,0.3217710035202806
1.9906974913796083,0.41318981683562817,0.32019323268047695,0.009145313751743761,0.3209775388636108
1.3242898172980968,0.40958899258799975,0.3231225982659654,0.0075851995486509345,0.33356746108522545
0.7094551212958746,0.3232868281413225,0.25076049953831975,0.007132663558801352,0.3347414776553751
1.805419931372392,0.41923384962030924,0.3355216748527585,0.006176846095851571,0.32771297274199
2.0744835190434014,0.4561592626721148,0.363085727805544,0.007611179805213521,0.3211122427850278
1.4179455914617494,0.4159313334219734,0.32865911496224287,0.006503093265728481,0.3234192644682811
1.7120369028213318,0.41181001854039273,0.32669663082717815,0.00883785024146822,0.32893504254990985
0.6254238057190549,0.3336111994126675,0.2550487198991582,0.009729347350106903,0.3491482671605657
1.185084650478301,0.2591988768907549,0.18696354218276093,0.008796785040320795,0.35713640424606913
0.32920744552107056,0.23028374796041057,0.165380111056011,0.008298014885480357,0.3538434288290706
1.0419395974616397,0.15873255366650202,0.0986026003911898,0.007742953760291075,0.3484675968043617
0.8890959739860818,0.08578812610781582,0.033849630744580486,0.006442280630115581,0.34700223384147505
1.3597329815497392,0.1319025953859069,0.0839163671854347,0.006647711527452898,0.34885642212541385
2.9338853168685723,0.08285404078571629,0.023907706483618243,0.010212905368691266,0.35663932182529423
1.8589505815479819,0.04142456650600268,0.0005462709920891658,0.007593803039917515,0.36419512761218714
2.7996417024512863,0.03616987531844483,0.001990460169124883,0.00292271106792182,0.331384325715121
1.440369524398959,0.17815819989302734,0.11774534726739061,0.005188307552753587,0.31582031161209345
1.0385507759165373,0.0912793868781169,0.04661916983708772,0.0058171707824011395,0.3122511323308485
0.43449679249905115,0.04623378937623791,0.00013401131868675392,0.005481333606404671,0.30515338514570567
0.7495556256027626,0.10066892223965769,0.056187526726751036,0.003964996552393045,0.29431698827368885
0.34411045398910456,0.1038904047265415,0.056204581325893496,0.0045644300928496685,0.32203806217529973
0.4258415839718674,0.19889770372497229,0.13847365912604023,0.006136136448643008,0.33489217977125985
0.3332800472655542,0.1598224503863429,0.10820913668069439,0.0037162072721245924,0.3198456031646639
2.5483318144028786,0.2580808697333422,0.20193317904186264,0.0044062625677481065,0.3348704856530597
0.7087762380832798,0.33111460713944446,0.25614814987822593,0.005156747691797191,0.34468202306461354
0.9123388836262932,0.3535305395489413,0.27854501966256057,0.005603054125206644,0.35545163217508596
1.1596821101692587,0.2628490414877086,0.19203826191652318,0.0069772270568190554,0.3494599823068738
0.3376044180691502,0.22320045519151688,0.1589728407487919,0.00819461634462829,0.3566502196168913
0.3935500043122293,0.19254295487978,0.1341681565626572,0.007896815615228866,0.3543871897066196
0.8811418861444275,0.19268739002619517,0.13776811753928514,0.006565732944082863,0.3405864514129726
1.44419844549452,0.13768127008434883,0.08940524554273846,0.006631522638630728,0.33806180208038383
5.592779192097843,0.2614221859645751,0.20825155493538774,0.005594589702743916,0.35377735162658
4.13057860714229,0.18487205845271248,0.12253866898863947,0.002779710836775971,0.3524852905509205
2.5240469964453,0.12057364601136558,0.0777970699001137,0.004712818121030122,0.3369153246483714
1.6088212084064795,0.10913278333545513,0.06513529968432533,0.005130128920447962,0.34713070192125123
0.31901300637894286,0.11888540507677883,0.06850476833054854,0.00561757580703348,0.3453558729889125
0.6261981485342061,0.18593557734355587,0.13291254214248896,0.004398279337771514,0.32934719790757133
2.326127423093653,0.12077894624092622,0.0765027627808734,0.005857504242583631,0.3372648139939802
2.4892604964095946,0.12803407905180464,0.06585434815939976,0.010165524821308086,0.322270750411125
0.42499301699997233,0.1139018635712004,0.061965033997730866,0.008844095414435933,0.3248509803845119
0.6941525231677517,0.15432391396095205,0.09996428089923551,0.009095824835068503,0.31809046000032204
1.9864689485955667,0.1585260660269423,0.10604223426926779,0.010146798680721512,0.3120141091239892
0.31963134997473563,0.19515342818128906,0.13382847623723998,0.009883000283167936,0.3202384755440764
3.3585804883129637,0.12521903660353265,0.0811695620223098,0.006951345116552483,0.300021499674244
0.7482972036331592,0.10479620984369972,0.052629667410404174,0.005501658495395797,0.2926148683800068
0.7789929093674363,0.0469269611930917,0.0040834830097164695,0.006421860421618362,0.2784568370596103
