33.47172150368374,0.11273125441796286,0.02106294988077205,0.04849343295135252,0.02363076947311507
1.5024136053378372,0.29594733654308863,0.222987403170674,0.00429853451948915,0.018961409928847678
0.8930554732408185,0.32843141261488706,0.25543094662900356,0.00233505874403691,0.027437195214599155
0.8508095510745062,0.33445582936051055,0.26010598641555654,0.003256337455394872,0.020969206869140077
0.8465777443219695,0.34741145184125144,0.26992977205415825,0.005206669441362193,0.022288696917801866
0.4552730076667691,0.29309927857632545,0.22307818120301828,0.0067749709127851426,0.015936370791192808
0.9693149094523688,0.3582180297349095,0.2808491705744457,0.0072121518081590735,0.003789010139790742
1.7568452075729943,0.42853260245797553,0.34062640964348384,0.007531364219580489,0.0053374090261206816
4.4054365698716795,0.5237165006416866,0.42348272372426865,0.007750675115480787,0.018359126762289346
2.1495100957279862,0.45882286260575555,0.3659261177661607,0.006290217157731229,0.03255320510274949
2.1123842193899263,0.38546607958965867,0.3077086653265213,0.007333872496245796,0.028259704514795606
1.5485458475308933,0.38574104676938237,0.29969520194381233,0.006584129432587485,0.008856684638185473
1.5541518615878283,0.4221314264344038,0.3322170985081316,0.0077815430527190975,0.004552906211482408
1.3041573347380726,0.3810265725046871,0.3012561251322407,0.007213278258149916,0.007927045760942365
1.0674441173807836,0.3673029257050468,0.28472927948218496,0.0071237219490689245,0.0005173521198574057
0.5982165177737724,0.29897643962346887,0.22691991872690181,0.006068652526672306,0.0005570130510312488
0.7566147800634747,0.3196497987951417,0.2462092358025279,0.004384919351485219,0.01180415389752653
3.19586382449435,0.26781573951368143,0.21033430670493308,0.0056521640067702114,0.037040545561403654
2.4541131603424167,0.2265318152033581,0.17330814318494453,0.004814155804083621,0.0443629355491603
2.4134350282806203,0.27246736542236827,0.20241836845500133,0.002599171134093801,0.04893119246691795
3.5317501205706248,0.3201780523636344,0.24070086361007073,0.004524992055883301,0.029094064889549714
0.976191516644858,0.3380906211612025,0.26696347218475325,0.004559276148040187,0.01898461256623639
1.089370370288409,0.30194082543846046,0.23729241561905945,0.0038915140338801747,0.012840336513351043
1.4531381401754666,0.3159074731236636,0.2512913482392483,0.003018719835416062,0.011504518331297836
0.46637336496629583,0.2945058309350359,0.22677323984829117,0.0035158411523680084,0.004524953120504656
0.9414439305281557,0.3568785880176768,0.27782886734427475,0.005301871937191341,0.0026121170016476366
1.0366205908269743,0.3190242117998724,0.24648086498058713,0.002372834656032986,0.003672100449779661
1.7671583553427181,0.4167265464382671,0.33545877454506784,0.0037688240519019294,0.012392473480203855
1.6865574856282135,0.4278706015976831,0.33915747472531965,0.005145849959575554,0.0009410038222234744
2.704133662669015,0.3774032063894088,0.29203930795950783,0.004129460401710562,0.01088863352465177
2.8472146548939805,0.3917522724369536,0.31937724180591504,0.0026709420417299432,0.019469099389053442
1.959950932107056,0.4059681820670954,0.31753127659374947,0.005384185797668611,0.02992241459538326
1.5242757906711966,0.39998822585035854,0.32176831807423556,0.003039182163910881,0.023834250425371527
1.0212037280718416,0.3507005209738583,0.27359318497039786,0.003489567857996395,0.027288595638652248
1.7691062799691386,0.4043553177208313,0.31558286007521125,0.006522705505781553,0.030301382381085196
0.6654953183084177,0.3369721408774658,0.2597469047106601,0.008343642988035449,0.032185737206755646
0.8090114511229652,0.3484732306837031,0.2685529988942279,0.007862238394786742,0.02792516746771662
0.6987787209574408,0.33984317128775143,0.26445230282940024,0.005207889297802841,0.013037850609988185
2.231406332263602,0.3260436803210086,0.26059792787225744,0.004324185098722982,0.009913525539016654
1.5761391008255778,0.4176575026122591,0.3346984732097933,0.004104361680157478,0.03248336437859038
1.675002928829789,0.4318567340001039,0.344571355652204,0.004388374515345983,0.03320480300678773
1.8431614234392484,0.4268815812120972,0.33741981095893014,0.004800904085271659,0.04091679792274436
3.3169116095399653,0.5039458636123602,0.40571281496545014,0.006365224966090454,0.05679624969534937
3.0645435200502895,0.49532681835885123,0.3979668329316311,0.006702977944528721,0.06672567453415737
2.564731274694334,0.47782175218544914,0.380503387734934,0.008672030941120647,0.06323223454284511
4.740895298338506,0.41096931361357025,0.3127232400881311,0.009540704097879606,0.0585028417243565
0.8016338753524067,0.3561416399202639,0.27631940595581383,0.008593143733691095,0.060533384725702584
0.4587168565240124,0.29582961789291223,0.22252071701901985,0.009191776728506523,0.07485545419975813
1.069079924881396,0.2864358191665642,0.21147939837483704,0.008560564862698992,0.07625666370341416
0.8862113938484557,0.26556587745161464,0.20139239164231884,0.007573194922955671,0.06961362690967592
0.8497257904599025,0.3074590916221802,0.22939658530301432,0.00997148603913055,0.07442900724567225
1.3940705569819276,0.27705433571198884,0.21126151446187963,0.009282560533534847,0.061969310525382376
1.7989431859059755,0.21215633126029057,0.15317605456273278,0.010899968901963911,0.07457865613244825
0.3765282912688546,0.25876593129076497,0.18550170770180308,0.013261439729911497,0.08638868361209899
0.33550689303952275,0.11445291336968857,0.058201373902435044,0.011029091275442904,0.0846583763540033
0.314946151583174,0.20582135882854224,0.13995265022668724,0.011870991477211497,0.08046545247121165
0.2963025919027453,0.17940527892013264,0.11625229453846234,0.012751394107578657,0.07875087864983679
1.6777772787182748,0.23545787546299551,0.16524250753480763,0.008382653765552722,0.10440216813791615
0.2977095660987332,0.20820402440049565,0.1482758041500243,0.0063581854000988435,0.10896004326967837
0.7143994875677645,0.15629800928925744,0.10462632188785406,0.006239002694994392,0.10067845159187158
1.0263004898523675,0.2665392808426714,0.19374371144275881,0.00884403289021813,0.09750719780946378
0.9302262464714449,0.24990203114565823,0.180860591591535,0.007248326999550389,0.1171706293531319
0.6249799120339957,0.3251059003947132,0.24902900985445448,0.007541661646556865,0.12131118010446879
0.628492755912994,0.31893676301543356,0.2460984209003416,0.0047438060921545025,0.11800953800533892
1.6107771208923065,0.3686738863416731,0.29378339116961577,0.005869688858419439,0.1296381647448035
1.464234041743046,0.40836229163567067,0.321914397228906,0.0052679100906364825,0.13277138900407082
2.1785364326256107,0.3426608849519267,0.27341797582713834,0.0057498906756690196,0.15114741980813082
3.1104521293417844,0.4454278871962035,0.3521548909796306,0.002624942394480789,0.14533162036013525
1.7919744732153566,0.420287326345653,0.33485783118756623,0.0015314821993657312,0.13791062038052773
1.9259698302940464,0.35517695680639205,0.28666306433743094,0.0024632327252427817,0.14869400938367783
1.6439322985089846,0.4290038981455309,0.3438128665784863,0.0020958853967068215,0.15812199646695105
1.523727628893521,0.39201283484451377,0.3086157903325024,0.003356419257515706,0.1563122278691266
1.7226929312401316,0.3738895110156122,0.2987301766406938,0.0056284123361751565,0.14076452686623975
3.1553623209349504,0.39287203421026123,0.31593668165884753,0.007887084133959176,0.13982367121402195
2.6287958847477473,0.45468491162040287,0.3684894644285008,0.004214529532140472,0.12528631821540284
2.006920325276481,0.44627422942609996,0.35582905371786927,0.003733621087591311,0.13863628071591402
2.2058186168948226,0.45908290064239504,0.3695409244217996,0.004027415195937191,0.13335461990716907
5.032053733508633,0.4138665028630041,0.31978456416739065,0.0045971362947984365,0.14176960238519018
5.544965511964302,0.3450403324409642,0.25798754465436546,0.006664872712231442,0.14198480847753953
2.29944091384363,0.3543438435191744,0.2687046247460631,0.008235036095253903,0.1594425249613739
0.8261902180481676,0.27759636405993954,0.20404915468342877,0.008979046405158045,0.17100969914643743
3.585441227380217,0.28336022005152384,0.22048701316183306,0.00993285713741118,0.16881627051322926
3.5327937164254104,0.1691624841420009,0.1209512846485125,0.007436331605456785,0.18556098819950742
3.0998489213674865,0.11565956115877651,0.0566111845879496,0.007327038268762498,0.1890866754717103
1.7296443313135188,0.15396032900168735,0.10306187913328906,0.008424161423221119,0.19042983779368497
1.3862288266041658,0.16189635478649564,0.10037564499669016,0.00804872349709085,0.18631160058391208
1.6366924755389047,0.09535855173472212,0.038667315532873205,0.008786042369541945,0.17159844812830982
1.9461944854021782,0.19256632510565638,0.13698883403102396,0.009855319432508084,0.17449279396393902
1.8387490833912195,0.24932772436984468,0.17409975466637337,0.011602435033542989,0.17497232751027122
1.78032612579523,0.1939033890073449,0.1222915635284695,0.014244682022141271,0.1920598100985208
1.7248782141882817,0.177080350101621,0.11801057598128308,0.014477942520165992,0.20213193643471972
1.585830572660936,0.19986302671636547,0.12908712813070491,0.013119317613993969,0.21341613838911938
3.3687148103316544,0.2210965302147265,0.1448579502247218,0.013734080602224231,0.21089058167671315
3.373415068748438,0.1762381552011471,0.11944074202406112,0.01519562700810353,0.1964130028000265
2.3506590704401704,0.17715885998312003,0.11693656920836645,0.016866219462040394,0.19954684157574493
1.0759266188915322,0.27346190592066183,0.19240288029181085,0.016348044007442913,0.21681566303978522
0.5784839462142246,0.24710442779836,0.1723711400041911,0.014628507537416253,0.2021473699848484
0.5213907696492557,0.29665405877232426,0.21532836574863365,0.01629954135032431,0.20649681473912174
0.9683359686514224,0.3339021820344924,0.2528129713524761,0.015593486817555471,0.1929449889931823
2.1016120640664795,0.3555522537736234,0.2620798983308468,0.016468763728157584,0.20982908106565154
1.055846465283572,0.2929080860838669,0.22009263433125842,0.013456512892598409,0.19084358632980092
1.2887872107006482,0.3283013925644587,0.2514858874735105,0.013266373346067159,0.18288855486161243
2.5621832393513984,0.39277358083579117,0.2945313267354994,0.015543408178874339,0.18276149741694966
1.2854495680746794,0.408340133015678,0.31397005910799414,0.01493185976159232,0.18450815191919528
1.5702167752746907,0.40103191643197583,0.31224709958113095,0.014143795733589287,0.1681184905484773
2.2658389425492325,0.37075550393810247,0.28837689590574256,0.01510907091469618,0.17918770007876803
0.7942578045750469,0.36040138089874596,0.27220946639929217,0.0160432844573576,0.1793146723395071
0.48339063703226526,0.298107586617758,0.22079872629654013,0.01420690876203002,0.1610769279911176
1.9850817189207743,0.2963043622167496,0.22431694920411238,0.01458867869565819,0.1490633444954519
0.8474934178039111,0.31006464219454233,0.23300573666132607,0.014542515647393506,0.1508430751758765
0.8821949747026674,0.34973419212275164,0.2670045816319417,0.014083694415088999,0.1673282541152919
1.5137222679268207,0.38266229161883697,0.28990959436860475,0.01387263753820598,0.18002281242212004
1.370498095570721,0.3486577496137387,0.25991047046679583,0.01426443702188375,0.17449590727869974
0.5038111241743432,0.1881204907160268,0.11811898646483843,0.01650839796958313,0.1707910411251769
0.9936927100050745,0.06568742503086161,0.004141686430332969,0.01738725903184475,0.1741348612414226
0.5233812410262277,0.07952408532317048,0.022527534925316697,0.017192254666185697,0.19910355799653168
0.3769816181409944,0.10165783828475375,0.042135428007509315,0.015023877088690032,0.2023100352217845
0.9360298910049474,0.20380678080216363,0.13401884568925615,0.013140168395235347,0.20471403312014083
0.9148964971460339,0.15894449301457952,0.1040604020227584,0.009929339115355448,0.1711592863099188
0.4896859488985738,0.16519962923036274,0.10391722225282105,0.010086720525301648,0.17447836557168464
0.741408747700177,0.12729310349428066,0.0695849163827503,0.00909854772281404,0.1529161103858989
0.6155283877588649,0.13602479663658149,0.0842102193436424,0.007837532354404077,0.1515678992805391
0.36819251625045446,0.08276505022669414,0.030549280728262018,0.009371982029483767,0.14102822903724907
0.40491138424875467,0.053666456281467725,0.0033846349621591276,0.009367073009844112,0.13749190824998533
0.41065170779658733,0.049302285903813886,0.004445720646974547,0.006389275733730493,0.1398013908451897
0.7061186929739677,0.10302189733945255,0.051665719462250154,0.004965330577579242,0.12890035135761055
0.754878579837161,0.15908914888356762,0.10460975536558598,0.0027709889716873055,0.1412236392110943
0.8267334842533899,0.1717690827302207,0.11348256799973651,0.005131571027348579,0.15704661819143065
0.32026984901890343,0.10968115030559117,0.06186821441110483,0.00347518820885874,0.1582127443967084
0.7465822064583447,0.09250834050637449,0.0422732039906424,0.004594071169985394,0.15687849685101762
0.34931543621307715,0.082557651387035,0.036355688519539166,0.00360637757141378,0.14478209180617613
0.36005028934960315,0.05589582904474477,0.01210068084931186,0.0032321750260774786,0.13835310316660498
0.36809382930487805,0.08114959292644863,0.0363564076314367,0.0020340246863923615,0.12891164636969055
0.5278165781930811,0.09118805691082238,0.049111298347154025,0.0013408103120339655,0.12459308935105233
0.6163942658024034,0.040131032718461204,0.0017457514122818096,0.0017631911208377464,0.1289380112316105
1.5824132757636196,0.0718671547164394,0.023754786840782385,0.0021482499896680273,0.11917388156542748
1.8056636835928128,0.046503011976880906,0.0015685682967686541,0.00046705043637583813,0.11313122393825205
3.073998978003617,0.06881957554720153,0.03525981095918378,0.0004406588969785908,0.08257682324790566
0.9912149164417864,0.18592495594529523,0.1300190071183136,0.0008120084634507376,0.09678402370417429
1.3106762301342243,0.19649163844214262,0.13843721018493893,0.0011229819905337972,0.10400448753825974
0.9122997409014535,0.04858399705572103,0.004854232660866625,0.0009763402424100296,0.11090573570079958
0.3350582868035281,0.19198588075237374,0.13920534529442005,0.001725564973859351,0.10107203505252399
0.8210480190429722,0.17762807746477083,0.12801162866734572,0.002495916310577211,0.09245633333484818
0.37816662806122636,0.1716930874989489,0.12132416654144733,0.0017512695955160173,0.1065732517510172
0.3426118040061364,0.12118866975193396,0.07096752884781295,0.004211563423375926,0.10530795698856305
0.3258973560399029,0.12504428285374383,0.07675628917492192,0.0032300643071778695,0.1226146769457775
0.42092837724659077,0.1574104494694163,0.10977119219363082,0.0006760598898061642,0.11544232542254759
2.174458272202005,0.19045861054788493,0.13236473441962748,0.0002734572548564626,0.11580897334326373
0.9643446499262969,0.18782484482503026,0.13827304905337848,0.0018679051956186558,0.12231885696400659
0.7815506058198797,0.2511554007851029,0.19303658090452203,0.002872958903117034,0.13185014703486617
1.3872539533607562,0.1285289820258484,0.08350525903153166,0.00400499010028617,0.14778766331390977
3.8248954436698708,0.059353087352547435,0.010128367943291916,0.0012536297639968073,0.14250849889374073
4.099030544470232,0.08924575848957852,0.0376856013489172,0.0009687596858285604,0.14499968666375285
0.6436081462551936,0.05589858260863542,0.0158078415438503,0.0025054344104499,0.15224314180491166
1.5760364047008244,0.061650022659802774,0.02242175075560684,0.003921447779278321,0.15581321025290604
0.6596088398702126,0.13622935118021043,0.08395836081319889,0.0030684452240078352,0.16640008693060762
1.643410485158909,0.05594182986932106,0.018915203680891612,0.002269047726061863,0.1646267372767316
0.6164114676422944,0.06682517601060525,0.016756889233473946,0.00696104199440515,0.16471606561701307
0.3709332886807941,0.06356244491125335,0.017829748008544644,0.005862673157463947,0.15481740347339454
0.7315810400750734,0.1331381362672937,0.08124445316860865,0.00863026494690071,0.15464264335721203
1.3358878323635455,0.17087461584089503,0.11568358679508767,0.010256646709817411,0.16025101348128004
0.4022173511395056,0.2696393458311813,0.20033041044575314,0.00958677770003197,0.17193983293458995
0.35565407062514975,0.2362940776313273,0.17298249557307516,0.007529960857752543,0.17564907426644424
1.1357221008572178,0.3040580982513234,0.22598051760762466,0.009486008338012749,0.16858720384907566
2.916764723230417,0.3202823582239746,0.25098736876722433,0.010514744292173733,0.15422135462495132
1.430714046059069,0.2582273603881354,0.1947703686825581,0.009415208010709237,0.16611649262864564
0.5794045891148558,0.3011532677961934,0.22804453266727587,0.010348040407310743,0.1637239594475058
0.842778124851703,0.21375975464482433,0.150437504080774,0.012688233634155456,0.1596198477053385
5.033950455978805,0.21637536359112663,0.15705074431162475,0.016044647929307685,0.16324674861050942
1.1438674793815955,0.2508330929438778,0.17858189117289133,0.01845685537314469,0.15417821604743448
0.5704698375114912,0.19342568745388902,0.1269897768756581,0.01691280913113982,0.13108249123414323
0.7068421926977373,0.2297739441889009,0.1600207399513589,0.016920861214483145,0.1493852290107497
1.1376231761533493,0.22461634778922254,0.14944485071392935,0.01578954803598727,0.1626905930921363
0.9336380302408858,0.16897850744780124,0.10614762046124526,0.017052429167452816,0.1577657901875137
0.8600927031703398,0.16489617312794932,0.1010862708005272,0.018198595960372314,0.16107360024393255
0.6319885912945804,0.2000903550657121,0.12961676908556255,0.015178396881631306,0.15649313569016338
0.9635220025940929,0.2626569125832776,0.19214394184431063,0.014707245845722432,0.16108969378111473
0.7746792588804075,0.347518848494879,0.2638290016572963,0.014621432177985186,0.15196239634591155
1.5496509241137086,0.23228717120177297,0.15893453805308164,0.012178237464144533,0.1321277007774709
3.4401905048649675,0.25176745843578896,0.17689984669675754,0.008645315127038086,0.14404591873833067
1.1538488956128048,0.2263471704899603,0.16731703523124505,0.007893975514137464,0.14699924401601147
2.2911533219964104,0.2884320984131892,0.20911437123585436,0.010261531585867772,0.1645402894382808
1.9389007475288236,0.2873432826039832,0.2217057475704144,0.009194327803998679,0.16298321416250552
0.885970558141525,0.31090115738819485,0.24017516844952352,0.008112524914313576,0.1592069374212588
0.9861348529265879,0.34491220925345567,0.26129806514980647,0.010857211201821152,0.14615643644712858
1.6623951134288757,0.3918543477195152,0.30838241558858126,0.010782314622167968,0.14799531076663588
1.867756235970663,0.3920682747206955,0.2978144253014512,0.013176645807468393,0.13973564158606142
2.908244189157695,0.47609301222214784,0.3759049601119464,0.014731486403553942,0.11233625903680865
1.0211812814208683,0.3844950219659177,0.2938322179855342,0.015054719720076765,0.10754141669492609
1.2194818174902244,0.3989100662820133,0.30599778904409686,0.016438346477516404,0.11459922264425114
1.7785184431239989,0.41014178283426317,0.31906243905691317,0.015516611317922471,0.12681101817219143
2.055905576649141,0.39778377736552073,0.312143314860125,0.013243971771746759,0.1308770561724318
1.7129026333075004,0.3910359634150119,0.29584576947365165,0.014687680711846169,0.1194473312950712
4.4350768923481745,0.3810279713436144,0.3046047763430116,0.01161933633532663,0.14333708026117667
2.7487046003164037,0.3814031597841269,0.3026116546886536,0.01080356627923405,0.15271960073318327
0.955716800323275,0.36349313356153456,0.27793048643162205,0.011159044312052072,0.15261142002983785
1.6873495632491022,0.3144684474202825,0.24024191879607396,0.013727051253289397,0.16205797547468226
4.182372266950989,0.372831855990859,0.27565073250386296,0.014636414470773866,0.16202587880022534
1.8478233960272707,0.44153417427940767,0.3446231766494271,0.011439066939983917,0.16228845441571696
2.7800279613097643,0.4030683689313879,0.3196533132034864,0.011985080880421906,0.1465259481258799
1.5191087917147634,0.36073444001484,0.28397515046957766,0.008823519415464583,0.1411836498994518
0.3962422591999098,0.24324048653563263,0.17685711592259276,0.007668952187146106,0.13842809828948185
0.4798408473181728,0.2674648272087617,0.20216835687312626,0.006551398674458021,0.13426850881981922
0.6288031549143462,0.3100611049444046,0.23581835329588385,0.006981698251034268,0.10918892924519114
0.6138175981579083,0.3158527529159598,0.24343690778994187,0.0074121458909121385,0.09751709988215954
2.228482846374867,0.3301549149012445,0.2514011649792405,0.0044796096374642635,0.10026352675162403
2.0691030428410446,0.4511937631072866,0.36217612976594493,0.004866867264950637,0.09983644832484097
1.9067304813025905,0.4207695809815503,0.3387704685258178,0.004398156769066772,0.08736061125808732
2.2975335332643794,0.46504249981070145,0.37170148601752545,0.004362936149648682,0.08417886878939052
1.195376903447146,0.3851620012742754,0.30386826870738,0.0035302850614300375,0.07207509763052856
1.1778561619902164,0.3867337768031943,0.30789078407983494,0.0011132523042980801,0.0699264841288556
0.3738876142834963,0.23779160321360054,0.1781604483668149,0.001615800921029574,0.06743217992452998
0.5717668297128486,0.22728412171078258,0.1677744325677112,0.001388824485183191,0.06377892847749828
0.8279223709773142,0.26442461866919903,0.19891727648649285,0.002318467450295871,0.05230650799046391
1.3945469486823239,0.1779564940970622,0.13074474485230012,0.0016397852904631903,0.04523720163725191
0.5093860854039841,0.14348329506627,0.09070030855295452,0.003500794798266371,0.04036644679845895
0.3448863317320563,0.15470563708675017,0.1064811122720758,0.0008885716866514704,0.04433898992828164
0.4581483819226022,0.14288283415663602,0.09226597315676956,0.0016471895090502903,0.04407677688308859
0.4842471073226125,0.1396039836766169,0.08971247182033781,0.0010909899261125936,0.04399972442689553
0.9108671761566188,0.06960016476154195,0.030563993632904796,0.0014230789967717044,0.05680102038636544
0.8623522301101446,0.07932017622581362,0.03193535524529944,0.0024413592401809916,0.05446074586245812
3.5487099185025834,0.11485385607828046,0.06025149536267001,0.0023946654318137517,0.04885752810715539
1.1230346265211668,0.14861069494443196,0.09475014689868143,0.002158085903782968,0.020624031773905926
1.3996920442488923,0.16672716775343643,0.11101753065016998,0.0016486333371176368,0.037987000465017545
0.34849136002943626,0.10242273427318546,0.05432088946068752,0.003734122728052937,0.048192525588674456
0.42092017448141744,0.1351621881395142,0.08343462788589005,0.0037214281223390175,0.057186899322351964
0.7209297583556109,0.07126056138283346,0.02208510252689526,0.005315935221685688,0.050868601023129005
0.6914938972729279,0.1668841008382397,0.10754606992094186,0.007078714724867046,0.04902624080246786
2.8535473307255628,0.13065881132197876,0.08522705853388274,0.007036148783631201,0.0425048168313497
3.8207765334014847,0.04789421059448756,0.007261379279098548,0.010127120827029545,0.07175229573882352
1.2722910355994976,0.09396461845524745,0.04429387466485768,0.01122936209760399,0.0559486280434269
1.7315706562343876,0.06026727822849229,0.016512610314069504,0.008880589810737687,0.04604707569417964
0.8774262595430118,0.11650560995840842,0.05834435244132408,0.01008555061262516,0.07285110319404228
1.9055188591534693,0.07770209879947954,0.030716351971615694,0.011196592207127622,0.06945809668043071
0.6746509126460914,0.11010386774030999,0.05096233844642743,0.012258399228078634,0.04625096698086405
0.7493977216040625,0.09135136641607,0.03826307462501266,0.013310777726951514,0.05408537903619893
2.066550446396775,0.07786923317438972,0.02913678446260888,0.013242265396749808,0.05309556224737229
0.3544315952488641,0.14434692249858933,0.08619250325172911,0.011882000584013043,0.06463412563611907
0.44243337054435194,0.05913761431529335,0.007114294690949499,0.010390207096678736,0.06928490830872276
0.514715904276538,0.11654390709802921,0.06076280507089779,0.0089817954720923,0.053974114856884546
0.3401691228502717,0.0787560359516015,0.028917105010587384,0.008336317123576539,0.07725849253714476
1.965502760974705,0.13277859021039745,0.08212962952058045,0.01052148166068107,0.07600171605171105
1.7697218652626456,0.07952948078270283,0.022900756663684005,0.009758860942398908,0.07190930716643769
1.2413596065912371,0.15561852410595084,0.09278551755824331,0.010252049886863944,0.07481609118028619
1.332978831826311,0.1195576723000965,0.05989480283844459,0.01024769178762852,0.09457445622860115
0.4353220868297995,0.08071099552774179,0.028656346489178544,0.011578308138721873,0.08923840586732995
3.128248275118009,0.08683155115725176,0.038791814482131634,0.013691210070154392,0.08844375837267317
0.647459281919619,0.09981230566196886,0.04387414077957603,0.01004394076659495,0.07242936954027976
0.34432796640895313,0.10868952541270323,0.05657369340996363,0.00862999385966204,0.0748606975153962
0.2954993064544394,0.19374410689402516,0.13322838823387645,0.008158680566808898,0.07052023675453462
0.44729547105279005,0.14094849256156308,0.08231249925771153,0.009959252850585779,0.06148511772653489
0.4354754977980122,0.18171101295985703,0.12515828754924951,0.007377834773601323,0.05917539523268671
0.6614518386077508,0.20512273139991993,0.14284920549843783,0.006188051000362576,0.03970435391684017
0.5084086997019558,0.29700545591721056,0.22374040175335724,0.008234222403472852,0.052722296181103134
0.6721282110665971,0.3377668631944556,0.2621297899150947,0.006063487713678298,0.031149730415996175
1.3759889013730713,0.3075504977664559,0.23393023957921258,0.0038586209170567366,0.03162525303446549
0.5312510496905621,0.31197314652276,0.24079320403245638,0.0054765006347609274,0.018715592318633494
1.9676280520439091,0.41066611500380873,0.32713742764195486,0.008148316489374622,0.024816584919218614
1.4122468660621523,0.41443795783701026,0.3256043797637523,0.008568191297368013,0.029218890150928465
2.6802233266050814,0.4767567420798824,0.3811858918828826,0.00809434885414135,0.02448703188523309
4.642218480743733,0.5257413619441524,0.42344897098135403,0.010054527675267487,0.0010830151556136258
5.193127403576659,0.458977258455316,0.3537269437056581,0.009203879187897435,0.02141338080677975
3.5005991846410205,0.43364082495741857,0.3487136348405799,0.009477208200158835,0.01483589635276129
2.9348051959378894,0.4949957429577943,0.3916215611507371,0.011161222109789903,0.03259534994724293
2.2020879987910926,0.4349581274523323,0.33560543393337705,0.01242609974203689,0.03187187253357
2.248370971005773,0.46572222327995916,0.36500267933559877,0.012672112687706587,0.05264843661459524
2.3147137047087525,0.46552545405605883,0.3672095613069273,0.01204106540132564,0.08083379292061119
2.2470696970556667,0.41635605189032354,0.3198741308388552,0.01143880289593212,0.05685502061692878
2.118557017168806,0.37245973024088247,0.29320962328989103,0.011074929114255352,0.054939216259762724
2.3442948783053525,0.4408174627433254,0.34164123475403085,0.01118290317555054,0.069360334721725
1.1791366178052147,0.31623022971063125,0.235043588470622,0.01097673625059545,0.06063368088771197
1.4349813111560132,0.40371213507609227,0.31518905974954636,0.012274116683819591,0.05277961473325659
1.331034015835559,0.39605953812977757,0.3039630210471891,0.0126258385926513,0.033963483467619994
0.9962071882433376,0.37967636160814144,0.292552341692758,0.011961452445499055,0.04260846839861475
2.0304162574081586,0.3803716078057845,0.2983726190728798,0.01227824775631948,0.038880091761957156
2.96236049631052,0.4251561597015795,0.3269132283297006,0.010403806185953594,0.020053735222904923
1.7567120427049414,0.35417402476825455,0.27948385627096306,0.008343235603672935,0.028737945369129898
1.7439135483321684,0.4245698066835786,0.33201981145570086,0.008607924762188204,0.00830835870653844
1.6547233889149824,0.33707689797092605,0.2535281512446481,0.009534838703762264,0.012697641836431826
1.5001853495626853,0.28718678673321624,0.22086260511185493,0.008706531054672404,0.0027955150015494482
2.807166121925201,0.2758574240043652,0.1964903422708946,0.010957781792161067,0.019034641898647564
0.46554470828946126,0.28983027493434194,0.21370305178248855,0.012210273092070793,0.01982138930739205
0.8700388010069351,0.3325439234340404,0.2503382176229422,0.011240306516793083,0.02404202639723226
1.2122024853726452,0.2990379107680332,0.22642731574000094,0.012716591233704909,0.03347100165432232
1.6663161302373835,0.38979769255197644,0.3044748853454151,0.012803957087971546,0.028880317186317863
1.859464570060431,0.3521523033941671,0.2749959058181918,0.01137758948839696,0.013119706977125518
5.8414909999111115,0.5004190853417374,0.38665246838686995,0.01115668671422433,0.022801403016223853
5.802419031588346,0.5306898534890585,0.4291789764714077,0.011593587933821344,0.040068632229057266
6.392629797192061,0.5851339297188899,0.47156288000925783,0.010591949782209537,0.0616576222663051
7.058423620471089,0.6100829862099804,0.49015575208113954,0.0073731120603663935,0.05726732844267394
6.361094296638702,0.5937090645387042,0.47743573913514187,0.005781090550594208,0.05587561692259802
4.063775181875803,0.5305400504498408,0.423405545546778,0.00657035418538824,0.04724709680503273
2.055985288965837,0.45380105753156647,0.3639764243862504,0.0032368205725552923,0.06062923868802953
2.4705807456469344,0.44644189089129915,0.36026357499224193,0.005348308374554432,0.04516922331895125
2.05971320776314,0.44572137163237363,0.3553369366704936,0.003345062823000291,0.04698262958678833
3.0113433530973603,0.443428786471325,0.3620556392374546,0.00286435930113622,0.029123720105238816
1.8299398268800786,0.4305507810941211,0.34812881542200763,0.0020936609649704085,0.030063205301487445
2.1633134956550912,0.4515863156252457,0.3651195092003589,0.002803289449861545,0.03944901251575208
2.7923804177274136,0.30544406830737053,0.24662312969051414,0.001585805862401543,0.03293129268722104
4.277784104741504,0.2892126739424533,0.23558366760791827,0.0008581532569390052,0.049610478859125215
1.0280552984405733,0.3757870613834916,0.2993609495855309,0.00309597102830988,0.04951259541219331
2.5682053130469993,0.43908015242347603,0.3480033217273266,0.0025278638967210134,0.030084187033367266
2.3010054371913204,0.4662837269686009,0.37576163704705173,0.0027478059865643735,0.01815712621194103
2.088470735920291,0.4550960691830091,0.36330973350403784,0.004830283013156257,0.03214316277442696
2.544677716293553,0.4083135356883592,0.32886040566078156,0.006272122554114655,0.04584955385818456
1.645909243117298,0.4090429647674406,0.31929728924672335,0.0075197415753401765,0.05565780859887675
1.278393995136872,0.391212088885382,0.3025903571539594,0.009850579882706129,0.07345180778224539
1.09068958637978,0.3798571163933849,0.29543912472457146,0.010937154671871781,0.049729335845338514
2.1518608433865745,0.31318786157614675,0.22942676996567196,0.011804075664444573,0.059676065754845964
4.1757727739497295,0.17723975274607193,0.12677140605109782,0.009801833299656323,0.03214518568594865
0.8681516100913979,0.16790644286227627,0.11045531318487886,0.011444227781134951,0.030134451971226925
1.0123644686198676,0.22259331678124228,0.1501230979533444,0.01348618916889669,0.04459075038154281
0.9610075396595362,0.13015960526980658,0.07565857293518022,0.0122206135012345,0.03716507811731516
0.35515317387203926,0.12272029125683863,0.06226229427730733,0.016019903843107544,0.05821046582937436
0.3277086625164271,0.13678018617657786,0.07210199080548618,0.017474423238105663,0.0767160947644869
1.5754718153558576,0.10332133257102534,0.03629353033749415,0.01859655880488543,0.09119623988042391
0.6032159682097076,0.09658339511063325,0.038310518769567675,0.01753584512852363,0.100959046183565
0.3951607561884853,0.08219684414970477,0.02196108828474215,0.019341507987067193,0.09733950470799982
2.0298758218781785,0.14023610562906635,0.07139370231885085,0.016357056513801458,0.09351322833208826
0.3700495351640978,0.0840820813724759,0.02521440643785524,0.015911118616274627,0.0862078383185424
0.750524988647404,0.08713828131482038,0.031181714557539847,0.01653307242714274,0.09323279462205243
0.3309559966258406,0.09340423190107322,0.035937966656697545,0.014593101507012105,0.11766729195060735
1.719677253672833,0.16617348123489495,0.09998867435522821,0.011684368550635319,0.11419115137401983
4.654351279542189,0.11973673994504558,0.07232659142660075,0.012593812342600487,0.12656364352938498
3.772084095689003,0.17127430352380907,0.1198732318604313,0.010790800642502315,0.12368468851661377
4.076736925526407,0.2638438907108917,0.20615054650724524,0.007767450720970792,0.12939310958867983
0.39764077598202374,0.12022496578746864,0.06799697542414765,0.008387724391439354,0.1218023102849616
0.768388062327386,0.05753642553983984,0.011422919302462281,0.008913988412785246,0.11575287456242543
0.34945528833288897,0.06598162509507663,0.01627767667856209,0.008575563867818882,0.10450711641330221
0.40995401525185216,0.10315304072807388,0.049543416129638876,0.008625342629912382,0.11422068180466952
1.088488490265447,0.12357259349748764,0.06747790494472126,0.006839252596246878,0.10263893692486796
1.4962242904366951,0.16938607152750354,0.10775831756852725,0.007168270126169274,0.10521787187067189
0.4259742727403947,0.12247998320715717,0.06842826694531959,0.007219042866543623,0.09748383815230259
0.8933304445151921,0.09878436625235665,0.04385002427428359,0.008339969004684932,0.09476404266422353
2.235139077175926,0.09929445010329933,0.05479176649615277,0.007660974100726712,0.07898535150569383
1.5794620847149183,0.14036901442301053,0.08980219164781528,0.008969575985505492,0.08622378902889094
0.7370900302942197,0.14265347203333176,0.08659669601995182,0.005999525334136209,0.08839068633502818
0.8337383631979991,0.1308227049274786,0.08129497268160313,0.006798686054737399,0.11186364561819699
1.087283430975803,0.18608359628083856,0.12737793854065155,0.003379442596697898,0.09231704637179905
0.9067694859717724,0.14367147803294616,0.09588606284172546,0.004142874286732482,0.11789586402515384
0.5835434068153176,0.15532759801316182,0.0986097080121888,0.006010945487871214,0.11674287378685742
1.0368053492804568,0.2109310080482248,0.14934865019183655,0.003768114309901622,0.11932338310858276
0.3120888541762228,0.2166384875838473,0.15502246536631228,0.006586439499167694,0.11294091278583507
2.895955760267377,0.21004634306431388,0.14337826798273542,0.005812370780902,0.11386510909982211
1.418899089993629,0.23181241653178417,0.17533073998154558,0.0053837024559452535,0.1279882014747334
0.881821137357727,0.1366091030263916,0.08216935816307562,0.004510637770122834,0.12405681406065833
0.45333110369004914,0.19647595977260549,0.13828964826821444,0.007650835872905798,0.13380318913459843
0.6337099547562636,0.14885137952682778,0.09645549065099245,0.007345631846700308,0.13052052081391172
0.4759198721865085,0.0924528615097357,0.04305408638933031,0.00830469060414084,0.1405800272185929
0.33754466825800333,0.08959653170740796,0.03996938407866446,0.007372926100857173,0.1455245420109704
0.7727346647126258,0.06727360644532196,0.018404242623747222,0.005157733541262796,0.13992571486601355
0.6928067203373366,0.15010051443302924,0.0942321782181536,0.0052612320710318464,0.16469393160082138
0.3484363468277266,0.2560712445125953,0.18940860307315463,0.00787901505043542,0.1638290488062523
1.5905337735945588,0.24856387405502497,0.17871684667564014,0.006685874280673218,0.16142808925104876
0.8379684639187955,0.1769549390126697,0.1251416054322937,0.0048478331208751824,0.17536317407274737
1.194051146966444,0.16588230869740678,0.1096888127881885,0.002669181738478223,0.16080161930404926
1.782575312039938,0.1254979704765077,0.08552384134998678,6.057048236204031e-05,0.1651109582478338
0.5676862548311848,0.09601938450899208,0.049041771048438466,0.001693136528632657,0.1726400903295916
0.40105004495446706,0.24426045817708295,0.18426993797010197,0.0010639555008202643,0.16354260349264868
0.5341322053270714,0.22124117361360623,0.1651539490225865,0.003271859824044566,0.17920105843478587
0.3460164846781767,0.24318203042520337,0.18363953146924075,0.002616749109431273,0.20005842108087646
0.30869911046947063,0.16400455689994642,0.11427926070083108,0.0010469317592229023,0.20125802587843672
0.8378713133492083,0.17812132136888914,0.12954734870850398,0.0014589334148305626,0.2002188707688682
0.301362748653896,0.1923936309355334,0.1358703593656471,0.004093912064965895,0.2027136369782865
0.5080208670738184,0.24006316857881604,0.18038509640343386,0.004570199667995523,0.2062271211460847
0.44211671438905426,0.1949672404175013,0.14076677001628482,0.0037199138811632214,0.18599612949482372
0.5128574997125246,0.12859535705627917,0.07913825181092976,0.0015505622964802515,0.18085797204198242
0.48417131804225283,0.11945064931488267,0.0745701631198493,0.0016445497674898168,0.18801249455888244
0.37439430895130654,0.11818165435945854,0.06981042276649302,0.002292081092390162,0.18295566269045307
0.6710369950933904,0.15748744974984258,0.10145187092223867,0.004788177899172082,0.17821227725036107
0.4158999587563062,0.1888211350071043,0.13039967551448334,0.005198922793173992,0.15923274195406714
1.0941689764226195,0.2038740221696569,0.14983969621338097,0.005115572948262396,0.1480230951763001
0.3209646580995808,0.16474428231325994,0.1107932965679464,0.003971790326233253,0.14997351867907216
1.6229860371522886,0.06846130766607171,0.027529489723682327,0.005237056770119639,0.14814575404843947
4.243872743689253,0.06895737827717839,0.0352395147704267,0.0022845534289471455,0.14888778076425896
0.4188280499325548,0.06864153517423915,0.02452254438860995,0.0018990880043320605,0.1455489106253877
0.5684146780820095,0.08035964348237122,0.03544764053430502,0.0009100162344767163,0.14896144838073785
0.8483802902666171,0.042486317669540266,0.0026056785262392884,0.003990784111239278,0.1419343213055385
0.38170726146248324,0.057678796369643515,0.012973401910079407,0.005371270658449274,0.15742568543763932
0.7698682201848547,0.06070853286956549,0.008501353956501532,0.009021925867044188,0.1701967095828875
1.707538319873464,0.09494194012934512,0.0353849695697973,0.011579650427865159,0.16431680441811725
1.9633388522961996,0.047707810920443745,0.0008166509652590762,0.01339335123173389,0.16369805250476205
0.8464144668088374,0.10128681635866094,0.04459707619114987,0.016517361913689545,0.15637509463387897
0.31574989517312224,0.14731736314587884,0.08338557939939167,0.0159314769145366,0.14440216506803366
0.42285590010369783,0.17372676829998865,0.10806958586649808,0.017312293217693578,0.15130471222033215
0.43261036232657296,0.1359421506247573,0.06961020504279289,0.01833837263209375,0.1623010189126381
0.3159858069606786,0.2325329555457819,0.1573104849480939,0.019439491778838826,0.15991938538109982
1.241349301200106,0.26141278960403264,0.19082173394266416,0.015781407316332943,0.16727764299529535
0.34530905613387314,0.25188728674124,0.1783894865905968,0.015614234369188315,0.1785397491502824
0.3670773237823835,0.17572108780615447,0.10615936483327974,0.018174613059677,0.1712427622969837
0.34809036265403304,0.12866876421614334,0.06595292874092726,0.01776615789117031,0.16497911389726289
0.3623816003394362,0.15034698984260256,0.08027235979882559,0.021264569717924564,0.16420159448539548
0.316974276051108,0.20031565426901204,0.12606927786381067,0.020916961039238027,0.1565120369754914
0.48323727934788363,0.28371003800992045,0.20051684958227514,0.019774363637447775,0.17314729042759902
0.5889770034796905,0.25778109973957236,0.1799100666470322,0.02131140413758259,0.1630666170295437
0.6474625151552832,0.22756262495982627,0.14828778910849968,0.021068279519983982,0.15167947551518457
1.7889577222977255,0.27242130469830017,0.18558301797665203,0.02071558825442607,0.14854479634155673
0.49897788326594583,0.2672196844410803,0.18665467680485445,0.01873471554851154,0.17052483953536557
1.739118425120302,0.20133801373035082,0.1371636415131994,0.017218088633846725,0.16534249628920183
1.401848998280828,0.29690412039431036,0.21408491751977549,0.014485067394653406,0.1748501488586277
0.4503805503992327,0.26270260261972184,0.18866113007308527,0.015923041115589325,0.17389474355884155
2.966713539346671,0.34713616930549535,0.2704901719340391,0.01434044036202528,0.17035078350652405
0.9430405216119635,0.29921954898261227,0.21831403625420168,0.013533290210604029,0.18317295368890366
0.8798659624779355,0.2604700738766738,0.18992385354626584,0.01474304039767165,0.18317234523594092
0.5644792462214866,0.22827907924064225,0.15304171977953474,0.01726117410339422,0.17673311359347374
0.32741448353842556,0.24532667053734852,0.16855634485527365,0.01947563573916794,0.17510734220392105
0.4864048194571662,0.1916465112259585,0.12232867414262433,0.01962914460679326,0.19046978072429113
0.5249788559965134,0.3014318431569417,0.21717791982362805,0.018754543192299467,0.17917918792578044
0.4550143886951708,0.2287653153615371,0.15477675896938836,0.01650660556574901,0.18327283622461354
0.3104603784962947,0.2258548842265548,0.15341690109768252,0.01735759908582269,0.16822665344330068
0.31459951385955287,0.2154786315203883,0.14427001866225458,0.01751788662157615,0.17555055110627146
3.2769121357364495,0.2775781095170036,0.20585649777041182,0.019146008768971934,0.17390204717272895
1.54956291070765,0.32354040090119146,0.24257620661083823,0.018972536042829835,0.1670628482544548
1.3768555691767044,0.37345499657591114,0.2737764954275708,0.022404813384240708,0.17699463727417625
1.3822243261012026,0.38548032500301777,0.28394827826000696,0.022908194176710018,0.1599386909658538
0.9842902955183529,0.34924242448476683,0.25668656305311105,0.024920528029806325,0.1728326401179874
1.902637093785889,0.3293674975566029,0.23118065654070175,0.024978865124718776,0.16317634756770377
1.6248832149152375,0.3711233734916253,0.2786687091164321,0.023614942007570687,0.16604563245428408
1.016166040651095,0.37907070028627865,0.2818751772322412,0.02409619033374775,0.14990966169001907
0.6382392223075065,0.3325048597286604,0.24267165682346611,0.020618769364365627,0.16541849745744633
0.6161216047055287,0.3343715562286682,0.24853750157442983,0.017310808036434845,0.1759033953971516
0.537340031906612,0.23552040790205986,0.1612634150437453,0.015599787589455483,0.17271415672605386
0.35830378105165794,0.11401469375881294,0.05327125223504536,0.01707951075635631,0.165728142030184
0.40338273051972184,0.210122214335898,0.13876649794468918,0.01613416256019389,0.14327980091364315
0.691815867013965,0.271695750807354,0.19735848490376537,0.016414755300765443,0.16029134292898575
0.33519911871108005,0.23424383368533075,0.1615914533164681,0.016990885723349298,0.14207428660380222
0.4761962324181946,0.2462158696477506,0.17248501357647011,0.014194000045767815,0.11730560975296997
0.8415517798171497,0.17698679096455205,0.1074265030382647,0.015912613095356104,0.09374231868012917
0.9589546067670636,0.2329544754355676,0.1643559757292071,0.016211434760971526,0.08874823004689232
2.241156320336966,0.2799024041114044,0.19423557646019038,0.017749261869582256,0.07959320268039466
1.5139923632282526,0.18913438158210089,0.11505697937161212,0.017656852313280923,0.09395534956645168
0.42188797283239016,0.16855621136224322,0.10313743040690922,0.01751035883614238,0.0798406732477259
1.1581505766071096,0.1843686228711436,0.11474198399097559,0.014394606399664655,0.08025226226131565
4.866222795620664,0.07236150670183528,0.026079001109635472,0.015439172410377754,0.06854887490881462
2.0486081016455313,0.07571675870383159,0.024315794831791686,0.016052539368045494,0.07430832585923283
2.007051424369822,0.21950853249956837,0.1554429328244524,0.015660167777367052,0.06907761350586952
2.4700644903614686,0.16570516746265618,0.10618946603631774,0.01738748004589579,0.07830531454500807
1.1123168583345548,0.13826244190435427,0.07690100962844487,0.01885864467996366,0.07530762927776308
0.43297078820359214,0.11618529453885207,0.0531044131303092,0.01985830279150055,0.07592082171743858
0.4583027212711224,0.15704860568524365,0.08643567392686693,0.02040967860820887,0.07627956830470381
1.0913764404154773,0.1544273172437492,0.08531623970060295,0.017009235859574243,0.058255286615238606
0.507553175572761,0.16114291112799606,0.09572112375264608,0.014488249547766893,0.03995583489496811
1.5362763655098781,0.1196671476716487,0.055936963245409116,0.01388681997778243,0.03319550913395296
1.0017024377655748,0.24869615595562972,0.17900715439519005,0.015535450149709557,0.038237541306506286
0.3045102020993098,0.22024472211589025,0.15104284254188627,0.01423408565029227,0.02450596733373006
1.2603074272904933,0.1827632964747868,0.11577066028538434,0.011612499629127507,0.0162586791815612
3.276322468396321,0.21210710402379881,0.14207437075861296,0.008443504929247189,0.01635706962251049
0.3200911323783041,0.16012511018450734,0.10261927910526183,0.009374841415975575,0.01194669551285491
0.4232444645372302,0.227495437919489,0.15998110050783854,0.01015558564165202,0.0014712314647316437
0.9843246472083048,0.22860899033480636,0.15624852828795827,0.012723431362479375,0.005648944530487644
2.3138248564319603,0.24068287537774602,0.16521016224312882,0.01192312716499839,0.01016254299811531
2.141478111285858,0.3056641569684562,0.236898239086561,0.010228279908923962,0.007622301643393289
3.1368552132081917,0.3832796961851339,0.3071154160671776,0.008447958445595755,0.015575891742513892
1.3114048676414967,0.3838949406743417,0.2971618068615924,0.008429856226618177,0.014302013877421792
1.766894968763909,0.38976120073237347,0.3108594396284986,0.006651362197690282,0.016062985572774406
2.301169899232926,0.29513354000352665,0.22072031048642765,0.004362186104016832,0.015152505360917848
1.4553601310173523,0.3742691301180799,0.2975633422125439,0.006050682712645305,0.012097714179009525
2.5004107720748587,0.390727042876345,0.3028970423792869,0.005294478004882409,0.02253521611525344
1.40249755746148,0.3572706333983726,0.27573603505261957,0.005764132432510452,0.0046915227054104836
0.4713002190929026,0.2894150721383261,0.21895414634066412,0.008293343727041196,0.026400254105222565
0.30566575861854445,0.20280625793336,0.13675023963951577,0.012495622680401712,0.03655509231974415
0.3882337854569888,0.26125083501531765,0.18897018033814186,0.01347282874248554,0.030853205014665017
0.4809995790607593,0.297626030472605,0.22154271988823543,0.012742573025238315,0.04903806955200231
0.6361413428595513,0.334630535391726,0.2518260512278381,0.014148912116323978,0.06509114114834891
0.5926591257919899,0.28558346424462083,0.20580389661272122,0.015303050980153773,0.05715707144939981
0.8405241044008254,0.3593143913358142,0.2752004188174011,0.012838304917948474,0.05585567584717065
1.0339432899283916,0.36747266844082516,0.27938853315678414,0.0128034602981683,0.05512318348681638
0.6611480165862782,0.3033876585058892,0.22462419163375733,0.016161327104522553,0.05870676891681752
1.1202351973281461,0.3821756263376601,0.28742571902712566,0.017713895581954717,0.06660983146588194
0.9474713118184348,0.3039582350354667,0.22689128439716047,0.015711753186073825,0.0665665890894124
1.7510966664505654,0.2593087515258946,0.19009917440501573,0.01578084201068596,0.0644006335216862
0.3968576537200612,0.25827240608818874,0.18485060785178437,0.01526518131678909,0.07608758246324757
0.8367348371643901,0.3230390063491647,0.23531521099479558,0.01801173864119975,0.07141734926974418
0.921829537223684,0.30151307488099016,0.21478507525744223,0.019109647206990647,0.06367137538008172
1.172140964723497,0.255259814533242,0.18142171515391103,0.019509463550624634,0.07408218880872176
0.503190769870751,0.21602277711992462,0.14472064509575036,0.018990606844448477,0.05686106876835198
0.49629911005517613,0.2621919315665111,0.1828027365234762,0.021526621415581815,0.045645872415696315
0.5378091900624685,0.30494012718932384,0.21729533668068632,0.021638496319837063,0.040990657781874655
0.8013449374295278,0.3212540418653307,0.2317962613801188,0.020017515305408125,0.012745521334042751
4.805078755453033,0.34372761088241005,0.26862146042725865,0.016021155633845735,0.006992120938583554
3.935397364426677,0.24984689005910288,0.16518099786749219,0.018011171925939713,0.006565500367606815
3.069599590790114,0.28712295355592504,0.19586520405864866,0.021153252261555698,0.021539662844837146
2.7333969692005566,0.3647222307479062,0.2785399480189137,0.020528683338468953,0.008342824743827991
1.008090688111017,0.37647647805282064,0.2793598028920577,0.02157262271834813,0.0011744607496336724
2.331543654627983,0.37846116377630135,0.2762714645345906,0.021540429955260353,0.006616151463649384
1.1225314819215044,0.31044168273086015,0.22035161350625526,0.020652676137876927,0.002060801866775443
0.9494542733409279,0.3259132616524527,0.23158742991754191,0.023747159096260195,0.019089109062470615
1.5357485540873945,0.40246104910885305,0.30151235551289446,0.025474613457778662,0.01573150163678319
0.9304803872667885,0.37199136203375266,0.2691897210408327,0.028186723418719473,0.03304438685136112
1.0926872163380315,0.3920242701434228,0.2871026379382325,0.028173593064135687,0.053808294919148965
1.1057741445738705,0.3857456850644176,0.2783495459028085,0.030221045871436255,0.05427990527936044
1.5131523923788242,0.3347003590720467,0.2404969180453859,0.03037068316097871,0.04479163054967382
3.052290244648091,0.1632205169034481,0.07886858486846704,0.028257429295388655,0.036163812690316724
2.1239384798157146,0.20173284963345625,0.11466401257305403,0.028262137780452123,0.039181902486922854
0.6196982681285466,0.16703872642977635,0.08982109437553062,0.030427441787209845,0.023591383931965103
4.3032397864977465,0.15176386934616548,0.0643584822808429,0.03102352645672969,0.00943220819243699
2.254972347523328,0.21222946899381015,0.1329153918678323,0.03216634498157832,0.030407951862551415
1.0722370238313115,0.26457821278063337,0.17735597790079044,0.03139754607701824,0.021987041651820527
1.323435490564838,0.21531620271273091,0.13343088434797248,0.03233136834384467,0.007456847607483025
2.812384768465495,0.32039210286628095,0.23163810796974954,0.029590454623202152,0.004305781109535254
1.4334790248864533,0.28323206117530153,0.1936200694868309,0.03240391405435203,0.011205613339251503
0.9907899055095433,0.17238477475062497,0.09303204046563894,0.03327929588239122,0.006454274359748368
0.30599547439224317,0.18932058397891222,0.10467114902553395,0.033463938811847484,0.007922659992576664
1.5972830184769053,0.18503225615688929,0.10735403866894414,0.03186843795157845,0.0005728890378299302
1.3632540283595325,0.157493160675667,0.078554847597218,0.035262359653637894,0.0070961706475524
2.05533676744394,0.1623524592749586,0.07470837741526475,0.032900615451135415,0.006989030779322569
1.3213405669625042,0.132049675902046,0.057119482005809435,0.03348219056957195,0.02478096867862218
0.8197992556148019,0.20720593382126845,0.12302889051164786,0.03415529811536248,0.035760770916843744
0.41946235207467686,0.18654392842951362,0.10308591803225942,0.03377660530851054,0.035091011601012655
1.0173957576212986,0.12834386533338143,0.045628651925644026,0.033271441393889406,0.040574107662932804
0.42674144445193374,0.1404199939081736,0.06192906929514129,0.03315832566961973,0.02637965370121151
0.3952153621499299,0.11615516927927214,0.03561294693051796,0.037053140901615336,0.04514015326409394
0.532601883614788,0.15037224499046253,0.0644309493259814,0.03607502564255733,0.058004630248699646
0.4835356487251148,0.2561884508924003,0.16357533388378148,0.035611196513810735,0.05849037360657336
0.49780382689949365,0.20173684399450043,0.1117204105188386,0.0352382741517199,0.08401946340396901
1.4471511679390163,0.11436523654329141,0.03603706326831149,0.038775704749246395,0.07545869332489112
0.3560630059493933,0.13497923213895835,0.048564394611208,0.039182218019879686,0.07446854967900869
0.3348914218840948,0.09230297691527652,0.010188255699842358,0.0393800913225564,0.07371404449511766
2.8729547904109984,0.1474677861931586,0.056309133719912696,0.03694990439231357,0.07792050313379542
1.5687223247168853,0.1410679050719408,0.051508925795206044,0.037873831909023284,0.07116283983739696
0.5334812177403879,0.1925234276603689,0.10079352502428982,0.03767720845420158,0.05545323387228282
0.3424558179919185,0.1740159785145351,0.08923745067683267,0.03579517232345721,0.07257837563759133
1.711354902268002,0.25838976278935444,0.16665705941100256,0.038598844157527165,0.08445161810424247
1.0032498502957325,0.30769418343081556,0.19981049324119782,0.03945592843169324,0.06873508771198197
1.1690770155049595,0.23678031941817446,0.1390494391660298,0.03694539514747969,0.04907958540585958
2.34405771191093,0.3179799517488283,0.20733966944847315,0.03796254857483321,0.05390825632840443
1.4313213781704743,0.3881974746141368,0.2769096999189648,0.038612401305935316,0.048797857029442615
1.199338776403281,0.30186527990314016,0.20573747253402436,0.03608801950047305,0.05314054654474917
0.8244584214668669,0.35810651947574806,0.25097837916803234,0.03629782525238368,0.03673093836997619
4.219112580338908,0.43631380488864446,0.31205920089217576,0.03299230411323623,0.061038759846997886
2.872713200820158,0.43221585055718387,0.3123983601736389,0.03153415177835042,0.07972177348539192
1.6673937802423724,0.43685340755758845,0.3233647237723723,0.03039961102305906,0.06495871377870363
2.0041466369871195,0.42212567992521144,0.31325713843622766,0.03191066874249735,0.053373280895006335
1.473364174780284,0.4238470930072406,0.3116073890454655,0.030552809278587736,0.07295396723130329
3.084051661408449,0.4576766398335978,0.3329526904197466,0.03289537556663377,0.07868612808634795
1.3673505902506338,0.35635609873985863,0.255800277225148,0.03306528869691621,0.0567503799190397
1.5452418117076736,0.3236813360148931,0.21810766499264916,0.03373945181448707,0.06886692070222868
1.212911936169775,0.39549886518982663,0.28206267258480067,0.03478727532735253,0.05436365012372906
0.6497095378416232,0.3290916279155708,0.22318127148902245,0.036802909511815515,0.04121051336141238
0.7898905729202595,0.29196192189257714,0.19016087988946823,0.03579543333588639,0.040063123596434276
0.9433842430875629,0.2516734825823181,0.16159715805649283,0.03551483794941053,0.0405200451696628
0.496502018959215,0.2880529942762658,0.1911423879089475,0.03558386406531299,0.04357533868814639
0.5377846623583068,0.3125837228779047,0.21188374814096092,0.035093300892832704,0.0022537952646400905
0.6263074924527546,0.29232620312988056,0.19577822480577367,0.035277813563048634,0.013258266117274972
1.3593965390847083,0.2541329218298404,0.1634340388198131,0.037052042957052105,0.042824040263512775
0.8628456107671145,0.3608940796488649,0.25203831118495723,0.037847722699872306,0.03560209093510786
1.249300178624346,0.2964870273694291,0.19980199544539684,0.03740709059513121,0.03290639252415425
1.2623770268602803,0.2995898469396595,0.19426570292913967,0.03696547650882054,0.0339815606984587
0.5256277479393624,0.31277501599051183,0.2103707680837303,0.03616549455567628,0.018643828150393206
0.8435857783009458,0.35272245296992843,0.2415987597765385,0.03843430204914459,0.041200322977445976
1.0650046260112442,0.3297571920896054,0.229479503809089,0.035825185123055665,0.052489959367823
0.4539370383832479,0.257966070278104,0.16126909404475437,0.036098487745814645,0.04460559792720051
0.8530113543644963,0.3138334125332508,0.21614103326749579,0.034650205201393475,0.04123055227048511
3.9097334216392112,0.24283970175329034,0.16211324982932288,0.03304021515576768,0.044134964367499106
2.4173232859944216,0.31185800175607237,0.21924886257355358,0.034089171921962584,0.044937417940158805
1.36302690047793,0.2870299890152511,0.1845791405002103,0.03541487682345733,0.05228263705592282
0.868038371259998,0.28302720717184887,0.1862110650440931,0.03823899779436691,0.06362965220612848
2.2270291139730274,0.22788762293124343,0.12746583053477595,0.03875184788227924,0.06574953340537278
1.6113839576530011,0.3500210206257894,0.2465051020449061,0.03795125102116495,0.07487079903899826
1.4863503261893705,0.3458751901539444,0.2409230467674398,0.03954227948525295,0.05432017980458012
0.7105054778938381,0.34868219945445245,0.2392018554024959,0.03972084809124203,0.06298968062358218
0.7049097110604223,0.33066390147510477,0.22193026563704876,0.03903466810626046,0.04679444667380564
1.372319507745596,0.35272584535985874,0.24668109543206185,0.03921923139731493,0.054848504215372185
1.87271996661148,0.34654278107478714,0.24631269458290267,0.035698016272061296,0.04915647548913728
1.7991741702804656,0.361589484434777,0.26053814582639034,0.0340813846167902,0.058667192936440966
4.693991292015788,0.32987612360938484,0.24054562200706345,0.03223629172964435,0.04978827035710003
3.9167209861343264,0.24599602532132642,0.1499316622940606,0.030055979154313704,0.043747992708794266
0.29814705873195607,0.19568128562478196,0.1120472624535056,0.031099465590474728,0.04484607924974899
0.30245104727366723,0.1924066394036513,0.11103336010188249,0.028989412771596567,0.032236926372271234
1.067687557700209,0.16550275739545345,0.08702456076459258,0.033344233205631776,0.026035765436780677
1.011105308472145,0.1715659250917379,0.09236051505763275,0.033355071565915696,0.03381679364316928
0.33771898838105685,0.10665458008360472,0.026052943061091877,0.0361065246101689,0.025919321912870257
0.6362441183894887,0.14140366947928698,0.0626164571450281,0.03445021605535018,0.0331662407064984
0.3350979845651063,0.10812499164864872,0.02898419741229577,0.03453620096712951,0.021706615632134017
2.7417030029648752,0.1413632101263781,0.05341037194718819,0.034293328081974946,0.010452480305946837
1.1555283158833582,0.08228340591449598,0.004322330704720011,0.03204440617454697,0.007791792949458301
0.6537090151940521,0.07949060122746378,0.007333500654793466,0.03290837241850443,0.0145761604897614
0.3846798799598277,0.08754400434741663,0.01341479740334283,0.030652194016258294,0.0038106508574828613
0.30833624008708166,0.1855323019649745,0.10270334165073972,0.03205084719639906,0.0001241882517573926
4.811182131524728,0.14103472897362193,0.05437218503796473,0.03088387532088163,0.025135818994984314
1.34025951087262,0.09413488748825885,0.021384316462897,0.03447221731766194,0.020781151240692304
0.4201008658149185,0.07482854483175964,0.0025741079344475185,0.03210550258881319,0.04437082612716643
0.3049956083180817,0.14590695184962954,0.06531199661645248,0.03322420819376193,0.051376980146984344
0.43303481410982253,0.29123433485294015,0.1959944183597151,0.03232025034832718,0.039024042351752615
0.41298912093311774,0.28643912409681543,0.19053396412411247,0.033384534649337605,0.05161743461369242
1.0929386846583542,0.2937761165390678,0.19553065737755004,0.031021323323964005,0.04086030702154343
0.34814481099727335,0.183589527516268,0.10298941497937747,0.030678521573013373,0.05313365143230478
1.905100247269588,0.18076287004997468,0.10354113634327151,0.032610487196065935,0.04035198310452798
0.5494507559800346,0.20559777594555462,0.11731199540353043,0.03276849490417648,0.05399775603495785
0.5947906086600768,0.14579270295046431,0.06253338505791908,0.03352546195752866,0.047877742007372784
0.6374326470113584,0.23955620366950356,0.15404357387598616,0.03133136827042703,0.07595199005546407
0.8066993239067266,0.34530083544305307,0.25044811333862915,0.026649491251046036,0.08761675189181903
2.8114923906129143,0.43306801758438085,0.317722087999936,0.027073550421311276,0.0886303612077082
3.2346021429864225,0.47926591219678283,0.3561161617938882,0.028554573853304243,0.08141170764211723
2.9050701121556526,0.45843450800915686,0.3493464558499248,0.027774935559514435,0.06050766305636915
2.728557307791767,0.43665581178330326,0.3317266425377345,0.027528187602988637,0.07155324271653844
0.9498028601459014,0.3617677436253493,0.261495596836581,0.026076216716953888,0.09590836767999691
2.3612352030873884,0.4515300052948844,0.33629764402308154,0.02620496266375705,0.08737040574765524
3.009171207648462,0.4939555144648391,0.37860414887831206,0.026079287720100187,0.10227206452284227
1.3041617590476011,0.4068914307279332,0.3045000717076434,0.02495063428240717,0.09165791862347376
1.1173239462115303,0.39238649644830625,0.29338541992023937,0.023282966909680125,0.0891883391032919
0.42441363455830505,0.2900723831035583,0.20310504941005458,0.024294175614151158,0.09164565967771457
0.48232234852478745,0.2968676566123205,0.20676593622226866,0.02544983706331733,0.1084502455672906
0.7635082529682375,0.22886631067399005,0.15055062176603948,0.025855450190703285,0.10461342248648953
0.924766547681188,0.3460595879515619,0.25452007969342005,0.023967851216477678,0.11638803122173358
0.4429160207571803,0.28876097522592,0.20293365526416424,0.022354014281318245,0.11876785219962774
0.39349837177758173,0.26909437946244563,0.1890123346520345,0.020516527669368578,0.12119846614452479
0.30790655553233504,0.16286956988942766,0.0944990003329341,0.019893840972360122,0.142208881412088
0.4786049003716243,0.26365466592409587,0.18475855049878667,0.017546565096571615,0.14952619405029408
0.33087550772839036,0.24887570375372906,0.17314901794700766,0.017685502487217477,0.15738667873665285
0.9861315739786679,0.37500957484983477,0.2833029421991964,0.019018390941068306,0.15544431126209723
3.6859951882028734,0.4585786385773042,0.3596613587909848,0.019909071693358933,0.1816029404695974
1.985446834608585,0.45618098462416196,0.35027572447387034,0.02033954298355743,0.18710737746448391
3.1357996228203704,0.44545116440155474,0.3453491339696692,0.022362972154662864,0.18690515454297038
2.261615313382758,0.4370677360867988,0.33491813877981713,0.02347913182212956,0.18280505837231786
2.570629959743953,0.4850560039416322,0.36507978041318645,0.02814542940922119,0.18331598766305726
2.2791749430541914,0.4534479543429339,0.3356664687397035,0.028965214369814328,0.17046820469029808
1.4078112851250397,0.39710567812767544,0.2937419141886946,0.029318864149033782,0.16555858791002628
1.5326521684904855,0.32518816252476385,0.22209474295728565,0.031301495519456816,0.17146347561383743
1.5669714023041308,0.326297260787516,0.22181878311886571,0.03249761045531158,0.17486598437934756
4.5013753065212345,0.38465058828523335,0.2877526560560508,0.0321941692445566,0.16782582624268202
3.166424259595063,0.3968843623242357,0.2811069048117822,0.03172787159506168,0.16332674526820268
1.2060862068689748,0.39464543778834205,0.29013598724498935,0.02974351837108869,0.14682357498071566
2.243954688159187,0.3627371498308822,0.26904038576825656,0.02784560428461475,0.13136414117443768
3.812880375920939,0.40479080943954543,0.28928114175556585,0.029298821727823162,0.1296577454802583
1.4749167936290928,0.3295530123897687,0.22741165193632043,0.029886891750262958,0.14417303613187088
1.0119415591384797,0.34936327356583863,0.25441037227599356,0.027419011373436258,0.13824351146138317
4.37573469917351,0.3269575761699631,0.22248132516376873,0.02809479510786733,0.14087822837338387
0.8109695805939586,0.3515478596571851,0.2534963045863405,0.02899168185417236,0.13296038212476838
1.2228591574080376,0.36215257718774985,0.2602849485707825,0.026407170945156898,0.1283790168886287
0.8819226725167447,0.27652394554336357,0.19188928307578867,0.027019955420193004,0.14506924957712053
1.0070284967213026,0.320460060811523,0.22306693367329883,0.02747595050529471,0.12338129683133427
0.8489584114929981,0.26819782668204667,0.184191142408196,0.02729855010051482,0.1318579102690906
0.4313062456125154,0.20744056767031618,0.12338009068053479,0.029100291189810935,0.15330884100841843
0.9109348585609018,0.15438712251981346,0.07964158506796479,0.0303620514026256,0.15004977441464154
0.9687269505510245,0.09374123809843721,0.01664785155704017,0.03088216527169754,0.166334730949689
1.2577117807828415,0.15504220966065474,0.0811484292219647,0.030422959484942707,0.1602698772365345
1.7689434782163158,0.2051173706461745,0.12989807595457378,0.02806913615182561,0.16676772081525107
1.145889641205147,0.2118736617465726,0.12386439113023687,0.030179691292496334,0.16274881457253462
0.7180742582525583,0.23251263097701722,0.14649650248481572,0.03313893469983781,0.14649800138374613
0.4009527240540577,0.24262938266341907,0.15008889521654903,0.034156279835150724,0.1548116407131461
0.3474653614860495,0.23285127423191987,0.1449624300207448,0.03285269990267581,0.15694870930544555
0.46843946183986146,0.2173245339969373,0.1290030219016316,0.032146546508756375,0.15038694968761604
0.3303564801790008,0.18806398070909902,0.10453351797087271,0.033157540319360614,0.15542536994564327
0.3207875851336053,0.1214985984827477,0.041799963067322365,0.03472845768542886,0.129201235884783
0.3370624714678012,0.0904898850625803,0.01320080684092411,0.03477324451907882,0.1484904968454709
1.2512590943689983,0.12710071245668284,0.05301745163126589,0.033017344009531636,0.1138570047024612
1.0542402999849965,0.19259477703732836,0.11478102853021492,0.03016226954291159,0.11018441411023835
2.737484714989171,0.2723067193510802,0.1911946414053296,0.02831458554932566,0.11650625114955857
0.9031247514145806,0.29878827165015165,0.20318031978005535,0.028521091766245246,0.10028697580759878
0.6379506267166464,0.2895593371418179,0.20323301397143761,0.025887623673263388,0.12019176650108979
0.38724583554703024,0.26693649397832364,0.18037075021204924,0.02577206256340151,0.13601343736585822
0.38754030498737796,0.25088532108105144,0.16611165563110725,0.027747436081190045,0.10572145222802268
0.9177372144007632,0.20849777513667372,0.12496716297483385,0.026510962793201472,0.10221988309683451
0.8332633412108589,0.3201512397026315,0.2210748547391912,0.02986577422124083,0.1164460663074916
0.36840737215711405,0.26122181793964167,0.17256459723149156,0.028662704969646083,0.12053775378395745
0.6752375563468284,0.2733027441292133,0.18289240573106214,0.027100013330738068,0.13091020414152751
0.7568531249256877,0.2890029034613722,0.20447769479725775,0.024713113456993518,0.12269805360972501
2.713874525801065,0.2703560647897043,0.17654645743679326,0.026524044884494207,0.12296240480569824
2.2385567413793446,0.21890128594299688,0.14608998718612953,0.025087897434577948,0.13303750932451727
3.2930048202320297,0.2867710656300212,0.2068414549108148,0.02632372169549861,0.12697557305569493
1.082115250134867,0.3934961070911371,0.2916453871968948,0.02570837110870389,0.14417987461635406
1.1390938801500503,0.3703547450058852,0.27162003421074343,0.028264782772647455,0.14635512087389535
1.09819918473023,0.35059818844644897,0.2538297816313646,0.029476800357788633,0.14129589144190363
0.7867106510836023,0.33716133981863095,0.23657547169084195,0.02979066198039432,0.1227301944890466
2.7014665710946106,0.36642047332029115,0.2584566660216947,0.028574699553145035,0.1256531004912359
2.629380418447071,0.32853361229952743,0.2278988117789369,0.026245303215811044,0.1315931398817512
1.6163136052719949,0.357024491554954,0.250974463336735,0.030079692729272717,0.13674044398798485
1.1684354375012773,0.32146213796620826,0.22794525300989538,0.03084936359307017,0.11868890137818151
0.9187860026670784,0.3781790669184977,0.2728751917892894,0.031122856415538396,0.11474381510070988
0.6237115740292235,0.32858280920977945,0.22591544399996707,0.03635578984478961,0.1173746046021471
0.6023679102174692,0.3356680340005641,0.23124199526609354,0.035679851482388975,0.11843742764695028
0.8974292051447467,0.36244323155333763,0.2564090283965072,0.035670567660487595,0.11029507538803247
1.773321346601715,0.2584905045037021,0.1684571965673246,0.037077445259235044,0.10853064774415248
2.0154794078182334,0.2027894893870363,0.10502177818418085,0.03930401254332636,0.11865993530796612
1.001686061753116,0.2508023286231486,0.15803638379586352,0.03881926533491774,0.13146229238949117
0.3760249972164013,0.27896755174600496,0.17850162578798442,0.03933883842260557,0.14116290880238927
0.5654372145345287,0.3254562408914111,0.21974165153932324,0.039536128292726014,0.1422107012540217
0.6993976567961953,0.2970713648914458,0.19185935895364242,0.03928980771623907,0.1317660822775742
0.7803174003001772,0.31947592244451734,0.2158036126983406,0.040025916168867935,0.13871566997015403
0.9465813253514512,0.3218828698433961,0.21659102581754555,0.041974105459710746,0.11547201619005608
1.0607326662005305,0.38889239413879556,0.2748899054054852,0.03950388860394439,0.10898342383536314
0.7660442607415829,0.3475377711502665,0.2370891230489865,0.038829389132591395,0.09488255097945492
0.6547172159423882,0.2975593215028,0.1950920352556195,0.036598304967149185,0.09687109317867973
0.4635135710378722,0.24684089815737714,0.15438614133602058,0.036631787706767165,0.09772778262961664
0.29635988977745054,0.2037395367910084,0.11307822753839192,0.03790501628614506,0.09522188112478588
0.42507072060974704,0.2254424393558001,0.12935130125273622,0.03925988423435227,0.08187813501097123
0.9256077222091189,0.2013453612226792,0.10446093007995418,0.04064486197866726,0.0685865798686708
0.33070221824752744,0.16574418134511607,0.07615421652264708,0.03961011307738806,0.0616275968605016
0.4192152490937948,0.12458805471315462,0.040095541089562724,0.03768341584261355,0.07294662377466068
0.4097571799079653,0.11751175401765276,0.03571829143201533,0.035677388291876874,0.07336674324129086
0.8319207764358568,0.1408946623188747,0.05207359946354355,0.038858130280366776,0.08748848796304728
1.0527884547807995,0.10223996718556458,0.01876522342571659,0.03630360558821231,0.08089214726099678
0.7767825686193032,0.12716218587995334,0.04306954634849455,0.03554356531193119,0.09916791895581531
0.3594899656541024,0.11169327260219374,0.031534639298634926,0.03502857559163391,0.08205878676901364
1.5514173175247608,0.11546993950897855,0.03041770006289124,0.035684397126010736,0.06960791981246554
0.33887359575439757,0.08436956558247277,0.006936567381903416,0.03533705112209991,0.09287827883897182
0.3028672498041025,0.1969006484733047,0.10841921254508587,0.03583137362463403,0.0881026593571387
1.215799000762837,0.1572571322808888,0.06728564765669354,0.037491403935916,0.08671436236957869
0.333457772016871,0.13888172295521595,0.05294639291909996,0.03998787529027559,0.08263441281625289
0.7302367042069797,0.1348782275364167,0.05293961156848561,0.038641245522015887,0.0808331165814729
0.4844324543566076,0.08799801152503575,0.0072784017103953505,0.040113888381185896,0.10788735553638648
0.6631110597650751,0.16071945126169018,0.0681641898670379,0.04131913925125073,0.1065905708336531
0.46423595557881103,0.11812646856618253,0.03302530275538733,0.04204347478757841,0.11101750714009773
1.204358032926283,0.15276933185663105,0.056578148147310714,0.04427600576778781,0.11613712820944158
0.3416846384987707,0.1143187760423168,0.02670882399213743,0.04374133648387313,0.10540606117970915
2.7355107867194275,0.11624535802535461,0.021160117220826974,0.04396982086875853,0.10512012837677091
2.6314015073285972,0.09616409419704314,0.017732181426632635,0.04266992032657964,0.09421497455924922
0.3880101071522495,0.13116958021038888,0.04674340072795064,0.03971345530908725,0.08540601871528421
0.33562036941163703,0.1054712681690802,0.02122742843975234,0.040121781823817565,0.08654699310217755
0.36321297211802117,0.22127491752293832,0.1274795731536389,0.04020327234615278,0.08984818128039111
0.29712740698775897,0.209838005718032,0.11559217596731558,0.04077305980765102,0.08560511091380024
0.7402022367854535,0.19943412803284322,0.10102562700965588,0.0429438813022831,0.07110566955796413
0.594977770674929,0.18221564186276176,0.08708085715950153,0.047040985990190555,0.09309532815116814
1.4131947359458346,0.13895287976417303,0.052217897584567845,0.04508237333522543,0.08991726812632513
0.6986915016442414,0.11190167571263192,0.021345948954164497,0.04364256375750189,0.09319718581664563
1.7261041112577544,0.21223838626142372,0.10879151695895378,0.04442739321432785,0.08741330420492319
1.2232786205471196,0.33081734141408514,0.2201255423482374,0.04694324032434622,0.07539053217976728
2.0668455108129375,0.28285085191213166,0.16942423885892519,0.04573354946511948,0.08030152463498391
0.9604766739919939,0.2521755896127222,0.14383966678501092,0.04653028239742735,0.0756237134587035
0.3161984374325692,0.13431350551486754,0.04156812650579826,0.04627637379011203,0.0655864861765332
0.7244678480483279,0.13985867585660638,0.051535791434700474,0.04459879312893552,0.07928047359967216
1.0073181258739499,0.16136970066833806,0.0734830665641991,0.043133529976513374,0.07533594050409703
1.9019703377276647,0.14950152780728004,0.06331790561198744,0.04460224939810129,0.06549900844692841
1.6197331049435928,0.07981672865138788,0.00018912459037069562,0.04316178377047701,0.06366614716493721
0.31859700176148154,0.1277478695523377,0.037975311869232156,0.04398059672917576,0.081656688914124
0.3984233469536849,0.0967829360472934,0.00523172294452192,0.04744796907873844,0.10072401328959323
0.33806853224264327,0.09163036929550847,0.002112617888508267,0.0469113004002454,0.10853730729193908
0.5186200201074986,0.13686834144846827,0.042186641137251936,0.04636720297339527,0.13139087266021657
0.3323943005186139,0.11522317449990808,0.022817970695455776,0.04828378209356316,0.1279199720207762
0.34403607856122354,0.15719206526887444,0.06463273368872241,0.04527404344824444,0.12321886253858641
1.4027641106642195,0.10965773133617675,0.025502118118076858,0.04496717404599316,0.1218445048642863
2.3385591437389466,0.15493965130359377,0.06883036264796871,0.04495150123419242,0.10610638461217507
0.43954443289135287,0.09237060955743898,0.004668824052191364,0.04363248958464296,0.10209762442863271
0.43153108918985356,0.14748319935169626,0.058172100409525786,0.04356465762816737,0.0982147294175975
1.0497789232382924,0.15544240640475238,0.06056350938578722,0.04302444719766012,0.09953187849432504
0.4858958433322494,0.15968088452862303,0.06519406781568124,0.044094933811417616,0.09453652280779744
0.605958862826964,0.16974871495925514,0.07426651490559256,0.04355613643674772,0.08791097705325773
0.39957241034043295,0.13824114874580337,0.04805570973700608,0.04230544047365478,0.08081472213893415
0.4947858783031426,0.11664712627673632,0.03227192212612008,0.041593952269417415,0.0940566718463165
0.535890435336182,0.12729982423812572,0.03902824154623158,0.040628287397881165,0.0906606610704869
2.2848097212411242,0.16181125691771855,0.07906273871173186,0.04084061149965728,0.10576680155518764
0.8562989828615243,0.10214584092391388,0.01965165838513793,0.042384189400378504,0.11216498483298956
1.8364285931919142,0.13520274298921173,0.0537425520412213,0.04104438266272456,0.09826598659158554
2.1886104498086927,0.09455156806632625,0.01654456436960699,0.041566681269572345,0.07742094884487268
1.828645462707483,0.10611687113746687,0.016556952454378937,0.04053726395573359,0.07160238816171757
0.333371249921424,0.16408100939711606,0.0728397250821488,0.04136855582730018,0.050321582088152184
0.3406837950647998,0.2028590333574519,0.1082589368508198,0.0407628488069329,0.06639140052377913
1.0375318035399164,0.1893255312162253,0.09803920425422705,0.04391497368990538,0.06390880017315713
1.3481839179903978,0.3289202550810889,0.22160097737083898,0.04415134627202723,0.06848939754059535
0.820545153736853,0.2708256628696672,0.16228010191126085,0.04498820341122555,0.06340908578070859
2.8224784879203137,0.19624061743633028,0.09398201875424124,0.043213947497444366,0.05821899833608403
1.9841003710004028,0.13613375519684162,0.04804735733149968,0.04784162524875838,0.05916060706429926
7.638394127495037,0.18314354681667186,0.07349884682485816,0.04764506618601343,0.05423684531143294
1.972459098179444,0.11113561640913056,0.015520791685311529,0.04592841382062087,0.05770277545156443
1.4585242461588734,0.15483520710749638,0.057716656330084715,0.04433081358188659,0.053737203356812625
0.7188350631709337,0.1311464463164873,0.04416467629861952,0.043886474713311495,0.03399506295844937
2.0351048007004438,0.11912538804004334,0.03637609556827705,0.04398677965005011,0.03902333867545921
0.3968725310945805,0.1064439531300457,0.018118034220431532,0.04558977804296069,0.01820261985605756
0.7451944022844187,0.144653260954376,0.05446523952271074,0.045924770629693974,0.008265069150121731
0.3373300219852231,0.11687230315722028,0.024715189961442723,0.04659474924113624,0.0002480726085755027
0.5818266630061645,0.16431433330145703,0.06306253548554527,0.049641785044845906,0.0035346403000881526
2.7688174338679943,0.11913245253866653,0.02075409512519196,0.04669602894927023,0.001476760639445479
0.3531004536823634,0.0969129998661841,0.009388936328140054,0.045042434558375886,0.010752058666584512
0.38043170519086733,0.14470991232644156,0.05006637238787738,0.0460850025919763,0.015650608885470402
1.3362749058924137,0.11999425294618045,0.03425634851903225,0.04536468482720648,0.021086626023965452
2.309078928562765,0.09740071694690869,0.004799272650288112,0.04347243694410701,0.020409648090400516
0.3560509019399006,0.16974635521280382,0.07704124596089765,0.04193830352820433,0.026566367878867445
0.9099651512225001,0.19785630736143806,0.1013994400676872,0.04053462898685009,0.042759767204717275
0.4610231656716477,0.10059372807833881,0.016686236115248373,0.04213749880618519,0.047130460600830516
0.311092370873172,0.1352002470000747,0.044353217086151114,0.04446757457354552,0.044577838496544925
0.5244370920319404,0.09709283793467108,0.00418950639505062,0.04787581862242042,0.04825606938564442
0.3137527013959619,0.1583805570430734,0.062967603056864,0.047434382937345684,0.04224047339462822
0.7678544987140097,0.19419999448000497,0.09599478808339174,0.04955567517632951,0.07160204757958627
0.35643235045224925,0.1298307576051559,0.03483440737057737,0.04833666212395318,0.08441694828609818
0.39225578137886624,0.1463138492065642,0.0499921899238986,0.047786365576935885,0.0851251951531277
0.4213522964423883,0.1472053101793728,0.052065294561721015,0.04933971306051536,0.07773558540457327
1.4918431563254662,0.10236913932844618,0.013265626241723838,0.05067030187274885,0.08072307812831502
0.9414687713701243,0.14429722535651307,0.03897221426990655,0.05486708635730189,0.09317247048967968
0.31558802093302735,0.14898834936757616,0.0457752417893455,0.0554370881681035,0.09512161923111413
1.8779948839291245,0.11995318362274277,0.02398227000209892,0.05700446139809656,0.09880937095501327
2.274297809509197,0.21123810689952657,0.0946094630485834,0.05703037993128582,0.10682575325670066
2.126872450635092,0.2626506911093205,0.15238539964588818,0.057865089689332926,0.11920293414999206
0.629319739716167,0.2628920111409463,0.14483358143092315,0.05639731832713683,0.11165423145610034
0.3265464664283662,0.25280961981734085,0.14066474848131563,0.05415203519969941,0.10220392057376207
0.3619160605798431,0.2729311633180754,0.1546438751957208,0.0581755496933818,0.0945435507825171
0.5105630572558083,0.3196249002814943,0.1956961956771949,0.057954525387676294,0.07828859279654027
0.7239320168421841,0.28698495155603826,0.16815000774840377,0.05958621776807117,0.09081727297775874
0.4742345348721707,0.2928470482574035,0.17035996998327924,0.06094618651320317,0.08651206230367119
1.106895389171805,0.2943602197790008,0.16414996834836001,0.06340547428092731,0.09694136752864091
1.2257427136518313,0.38984588741159143,0.24561055345603122,0.06601882193388366,0.09108258199563574
3.717146379556545,0.4132412546309063,0.27452201485649524,0.06854512904125393,0.07890302419811794
5.311496264568348,0.3050086544556191,0.18174470514426994,0.07077586043116091,0.07754981957976613
1.0064090502082634,0.22892904624523774,0.10020473649116333,0.06949501014044386,0.06079103367994529
1.7866731861094847,0.24154569146597676,0.11316865712121386,0.06602629083448806,0.0526083351946737
1.5228759768126774,0.2568633583464244,0.1318145611485417,0.06128911917308871,0.03603782561038649
0.3126113054954874,0.2241484701559776,0.10766359211307693,0.061827706540384324,0.0456597917730896
0.31929178596281005,0.1550333947751567,0.04491165821537242,0.06255747355618514,0.038232516714425846
0.5618747714386892,0.22272952616853975,0.1031853644802573,0.06234332395834721,0.05337452648199905
1.2016607424107921,0.1611399152471548,0.05625223611830629,0.060677019667437763,0.04538973228777158
0.8604232873461739,0.13932022952230588,0.02766039776442731,0.0617570288384364,0.045274430217646766
0.539349309469895,0.18827766353609918,0.07263676113159205,0.062057370224191014,0.03915686527002336
0.9654067856164554,0.18213161423070715,0.07177985318558969,0.06330043683353685,0.01054815144772702
2.4266323496190587,0.22179802969263218,0.09757109871261,0.06276851371906007,0.013906191635917137
2.203634250394367,0.19406275093514566,0.08537937042899241,0.06324605973911275,0.006285899374933065
0.664906441346733,0.17441965095116174,0.060797494336266335,0.06067175413087324,0.0006722496904331713
3.648163736863818,0.1378846750372304,0.038111340436554925,0.06196686705346028,0.0037367875136718634
1.202426426862039,0.16372472581533679,0.058536453908862966,0.06051180504013974,0.0014615209754597533
0.4565035806355611,0.2125842084212703,0.09887694133451966,0.06142183518613784,0.004559477002199998
0.47491586991828405,0.2675574234406231,0.1457150416986967,0.060087551150843056,0.023554329941426873
1.3959344887446699,0.22039362055108808,0.10238788913318275,0.058539823394963594,0.028538138256536838
0.3674303441827421,0.20119875509573837,0.09272053031192012,0.056907656163530294,0.021725157582889724
0.7696923178221676,0.15833024954093294,0.05642333170006411,0.05663291108894905,0.03989172714742014
2.278749953333643,0.18509631138371307,0.07003656458536689,0.05794173268424515,0.04478624622373871
1.3034270811596673,0.155340559489419,0.044536791481128435,0.05818979366665833,0.02146659937916119
0.990483802789733,0.17639808081912706,0.06416744776395641,0.05830714168374107,0.02932215274140601
0.30696681758810646,0.15074232108303826,0.04644515192749398,0.056762678139130676,0.022644994854723904
1.4540934251887019,0.22183268724410005,0.11593049709925249,0.05614986468287601,0.02993223855911456
0.3593901983790477,0.12812515775832511,0.02927767822522212,0.054055828346317183,0.032318396094015524
0.5499873591728649,0.11109250674185477,0.01407451579625709,0.054869201136485315,0.02072619748651912
0.29466515151841766,0.1948928770360125,0.08546413522645094,0.05716616698588041,0.021155284278976717
1.125284310488245,0.29436501327878606,0.1779050482502238,0.05709838456964891,0.021346694922534094
0.3690990193449011,0.20306296595091125,0.09372358422661188,0.05768747013916531,0.03804874919798103
0.3365049347107386,0.1826723743394168,0.07676072948257803,0.055980719675145424,0.03137117470731912
0.3274452915412949,0.10799963028088241,0.006766642283822066,0.05741177349942236,0.029648007322794996
0.37240368931270573,0.1377682678430743,0.036183110269646865,0.05382177601536324,0.024738310291290623
0.6573414065825913,0.15552437687414883,0.05137130145322755,0.053255594134261175,0.02773128279142759
0.3465770154347731,0.1590259710285434,0.05707205811545908,0.054302130189972354,0.015219260049218433
1.3646622243100173,0.1295333547323849,0.02663197443180554,0.052501245408182996,0.00786310159284034
1.2931046884636719,0.18212356837415128,0.08353020220459154,0.05235956843868869,0.0004400977778472037
0.3493847019972558,0.2350499174913458,0.12772921537854554,0.04995430738063521,0.018537115880827168
0.39816037183306624,0.27712927429705275,0.16622523417467275,0.04909506995173871,0.021987577782314104
0.41552373604105625,0.2852610347400458,0.1728763487779215,0.05009427208326035,0.019501510292744433
1.4050984008983634,0.2616546148743589,0.15835449805375154,0.04886698721032781,0.02922862521802829
0.8702179842438316,0.27713232260660214,0.17103534034106016,0.04818042080385093,0.032423201613321635
1.1795965944096518,0.1805676082070931,0.07918237511304016,0.046554026224465535,0.0308116022157605
0.3358596796049724,0.2453194335523058,0.1403994184249293,0.04684289509187285,0.014525383159444339
3.1023126268007903,0.15751081701740566,0.0709821466487148,0.04616963773442778,0.01348683701653633
1.5423295030512643,0.11939241998051217,0.034366411127243264,0.04521945408578212,0.035536234302894626
0.7313998203477803,0.12679911376527994,0.03788215383823285,0.04624731173387154,0.03494662138841491
1.2968592868627278,0.13215449653490774,0.04127192156248267,0.0494319249953512,0.03674102566483757
0.4024671587384141,0.11273125441796286,0.02106294988077205,0.04849343295135252,0.02363076947311507
