1.000000000000000000e+00 8.602996750494958178e+03 6.412904346043122317e-01 5.307185558839457862e-01 4.830152854256784985e-03 5.893658586371851305e-02
1.000000000000000000e+00 8.959291466888879540e+01 3.950367685835217135e-01 3.077260784166379604e-01 6.080243013992162396e-03 4.821985678344440501e-02
1.000000000000000000e+00 9.790273282887334005e+01 3.233344959167616106e-01 4.735138865789789708e-01 6.403042197111463718e-03 4.049475041966588140e-02
1.000000000000000000e+00 1.045093225535405850e+02 1.279588461823799594e-02 3.687582430490878860e-01 7.479973657755830709e-03 3.305634691918693524e-02
1.000000000000000000e+00 1.019758812116302522e+02 1.764307947278392075e-01 4.481892305498960671e-01 7.341088685319727136e-03 4.933089156044800222e-03
1.000000000000000000e+00 1.013795993317275048e+02 2.615474482819448721e-01 6.702388131045617925e-01 7.865479390770126200e-03 1.480057709923535830e-02
1.000000000000000000e+00 1.021927500816990459e+02 2.621173240548886896e-01 9.058470070037738520e-01 8.241692907300240262e-03 4.789170527004111416e-02
1.000000000000000000e+00 9.527124015093716025e+01 6.422530445088319162e-01 8.685875832834525356e-01 7.069846286241770160e-03 3.371977834215567071e-02
1.000000000000000000e+00 6.805331939800157670e+01 6.162692104076004096e-01 6.074484942295239609e-01 7.075993431387127448e-03 2.121661421644189388e-02
1.000000000000000000e+00 5.948633810329685900e+01 8.988929992592291640e-01 8.814990206910395809e-01 8.465862835462707042e-03 1.277810083707814522e-02
1.000000000000000000e+00 3.031508204078022928e+01 8.904855841426881913e-01 8.283152275992323732e-01 9.226805476421373955e-03 3.547003904792377788e-02
1.000000000000000000e+00 3.038536833107947999e+01 5.299543656978020767e-01 4.566308491370650868e-01 1.071474422039884154e-02 5.962882974144564918e-02
1.000000000000000000e+00 1.367084527423706319e+01 5.664401672416606859e-01 4.649881025335555473e-01 1.132915152948871761e-02 6.766812146398726302e-02
1.000000000000000000e+00 1.048900762732175096e+01 7.607929427224574548e-01 6.604518514942686602e-01 1.264314702663477813e-02 3.884026602352363272e-02
1.000000000000000000e+00 1.272343756236442758e+01 7.214005642689266251e-01 6.329640303136446766e-01 1.103289246422501507e-02 5.252393645851578113e-02
1.000000000000000000e+00 9.468842668645777394e+00 7.707158683356881701e-01 6.631639575362956451e-01 7.850884888799904149e-03 6.501571271823437803e-02
1.000000000000000000e+00 5.292009870073619560e+00 7.562221418342249812e-01 6.532859220492525099e-01 4.126099932789025100e-03 4.434413449193407020e-02
1.000000000000000000e+00 5.451061648069330801e+00 7.267907246546148059e-01 6.170944362623052015e-01 4.045274622266869721e-03 5.695085815059788836e-02
1.000000000000000000e+00 3.432987721620000876e+00 6.412904346043122317e-01 5.307185558839457862e-01 4.830152854256784985e-03 5.893658586371851305e-02
