1.000000000000000000e+00 2.119990095140286940e+03 4.829638147163414219e-01 1.521605085183037886e-01 1.375911911562700384e-03 6.403276674002082725e-02
1.000000000000000000e+00 6.691875923493928013e+00 5.424270287185158912e-01 1.993656710078230421e-01 3.188034778927625705e-03 2.904321636845481891e-02
1.000000000000000000e+00 6.473495412440381180e+00 5.251055999050346923e-01 1.676799128153495522e-01 2.544171217342476067e-03 2.769349756780371125e-02
1.000000000000000000e+00 3.919370639753160912e+00 4.994524311586308607e-01 1.537796522587978054e-01 2.687730950276421508e-03 3.028862107909576634e-02
1.000000000000000000e+00 4.892691676437384452e+00 5.292858444853998368e-01 1.879154809807879745e-01 4.545264755518238498e-04 3.365542701231752365e-02
1.000000000000000000e+00 4.428807206033397392e+00 4.932505912606899856e-01 1.782842819334009843e-01 1.044286486935355708e-03 3.160635129928807130e-02
1.000000000000000000e+00 3.815279596512851867e+00 4.841579134522100425e-01 1.695389640006397525e-01 7.682133064970446618e-04 3.827051505438621576e-02
1.000000000000000000e+00 2.508295835463902002e+00 4.873226661131971893e-01 1.659180084359450080e-01 4.123487283059153489e-04 4.043897712459004062e-02
1.000000000000000000e+00 2.284248240078504022e+00 4.901909399372161857e-01 1.593777282501496750e-01 8.593115692970113061e-04 3.729027151063082218e-02
1.000000000000000000e+00 2.981864719813836384e+00 4.850250957289530263e-01 1.668227011725102460e-01 5.312564258628941268e-04 3.723157481924304485e-02
1.000000000000000000e+00 3.030228591277464467e+00 4.821897627055778957e-01 1.632682460424796089e-01 5.540911970351257822e-04 4.000362791774410287e-02
1.000000000000000000e+00 1.689724164871961420e+00 4.936590208606587704e-01 1.691601450818261410e-01 8.404094752090276966e-04 3.991223587042818516e-02
1.000000000000000000e+00 1.380510444190420349e+00 4.976430738018197686e-01 1.638073223536846146e-01 1.448904124330507252e-03 4.626086416355871395e-02
1.000000000000000000e+00 1.441974935385221146e+00 5.139439238247219821e-01 1.748978194011412413e-01 2.259368399958568314e-03 4.466737189855277124e-02
1.000000000000000000e+00 3.888892660140805813e+00 5.305085151708166524e-01 1.832759310295243582e-01 2.729166298239208820e-03 4.159652613911023200e-02
1.000000000000000000e+00 4.361828160102613872e+00 4.823437771497295357e-01 1.697983302950497875e-01 1.653133171896587232e-03 4.953181362002424121e-02
1.000000000000000000e+00 3.984810929067655216e+00 5.271742805363952566e-01 1.838369925581462005e-01 1.029183885941327165e-03 5.049935552532729133e-02
1.000000000000000000e+00 2.261734856254977277e+00 5.197474540417588162e-01 1.830728952749478555e-01 1.912124055324512838e-03 5.882177012925695475e-02
1.000000000000000000e+00 1.983786679237259376e+00 5.001280482243865011e-01 1.631013308257626138e-01 1.180749039395605736e-03 5.892762075267081456e-02
1.000000000000000000e+00 1.596251166657707721e+00 5.069244609319303319e-01 1.790948360166332853e-01 2.500646323012727275e-03 5.348249943105157223e-02
1.000000000000000000e+00 1.061419856591589994e+00 5.070415041837528225e-01 1.708454136561177727e-01 2.191873134868125780e-03 5.580408155272160997e-02
1.000000000000000000e+00 1.167970784693943997e+00 5.013618981837401067e-01 1.741557933988085727e-01 2.922002425954293905e-03 5.014591186376624737e-02
1.000000000000000000e+00 8.966800711286122549e-01 5.077985838050895762e-01 1.744653709357523730e-01 3.105873947073328929e-03 4.493050802765805735e-02
1.000000000000000000e+00 1.845340758008805260e+00 5.155541904109869344e-01 1.731435399877359615e-01 2.785133336745421878e-03 4.677658312761850956e-02
1.000000000000000000e+00 1.110077998551748601e+00 5.094490687905230963e-01 1.758684769065039788e-01 2.914050265514983758e-03 5.153386746941618357e-02
1.000000000000000000e+00 1.233845476192932278e+00 5.043839201449231702e-01 1.747469801297116820e-01 3.261813000444077192e-03 5.321992883218821385e-02
1.000000000000000000e+00 9.108119974802428853e-01 4.994706997266439852e-01 1.682470152465724844e-01 3.477457997930517072e-03 4.948717332795256330e-02
1.000000000000000000e+00 1.799860217560592446e+00 4.988725091374607845e-01 1.726103045558246007e-01 3.869592427727464382e-03 5.347134034523204349e-02
1.000000000000000000e+00 2.074620842180508795e+00 5.173055957829744145e-01 1.825405698212714534e-01 2.967116696032431021e-03 5.449291279464313353e-02
1.000000000000000000e+00 2.609082272173143036e+00 5.100300743010325322e-01 1.657545954793738230e-01 3.569448313737233047e-03 5.307273784920549242e-02
1.000000000000000000e+00 1.424958629650996844e+00 4.945447871123863082e-01 1.660527049075936901e-01 3.658064142596079409e-03 5.656570293647601722e-02
1.000000000000000000e+00 2.620197296839976708e+00 4.952504851471489777e-01 1.749034929420428819e-01 3.287918805960262422e-03 4.812474282741189407e-02
1.000000000000000000e+00 6.748228106787053093e+00 5.047051658111205708e-01 1.876899860574694490e-01 3.754468866492888246e-03 4.322027083575935569e-02
1.000000000000000000e+00 5.238115930058765635e+00 4.820396139584015582e-01 1.678165682043621654e-01 4.776180641592773363e-03 4.124084108775571272e-02
1.000000000000000000e+00 3.540835684918976600e+00 4.882978456715829640e-01 1.703761799092365914e-01 4.624648886351011116e-03 3.337416756915646820e-02
1.000000000000000000e+00 1.518431264203667252e+00 5.035292649886684568e-01 1.659179932462856721e-01 4.584930548930788059e-03 4.202879723377893340e-02
1.000000000000000000e+00 3.113300231346242342e+00 4.865716248467093497e-01 1.633292159267649701e-01 5.156192566199946717e-03 4.639766002350032698e-02
1.000000000000000000e+00 1.879716843020764028e+00 5.135812618822054310e-01 1.734085739983599050e-01 4.544351665491858962e-03 4.245491063548140903e-02
1.000000000000000000e+00 1.915050627732895139e+00 5.190579307835125888e-01 1.806588872259810019e-01 3.871973518931956341e-03 3.921300260998287351e-02
1.000000000000000000e+00 1.191276319519742666e+00 5.091598576088327555e-01 1.752047057845928235e-01 4.014413060738534524e-03 4.155572883123587191e-02
1.000000000000000000e+00 3.729451161983063479e+00 5.197172794685652741e-01 1.692141453705494625e-01 3.217038139938678890e-03 4.115967225548794461e-02
1.000000000000000000e+00 1.769433002040720515e+00 4.928771228113750236e-01 1.713216759224336916e-01 2.875160300872580191e-03 4.347336362146845407e-02
1.000000000000000000e+00 3.009445383925218209e+00 5.142241940336200745e-01 1.866507502001381325e-01 2.628121043119833414e-03 4.810611592610536391e-02
1.000000000000000000e+00 2.713635638420511587e+00 5.224989148831842289e-01 1.779053271671278136e-01 2.924319128157517895e-03 5.026825507927972642e-02
1.000000000000000000e+00 2.072610313071799659e+00 5.076664699398822922e-01 1.812701838541100896e-01 3.208334229139492722e-03 3.460541829256464502e-02
1.000000000000000000e+00 1.727148274308444087e+00 4.982202927377237245e-01 1.751267580208585029e-01 3.026187445989291566e-03 3.541301046916494472e-02
1.000000000000000000e+00 1.893795701474410009e+00 4.981904805072436271e-01 1.757828827384586012e-01 2.683952637379174479e-03 3.857772653586261091e-02
1.000000000000000000e+00 1.186632943568485477e+00 5.123929747856240668e-01 1.731472569295082753e-01 2.926957646732583282e-03 3.983673751403996738e-02
1.000000000000000000e+00 8.483738580250497208e-01 4.957260006904994354e-01 1.689224341787638750e-01 3.066673568946446608e-03 4.063241812600963676e-02
1.000000000000000000e+00 8.047611529838716304e-01 5.077115688725659659e-01 1.714748056025145462e-01 3.278120011838180428e-03 3.984804145197571451e-02
1.000000000000000000e+00 2.827945607127115846e+00 5.130352879836677094e-01 1.649141857642771603e-01 3.840954917244767709e-03 3.145662512609544159e-02
1.000000000000000000e+00 7.116764871646633628e-01 4.963779639903610486e-01 1.656872341301711127e-01 2.329563241406546869e-03 3.752067946514734548e-02
1.000000000000000000e+00 1.989999242313163608e+00 5.031263915417103494e-01 1.610058005005315374e-01 2.760054766346574807e-03 3.188147147152817912e-02
1.000000000000000000e+00 2.998025355842421913e+00 5.236640041019927638e-01 1.774719183549694490e-01 2.359645745250044026e-03 3.657425899727508728e-02
1.000000000000000000e+00 1.296871256033540254e+00 5.063311010444869753e-01 1.683512164657212651e-01 1.934903018151036850e-03 4.789187373379392987e-02
1.000000000000000000e+00 1.250859070407511542e+00 4.994458181657115414e-01 1.644847029114743786e-01 1.700005050662927071e-03 4.243455005315617534e-02
1.000000000000000000e+00 3.527113734292165681e+00 5.162795773712124392e-01 1.877883407546811489e-01 8.556304472803477612e-04 3.528024248955421993e-02
1.000000000000000000e+00 3.033506973046837807e+00 5.257057550630700460e-01 1.814835876508960055e-01 2.206713816928929355e-03 3.800862948484449305e-02
1.000000000000000000e+00 1.614865768161832138e+00 4.927043237370362649e-01 1.583788323280568844e-01 2.336009889228407924e-03 4.490612158825918465e-02
1.000000000000000000e+00 1.625006489186226810e+00 5.012373491172200657e-01 1.634748178615026692e-01 1.772791058483568589e-03 5.115961263219497013e-02
1.000000000000000000e+00 1.724240929709973003e+00 5.097122134946844296e-01 1.720090024824191266e-01 1.206703058240133578e-03 5.469960995559418337e-02
1.000000000000000000e+00 1.721328436071688950e+00 4.987273431777841104e-01 1.640702035146560378e-01 1.065927574216347365e-03 5.660258259433032652e-02
1.000000000000000000e+00 1.730232938933315534e+00 4.960314409224323984e-01 1.733916019737461456e-01 1.495556321821702849e-03 6.740799886091916604e-02
1.000000000000000000e+00 3.829848149308809013e+00 5.204630213431562513e-01 1.736113198863397933e-01 1.209597215384382394e-03 7.235880779383209449e-02
1.000000000000000000e+00 3.268548629774335801e+00 4.934470739392833871e-01 1.760387846899953423e-01 2.069887300929861181e-03 6.517073645287950467e-02
1.000000000000000000e+00 2.415021125573007854e+00 5.175646868710434001e-01 1.757266933257204122e-01 2.792347590206005307e-03 6.812951605101194574e-02
1.000000000000000000e+00 3.435972268299056331e+00 4.965810719788024130e-01 1.564137204911039414e-01 3.360123149994041075e-03 6.769694628237973855e-02
1.000000000000000000e+00 2.197220798612805837e+00 4.832972054795914851e-01 1.570646427618008767e-01 2.400284898551344366e-03 6.713351455658971012e-02
1.000000000000000000e+00 2.063934217375097191e+00 5.146215074545996693e-01 1.830901013076805250e-01 1.887122679093873774e-03 6.112252501132742905e-02
1.000000000000000000e+00 1.774967635399186561e+00 4.993437532485506258e-01 1.759337009909838767e-01 1.900116798321353122e-03 6.144952570002496645e-02
1.000000000000000000e+00 1.403214119556993378e+00 4.941714534445691420e-01 1.623966982737816422e-01 1.455704424846496897e-03 5.420201844686135806e-02
1.000000000000000000e+00 3.365072328925927447e+00 4.829638147163414219e-01 1.521605085183037886e-01 1.375911911562700384e-03 6.403276674002082725e-02
