1.000000000000000000e+00 1.088927228563169258e+01 4.904701203014825150e-01 1.582676698596921505e-01 8.903762926436974839e-04 7.055302094712831429e-02
1.000000000000000000e+00 3.325689259058565383e+00 5.248827358566826584e-01 1.899924918305835320e-01 3.089376657572153861e-03 2.294453590360817641e-02
1.000000000000000000e+00 3.517969298836879144e+00 4.794051092946394199e-01 1.498780191339714185e-01 2.451152172215672123e-03 1.307179990269177923e-02
1.000000000000000000e+00 2.454339235496653782e+00 4.981928986286079386e-01 1.564187350155321343e-01 3.142616760744525953e-03 1.704795012203983925e-02
1.000000000000000000e+00 2.216137067574814434e+00 5.138242849982541660e-01 1.836411069792351358e-01 3.126784461448765123e-03 1.303032767905270076e-02
1.000000000000000000e+00 2.886971242772288004e+00 5.032369115628314571e-01 1.808743883701569577e-01 3.257451991645504610e-03 1.824313728560065379e-02
1.000000000000000000e+00 2.288486758304141055e+00 4.940825464199161132e-01 1.737297918428363230e-01 2.838331183506587890e-03 1.667812557203584081e-02
1.000000000000000000e+00 5.560098944919332986e+00 4.685482381604723634e-01 1.566213906834737213e-01 2.742828788609911420e-03 2.284393633173978713e-02
1.000000000000000000e+00 2.417166150083969622e+00 5.100750907103140941e-01 1.645744592836121400e-01 2.752250217018804325e-03 3.155066852529904431e-02
1.000000000000000000e+00 2.340631863189167383e+00 4.958940177212056710e-01 1.566039138937768138e-01 2.396321342069408257e-03 3.572563444031968960e-02
1.000000000000000000e+00 6.224272559518365000e+00 4.695355832503228521e-01 1.601608989768124602e-01 2.745098375618492108e-03 3.182365948860446658e-02
1.000000000000000000e+00 6.226753678531447456e+00 5.183454921939856241e-01 1.624485303835397632e-01 2.376342660644449340e-03 3.605328034417608352e-02
1.000000000000000000e+00 3.254049367439209028e+00 4.772609636711668823e-01 1.581564773662309242e-01 1.237561775861792000e-03 3.108197055535558834e-02
1.000000000000000000e+00 3.701095582694895914e+00 5.182556334636753137e-01 1.699405260454174005e-01 1.742327138435090109e-03 3.300052706594057417e-02
1.000000000000000000e+00 4.261091429204789449e+00 5.218441984691988278e-01 1.767608173876782096e-01 5.529296843274861348e-04 3.405183543116295508e-02
1.000000000000000000e+00 2.009922049882718831e+00 4.970585059647659176e-01 1.741187306969066984e-01 9.158573541948637157e-04 3.508740155772358676e-02
1.000000000000000000e+00 1.604912642110859045e+00 4.985297773340141014e-01 1.700195223707918757e-01 7.225605334325831738e-04 2.494467536711398106e-02
1.000000000000000000e+00 2.339350500626666829e+00 4.842582063140651316e-01 1.625623567471428388e-01 1.118853874105355537e-03 1.542573904907598367e-02
1.000000000000000000e+00 2.608168089981272697e+00 5.081638143033146982e-01 1.644537565507549759e-01 1.899525718266502697e-03 1.660727946328573179e-02
1.000000000000000000e+00 2.926565031395566674e+00 5.111839498190745568e-01 1.626985719446442380e-01 3.860629797595985756e-03 2.106265934243829741e-02
1.000000000000000000e+00 6.201788312078789778e-01 5.056962828327667969e-01 1.694569236153548042e-01 4.025535095343629050e-03 1.923206392452786115e-02
1.000000000000000000e+00 9.148620780308269751e-01 4.920488198344100117e-01 1.608263112736153244e-01 3.793118499039137975e-03 1.818173628804106018e-02
1.000000000000000000e+00 3.965122025057207455e+00 4.733936703295871795e-01 1.567842784495980801e-01 3.487179151666801053e-03 1.659174140651647339e-02
1.000000000000000000e+00 9.534923890514030997e-01 5.055394612417417610e-01 1.678292391690024421e-01 2.788830436168627646e-03 1.523745593702366050e-02
1.000000000000000000e+00 1.360540489226322869e+00 4.963955878160256074e-01 1.619090281143706622e-01 1.978052266205319615e-03 1.828099053533632778e-02
1.000000000000000000e+00 1.278876443553553122e+00 5.023812619529518519e-01 1.668800726791985489e-01 1.632332278735851901e-03 2.167898476903232230e-02
1.000000000000000000e+00 1.430189848375637895e+00 4.939353501362322985e-01 1.711382735332606930e-01 2.444339736185254918e-03 2.639229234008969027e-02
1.000000000000000000e+00 1.876397307436920459e+00 5.196303793376758628e-01 1.825416129796551823e-01 3.310695302979083012e-03 3.428822458726961397e-02
1.000000000000000000e+00 6.053223820399785682e-01 4.961577477098229050e-01 1.675664066887655457e-01 3.083864247939317044e-03 3.120182977503374935e-02
1.000000000000000000e+00 3.469450626355410350e+00 4.822108562461434045e-01 1.664931125931920497e-01 3.566802584883880904e-03 3.066984493874086101e-02
1.000000000000000000e+00 8.586376458789729549e-01 4.972575978062376278e-01 1.678999173410173629e-01 4.339044021155730180e-03 3.237968866061509410e-02
1.000000000000000000e+00 1.138527773073665816e+00 5.057891952540582992e-01 1.658582853325112072e-01 3.682715140921642011e-03 3.383183155572642986e-02
1.000000000000000000e+00 2.376302306182745294e+00 5.234666238513195902e-01 1.794716859289762212e-01 3.297692974168490738e-03 3.260922762714825451e-02
1.000000000000000000e+00 2.344764549801540365e+00 5.243257433150334546e-01 1.807054289679356218e-01 3.863309153140002949e-03 2.365686783054817693e-02
1.000000000000000000e+00 2.158093547307553095e+00 4.805167240528517292e-01 1.556002743834848656e-01 3.247400037812644188e-03 2.143116857042443035e-02
1.000000000000000000e+00 1.629041610307379040e+00 4.848443202596243728e-01 1.569989233049052246e-01 3.839448503983013822e-03 1.815390887547899124e-02
1.000000000000000000e+00 3.211368263134536605e+00 5.262688154905443838e-01 1.779500071215101009e-01 3.384332882594314786e-03 1.721110244331581010e-02
1.000000000000000000e+00 3.712971379084983425e+00 5.317670022893999926e-01 1.888557546668255260e-01 3.423185011078947685e-03 2.274372983712914797e-02
1.000000000000000000e+00 2.809439319262615697e+00 4.952882813476818247e-01 1.550448820288692908e-01 2.314809407045391020e-03 3.041627525013106820e-02
1.000000000000000000e+00 1.743058244071120866e+00 5.111016173845305266e-01 1.675496068261166649e-01 3.097090362260983623e-03 3.268559465140798148e-02
1.000000000000000000e+00 8.861976132348905466e-01 4.922665748506042660e-01 1.649892870098348674e-01 2.283975830466248875e-03 3.306402452221288146e-02
1.000000000000000000e+00 1.555480733664170279e+00 5.094577502179613582e-01 1.795448865548486539e-01 1.715838570863054222e-03 3.538131556001090222e-02
1.000000000000000000e+00 2.811568686080779145e+00 5.192633000157320655e-01 1.778278010729072989e-01 1.108312516057998603e-03 3.608947964949230092e-02
1.000000000000000000e+00 3.175103878685027414e+00 5.175268200932906515e-01 1.858272149642619941e-01 6.522524671008730381e-04 3.777188289914795716e-02
1.000000000000000000e+00 2.750865033617285960e+00 5.191373953562768984e-01 1.844177441732879064e-01 1.081325856883722566e-03 3.196695847896743187e-02
1.000000000000000000e+00 1.907445941433361769e+00 4.842137563826841018e-01 1.575577366250634215e-01 1.921460285517157061e-03 3.922694050917344133e-02
1.000000000000000000e+00 1.929851399135120715e+00 4.820259874043571480e-01 1.567015803826910247e-01 2.752569721231273338e-03 3.221354026882267130e-02
1.000000000000000000e+00 2.590696691161622489e+00 4.794457732307919606e-01 1.532763009034478208e-01 2.681646607489846391e-03 3.481821893641295906e-02
1.000000000000000000e+00 8.644132787556834119e-01 5.055764476077155845e-01 1.684160649576547653e-01 2.576196999836981218e-03 3.262233800957993479e-02
1.000000000000000000e+00 1.486029189991134647e+00 4.886527548040305868e-01 1.660069663437772070e-01 1.902737596730394963e-03 3.583433666745818036e-02
1.000000000000000000e+00 1.073951518262182603e+00 4.884680764005863707e-01 1.625189199310219101e-01 2.958826718665576172e-03 3.139025979816995049e-02
1.000000000000000000e+00 2.101616116558201686e+00 5.023752370273236734e-01 1.782929313262105464e-01 3.612499537502001160e-03 3.175105682692682535e-02
1.000000000000000000e+00 1.010388389800468856e+00 4.902963099548660053e-01 1.651115114842263143e-01 3.145056344919296490e-03 3.049300130436110451e-02
1.000000000000000000e+00 1.770242886923565795e+00 5.052148697264453592e-01 1.793869267310403137e-01 2.919787895553642171e-03 3.082772986742589316e-02
1.000000000000000000e+00 1.991301507107430480e+00 5.179227089351725599e-01 1.726074703178703540e-01 3.630870299974380423e-03 2.265130666839851314e-02
1.000000000000000000e+00 1.004385615987421376e+00 4.948415854860564456e-01 1.691501141727028423e-01 3.715029502572038140e-03 2.149885909154736208e-02
1.000000000000000000e+00 1.115390109857991918e+00 5.112202928581034422e-01 1.785023040266531802e-01 2.872421827745486739e-03 2.843768724474644155e-02
1.000000000000000000e+00 2.862928622603846396e+00 5.248026601581098349e-01 1.812033904062958778e-01 2.172876587161795547e-03 3.143494988095618670e-02
1.000000000000000000e+00 1.418971877410364568e+00 4.857813023964780985e-01 1.591598583437988934e-01 2.643549103110372483e-03 2.746734843191592570e-02
1.000000000000000000e+00 4.671525412820892065e+00 5.337738709080526167e-01 1.918505362324305630e-01 1.914148390667332750e-03 3.582309028597217143e-02
1.000000000000000000e+00 6.135052814697076196e-01 5.034473620794708282e-01 1.722685053382507492e-01 2.823054481233508092e-03 3.459408683584482697e-02
1.000000000000000000e+00 9.183230523121704847e-01 5.092229065593845139e-01 1.721605245461183542e-01 2.513460382434750014e-03 3.349634586594315427e-02
1.000000000000000000e+00 1.959126822568591830e+00 4.945487108962644540e-01 1.735963967758672732e-01 2.375336529576606986e-03 3.407400489716855274e-02
1.000000000000000000e+00 2.734720197628887295e+00 5.254916706186920639e-01 1.843118180958428221e-01 2.609239741887306105e-03 3.883895495659636654e-02
1.000000000000000000e+00 2.515345656138352926e+00 4.804227478856067379e-01 1.608140718289834126e-01 1.704088270953114850e-03 3.994151249846007723e-02
1.000000000000000000e+00 3.997481524173137846e+00 4.896982996761104490e-01 1.750159370105564549e-01 2.037973400473567717e-03 4.266368947496430863e-02
1.000000000000000000e+00 2.927229287708390082e+00 5.012000150455205860e-01 1.798159143214742850e-01 2.934709246401193475e-03 5.107237163393251594e-02
1.000000000000000000e+00 1.687771056341570652e+00 5.040058343721326439e-01 1.636247816911881592e-01 3.541672987374416218e-03 4.617682445330891644e-02
1.000000000000000000e+00 1.432079014334447953e+00 4.888391687085742454e-01 1.638547859004949592e-01 3.559053984933680578e-03 4.544531250755815682e-02
1.000000000000000000e+00 1.587267582467317473e+00 4.955040992807983047e-01 1.597224605257460406e-01 2.504953918817415248e-03 5.225792541635476685e-02
1.000000000000000000e+00 2.375995089515130942e+00 4.845465191377248404e-01 1.557615063145806056e-01 3.122555368678883812e-03 6.027251398258261922e-02
1.000000000000000000e+00 2.151364397277407470e+00 4.957774252159592443e-01 1.590829536130679844e-01 1.627656701322833036e-03 6.360271704538633664e-02
1.000000000000000000e+00 2.934045192727124718e+00 4.879288848061454353e-01 1.608952030242607745e-01 4.731545513534003711e-05 7.058532298176672937e-02
1.000000000000000000e+00 2.915040941378453265e+00 4.835387538250393025e-01 1.611885409779507394e-01 2.875566720594317153e-04 6.413595539172106674e-02
1.000000000000000000e+00 1.624916008472875761e+00 5.138237098669145020e-01 1.760468810458594435e-01 1.850468247028868142e-03 6.474828560158493729e-02
1.000000000000000000e+00 2.329638679918419442e+00 5.074793540199097341e-01 1.820590106023512178e-01 1.807890313282685315e-03 6.033525996522690060e-02
1.000000000000000000e+00 2.478388957247434909e+00 5.081388364054062468e-01 1.666299584172703241e-01 1.214363279855260914e-03 6.395768459971941378e-02
1.000000000000000000e+00 2.432670954850762790e+00 4.904701203014825150e-01 1.582676698596921505e-01 8.903762926436974839e-04 7.055302094712831429e-02
