1.000000000000000000e+00 2.462808938536609276e+02 5.106194060183498751e-01 1.739193471612533182e-01 2.691723948988831560e-03 1.312635231023335201e-02
1.000000000000000000e+00 3.934368920001195136e+01 5.017759460360654566e-01 1.133452025900146265e-01 3.341131171716584750e-03 3.689742526374915205e-02
1.000000000000000000e+00 2.178806500340504115e+01 5.517900775335671248e-01 1.704380991044808502e-01 3.955399630807402908e-03 4.804807269062157105e-02
1.000000000000000000e+00 1.217588254428961037e+01 4.813159165404849449e-01 1.794854177433051201e-01 1.856527364128365224e-03 4.234505077358369923e-02
1.000000000000000000e+00 1.292160182343108588e+01 4.581246635248399923e-01 1.324693089432054383e-01 2.076223172675353921e-03 4.009477965223160606e-02
1.000000000000000000e+00 9.737289519465326393e+00 4.937752672517664587e-01 1.415846706557282453e-01 2.189546711107472066e-03 4.592187400623027466e-02
1.000000000000000000e+00 6.906945317556687058e+00 5.255784074819371821e-01 1.669510965150790560e-01 2.993747806498433736e-03 3.874924660428211848e-02
1.000000000000000000e+00 2.627274651298495911e+00 5.175230036431691660e-01 1.702386413092631667e-01 3.343025897417921562e-03 3.584247425361134637e-02
1.000000000000000000e+00 3.695783547316473516e+00 5.302922699096225267e-01 1.829376287230027598e-01 3.165748594003762757e-03 3.567206557172885456e-02
1.000000000000000000e+00 2.385832184235803677e+00 5.078099417666827042e-01 1.631198971745308757e-01 2.618306170330954568e-03 3.087394213811646415e-02
1.000000000000000000e+00 3.104878618880836161e+00 5.193434348733698691e-01 1.886669102033469436e-01 2.569280527935997611e-03 3.059139827575560466e-02
1.000000000000000000e+00 1.067080701681638155e+00 4.935917364434613264e-01 1.687481358901147532e-01 2.181384021582820788e-03 3.068459404426385900e-02
1.000000000000000000e+00 2.101580265712109430e+00 4.823782634739191000e-01 1.622414143192500713e-01 2.577969520379600355e-03 3.393411458686309418e-02
1.000000000000000000e+00 1.801697361572384803e+00 5.170517427411251976e-01 1.745437650322674006e-01 2.627965777349192730e-03 3.298895092698537340e-02
1.000000000000000000e+00 2.387481979644860086e+00 4.803915682828437395e-01 1.573971477768524307e-01 4.329163745457607557e-03 2.923249049796749002e-02
1.000000000000000000e+00 1.344535411167559591e+00 4.909462491116503569e-01 1.622206187298745605e-01 4.602513774271378699e-03 3.532189254555190283e-02
1.000000000000000000e+00 1.940206179210902881e+00 5.075761158020487551e-01 1.756679831837100469e-01 4.633122149295517724e-03 4.666007490600118657e-02
1.000000000000000000e+00 2.122180994509113905e+00 4.887743834020348843e-01 1.652290475138884773e-01 4.171140524400743579e-03 4.887966929818212541e-02
1.000000000000000000e+00 1.680292926759281658e+00 5.162806626052823811e-01 1.757350924818372462e-01 3.549164490496192759e-03 4.390753230644783844e-02
1.000000000000000000e+00 1.983974103428131963e+00 4.961342575955083323e-01 1.576613358148907240e-01 2.763830727470985467e-03 4.205564962365435783e-02
1.000000000000000000e+00 1.882335817885887108e+00 4.824621059337092510e-01 1.600898822804808774e-01 3.301545858558189734e-03 3.213235005296064678e-02
1.000000000000000000e+00 1.720205492711218920e+00 5.171834796284240365e-01 1.757566514765372956e-01 2.551743189398765314e-03 3.537441123092524564e-02
1.000000000000000000e+00 1.448570473154944693e+00 5.130437365283826434e-01 1.775641230070764964e-01 1.748555512405564755e-03 4.027892709230736223e-02
1.000000000000000000e+00 2.598388489207596130e+00 5.193458252995354352e-01 1.766114961115949622e-01 1.564011128942346084e-03 3.513737864542412076e-02
1.000000000000000000e+00 4.686647046815415329e+00 4.930770031764581951e-01 1.787443906357099876e-01 1.791989519716279903e-03 3.534841059992444023e-02
1.000000000000000000e+00 2.517005631103399477e+00 5.170844025978368341e-01 1.708433270393236725e-01 2.890966946229415156e-03 4.002351726937732057e-02
1.000000000000000000e+00 2.864733570111314354e+00 5.267625642474950132e-01 1.825969894072662358e-01 3.119976189401507064e-03 3.353493751588208782e-02
1.000000000000000000e+00 2.533280581790180896e+00 4.838590113729400177e-01 1.522165044483898555e-01 2.919179069720723163e-03 3.376535800282203653e-02
1.000000000000000000e+00 2.883085004112052818e+00 4.833372949081062853e-01 1.538313604090966735e-01 1.445132082562681532e-03 3.228009427376833662e-02
1.000000000000000000e+00 2.029695787405966456e+00 4.941071294522152435e-01 1.624195282760823589e-01 7.912474757594597369e-04 2.421576700456212761e-02
1.000000000000000000e+00 3.709476460136217124e+00 4.903457279903579158e-01 1.741659596083149908e-01 6.803038371304055178e-04 1.541472583429908012e-02
1.000000000000000000e+00 3.761497947687524768e+00 4.981949033984041653e-01 1.608681155150779307e-01 5.169926313356582037e-05 4.368879251752012458e-03
1.000000000000000000e+00 3.164078202395343986e+00 5.002965915884697301e-01 1.620313739555254706e-01 5.677616056754790233e-04 2.203542956933649682e-03
1.000000000000000000e+00 3.236834253301257736e+00 5.208855161518708421e-01 1.863151403050447297e-01 1.048843093847687691e-03 1.254348727268081096e-02
1.000000000000000000e+00 1.722988176311843755e+00 5.069482902762985077e-01 1.776388618342281400e-01 1.571882324035469604e-03 3.517163273691271269e-03
1.000000000000000000e+00 3.142863701369720264e+00 5.190779092353098312e-01 1.806379598461060332e-01 6.592813066022195842e-04 5.045776273926158746e-03
1.000000000000000000e+00 3.156016829239796984e+00 4.824391026169059793e-01 1.645130117917683599e-01 7.839051789231087477e-04 5.816074423014544470e-03
1.000000000000000000e+00 2.821306150539954150e+00 4.838048389502494495e-01 1.651835224344112840e-01 9.230026581239132461e-04 1.613331037812101854e-02
1.000000000000000000e+00 2.435662723297067789e+00 4.835579013111457880e-01 1.617541442416992603e-01 1.057246217065358927e-03 1.655932902725400918e-02
1.000000000000000000e+00 8.965460707764683068e-01 5.033906363702647102e-01 1.668504987379825777e-01 2.625569880169946382e-03 1.656775621494747247e-02
1.000000000000000000e+00 7.565918857887156124e-01 5.094527962874026983e-01 1.722689340234086763e-01 3.245676502951665848e-03 2.328418212409798932e-02
1.000000000000000000e+00 8.307419870749132018e-01 4.927715067660285442e-01 1.619401585223823881e-01 2.857729594614400511e-03 2.947445147446021985e-02
1.000000000000000000e+00 6.829630361826105611e-01 4.950979631892424293e-01 1.671310668115897069e-01 2.673881920323037311e-03 3.273043686713960482e-02
1.000000000000000000e+00 1.259908847161985701e+00 5.121698328020621860e-01 1.769776047365813343e-01 1.989667473993149936e-03 3.751447902859902928e-02
1.000000000000000000e+00 1.294765640942325824e+00 5.039998867970868490e-01 1.642221496788987822e-01 2.796838468497300691e-03 3.211452626909827579e-02
1.000000000000000000e+00 6.525466077297124023e-01 5.041555274908668949e-01 1.707211220506715532e-01 3.746648020937597568e-03 3.583029396645483200e-02
1.000000000000000000e+00 2.832246928616863890e+00 4.867498718130968682e-01 1.694189245968318047e-01 2.960721232646795417e-03 4.235427443048971063e-02
1.000000000000000000e+00 2.574375715083779603e+00 4.830633460554223935e-01 1.531966863031707649e-01 2.162120029768786842e-03 3.015759873677534286e-02
1.000000000000000000e+00 2.524545363307550527e+00 4.804994948822572387e-01 1.548923897975859054e-01 2.047799781240887407e-03 2.192971355726049815e-02
1.000000000000000000e+00 2.364946642441682734e+00 4.873667302947891633e-01 1.687484115331901735e-01 1.786443069027786714e-03 2.730579043981668994e-02
1.000000000000000000e+00 3.511087785011950402e+00 5.259006884277919180e-01 1.903706602060783459e-01 3.520140956520581219e-03 1.751591735467663419e-02
1.000000000000000000e+00 7.960840958718208293e-01 4.931475935390017828e-01 1.624203125146108373e-01 2.993803203204738368e-03 2.019851574124465962e-02
1.000000000000000000e+00 3.046658977751928177e+00 5.210433572083806864e-01 1.745227718052560772e-01 2.112121520384765017e-03 2.150396571419205607e-02
1.000000000000000000e+00 2.199994657500829121e+00 5.086586208726256997e-01 1.656876272519629545e-01 2.071837837633680717e-03 2.026832173422523503e-02
1.000000000000000000e+00 2.228692681718518198e+00 4.830755358434763447e-01 1.537228643724337374e-01 2.756970166102616117e-03 2.669036858326907791e-02
1.000000000000000000e+00 1.823507115934897227e+00 5.014173824723372475e-01 1.762658494530547904e-01 4.111372082803106676e-03 3.112060462223315352e-02
1.000000000000000000e+00 1.991726022593762968e+00 5.137862381691684632e-01 1.790205265948778823e-01 5.529118417243135408e-03 2.590957517847114477e-02
1.000000000000000000e+00 2.933337692666921903e+00 5.176945761300741911e-01 1.716388691671224820e-01 5.879703675608056491e-03 2.952312358162129807e-02
1.000000000000000000e+00 3.689950895452550395e+00 4.867921795838970334e-01 1.496207336960519163e-01 5.702524904396193833e-03 2.168051896445525456e-02
1.000000000000000000e+00 4.419954655701448409e+00 5.044468658113333559e-01 1.544118755291137568e-01 4.552909762809018157e-03 2.333854389599385876e-02
1.000000000000000000e+00 3.312825362554479014e+00 4.780136790803441449e-01 1.510683434521916391e-01 4.978512993513569199e-03 2.597291782000201582e-02
1.000000000000000000e+00 6.767489454528410331e-01 4.957979150148213998e-01 1.651192661957620045e-01 4.246091233516569377e-03 1.995061584125935178e-02
1.000000000000000000e+00 1.208141198699333785e+00 4.977054732170765883e-01 1.721019234964979439e-01 3.662343735142892936e-03 1.682247680155742747e-02
1.000000000000000000e+00 1.477181183458766478e+00 4.872166263125094487e-01 1.590964427128436776e-01 2.638480489105738888e-03 1.289330425892979554e-02
1.000000000000000000e+00 1.114431064366887547e+00 4.934290993878380216e-01 1.603781211464151424e-01 2.793439115565608290e-03 1.670213116493652478e-02
1.000000000000000000e+00 2.146966131015720425e+00 4.838207282628259609e-01 1.636099910473492181e-01 1.808221518187168352e-03 2.482673976439399993e-02
1.000000000000000000e+00 3.509309577788726209e+00 5.271295488046147115e-01 1.827537525639353067e-01 1.804955495372847357e-03 2.480231301499940047e-02
1.000000000000000000e+00 3.534681343711011170e+00 4.862436362105101439e-01 1.709261566981672975e-01 2.382196823861177683e-03 1.916193290754927836e-02
1.000000000000000000e+00 1.750736499317276040e+00 5.133605236471450173e-01 1.696104961047852355e-01 3.413447994257479308e-03 1.313371053034902841e-02
1.000000000000000000e+00 2.952187123035951544e+00 5.167291551902697400e-01 1.687859589117823300e-01 2.830124419748148400e-03 1.453582787275249123e-02
1.000000000000000000e+00 4.365428497128607255e+00 5.320901190251333679e-01 1.821348610466652085e-01 2.887543881594091793e-03 1.891605780931105221e-02
1.000000000000000000e+00 1.844698410531252497e+00 4.922797889845104136e-01 1.576089959917224559e-01 2.088291089039008303e-03 2.475859077904325745e-02
1.000000000000000000e+00 3.693221703334297334e+00 5.108824563471491276e-01 1.631539285707386822e-01 2.020570466131639542e-03 1.356974801627676593e-02
1.000000000000000000e+00 4.079368859630084110e+00 5.090292341099535989e-01 1.618226430757665479e-01 1.625632313487167333e-03 9.370878749407320074e-03
1.000000000000000000e+00 1.355316025059266405e+00 4.950711813738576383e-01 1.678250281098009333e-01 1.687060647022651811e-03 2.310957512243499989e-03
1.000000000000000000e+00 2.075812095976549365e+00 4.846974286914752517e-01 1.582395053677488062e-01 2.232169029500064277e-03 3.600021098698029907e-03
1.000000000000000000e+00 1.806935927170007394e+00 4.858381166486098746e-01 1.599717904372693067e-01 2.061651338311209190e-03 7.877523151356022324e-03
1.000000000000000000e+00 1.256614117102289763e+00 4.986577698755610966e-01 1.611082491789423421e-01 3.096567371483006405e-03 1.555359002023192286e-02
1.000000000000000000e+00 1.354285179203816192e+00 5.141891702072974857e-01 1.730412368877694840e-01 4.336080329442350972e-03 1.354780303895741431e-02
1.000000000000000000e+00 7.630972606311177131e-01 5.051071102319875106e-01 1.711617750951719419e-01 3.979616773244903927e-03 1.133778826279224772e-02
1.000000000000000000e+00 1.051710935682411474e+00 5.106194060183498751e-01 1.739193471612533182e-01 2.691723948988831560e-03 1.312635231023335201e-02
