1.000000000000000000e+00 1.169384116395890771e+01 4.819306418510560519e-01 1.613112197066366438e-01 1.765905161549161540e-03 6.185096158315838560e-02
1.000000000000000000e+00 2.108040665854033602e+00 5.148133313318623561e-01 1.684832268621766493e-01 4.277639155706934940e-03 2.170559842336758014e-02
1.000000000000000000e+00 3.159293371763147729e+00 5.117561826006845616e-01 1.625255205785510193e-01 3.809799346173058966e-03 1.992803240269057363e-02
1.000000000000000000e+00 4.014114614601156816e+00 4.740135250407284673e-01 1.485912356627660524e-01 4.416485078959399291e-03 1.955437661623890544e-02
1.000000000000000000e+00 2.816712474326399818e+00 4.776075023428959510e-01 1.578740403092841194e-01 3.628956283724718221e-03 2.289598372295321288e-02
1.000000000000000000e+00 2.124806406653750646e+00 5.066169260219339776e-01 1.622200634164144561e-01 3.228502675841462069e-03 2.356038171847507634e-02
1.000000000000000000e+00 3.564617869799968641e+00 4.812241395748058648e-01 1.481948682260424144e-01 4.505181418717231490e-03 2.310788343195551570e-02
1.000000000000000000e+00 7.866327407706998898e-01 5.011510710310911332e-01 1.655917625918238434e-01 4.777245100425022740e-03 1.928300993443630984e-02
1.000000000000000000e+00 1.264776063012149399e+00 4.880520773328165252e-01 1.607588384924918123e-01 4.329092858219652125e-03 2.015652624002350554e-02
1.000000000000000000e+00 2.429723968969697889e+00 5.102424198002371014e-01 1.816623927386881165e-01 4.757210853120060270e-03 1.860419645946088246e-02
1.000000000000000000e+00 2.107751517194588420e+00 4.848573939323953530e-01 1.559352487969758727e-01 5.158343792601166253e-03 1.780084554025901725e-02
1.000000000000000000e+00 2.153444036097477365e+00 5.046969464393779026e-01 1.769449442153573360e-01 5.341326260548224028e-03 1.759044532031539890e-02
1.000000000000000000e+00 2.705215748074344617e+00 5.235680495805447032e-01 1.813380649343473705e-01 5.404250006647960160e-03 1.269870172359174182e-02
1.000000000000000000e+00 3.310895997454490036e+00 4.992922010239060904e-01 1.554507094122680178e-01 5.033194918434684591e-03 7.356766052075821780e-03
1.000000000000000000e+00 2.865648426981820762e+00 4.978309329689546980e-01 1.726828518257362832e-01 4.820494217187891624e-03 3.661236348650315220e-05
1.000000000000000000e+00 2.628930181618740036e+00 4.797188832525220437e-01 1.575950656195818089e-01 2.635647647440490186e-03 6.086318028131510426e-03
1.000000000000000000e+00 3.159958681831580130e+00 4.779192750548225121e-01 1.599818790422677106e-01 1.993637781379891706e-03 1.133945307161932266e-02
1.000000000000000000e+00 2.552623864267542508e+00 5.015295351756704489e-01 1.788711447310584735e-01 3.215662471862912666e-03 1.306126988552499396e-02
1.000000000000000000e+00 5.754287572575185195e+00 5.355574001722203104e-01 1.850080211301796118e-01 1.805925760965354206e-03 1.501470183187076160e-02
1.000000000000000000e+00 2.914806438693982926e+00 4.801801806679367179e-01 1.560462455288722239e-01 1.187003805513625479e-03 2.616114008711140429e-02
1.000000000000000000e+00 1.458266587708914708e+00 5.089140902984158332e-01 1.790420591908554460e-01 2.041615997498891742e-03 2.107522941208358688e-02
1.000000000000000000e+00 1.401198383200856989e+00 5.132743002344383187e-01 1.803346111975761834e-01 3.642580595424968308e-03 2.260508275973261566e-02
1.000000000000000000e+00 7.657859388514770549e-01 5.090039511264226046e-01 1.731070681590438920e-01 3.552269369486380120e-03 1.565385590936891821e-02
1.000000000000000000e+00 6.552416755259574677e-01 4.990801093226532870e-01 1.663854757938596496e-01 2.913081390545167910e-03 1.457328208350846740e-02
1.000000000000000000e+00 8.672021471753533772e-01 4.976744692698978345e-01 1.656427556981469595e-01 2.671477003772868963e-03 8.858726852279310421e-03
1.000000000000000000e+00 2.710429562778467361e+00 4.830681076315207489e-01 1.652517270957704065e-01 2.506668438158888169e-03 1.351608575431087131e-02
1.000000000000000000e+00 1.868292181989788858e+00 4.989039217604374632e-01 1.585887284571319000e-01 3.018134649829290646e-03 2.559113296440151952e-02
1.000000000000000000e+00 2.899757417945747040e+00 4.888886363267425650e-01 1.521615575637613738e-01 2.550368937084563498e-03 2.430446354564764697e-02
1.000000000000000000e+00 3.089363894697346513e+00 4.924368284822501773e-01 1.524199798102817138e-01 2.853911685841261162e-03 2.034860020936625838e-02
1.000000000000000000e+00 1.997759858231444419e+00 4.901866878217627788e-01 1.698883481276267093e-01 2.990349491680042385e-03 2.042015772611135288e-02
1.000000000000000000e+00 2.420516728133069950e+00 5.111830808768260681e-01 1.833997070940345808e-01 3.788725500211451418e-03 2.728279167196226429e-02
1.000000000000000000e+00 2.960772353262010270e+00 4.984606608655783866e-01 1.786809674663513148e-01 2.744903359202491462e-03 3.126985021924334057e-02
1.000000000000000000e+00 2.229912284568087433e+00 4.886392868226984154e-01 1.695826482804463631e-01 2.758438358938937809e-03 3.643864622964626543e-02
1.000000000000000000e+00 1.288126837227055788e+00 4.885926701731863053e-01 1.643806201810894541e-01 2.277169586986899086e-03 4.750693403381114205e-02
1.000000000000000000e+00 1.001563606710078824e+00 4.934065781609589529e-01 1.636772421995400517e-01 2.164499823564670737e-03 5.456726584656649420e-02
1.000000000000000000e+00 2.152012445658995077e+00 4.901850150169820841e-01 1.557711534284565436e-01 2.396977861708331214e-03 5.195822807394186171e-02
1.000000000000000000e+00 1.022454253575669103e+00 4.922194263008612403e-01 1.648518710298287338e-01 2.529547667931233805e-03 5.494264855258403080e-02
1.000000000000000000e+00 1.542468938307703041e+00 5.135599877461247686e-01 1.742436252797077700e-01 2.501124572590318444e-03 5.594823792612045599e-02
1.000000000000000000e+00 3.592629756606249281e+00 5.245060378829974335e-01 1.893460745277591450e-01 3.047126320414758789e-03 5.788677564537059173e-02
1.000000000000000000e+00 4.729326968715692914e+00 5.017136547228381316e-01 1.543636811630854366e-01 2.475150218682948232e-03 5.737864469639006315e-02
1.000000000000000000e+00 8.853452432078904311e-01 4.965614996704220685e-01 1.668876957849447229e-01 2.201229460654355232e-03 6.061600137621610263e-02
1.000000000000000000e+00 1.924792070542767686e+00 4.891111421588582586e-01 1.586247937603147140e-01 1.388411561499907319e-03 5.728768698771544848e-02
1.000000000000000000e+00 1.580192741074435858e+00 4.904710290437317988e-01 1.675735981230939975e-01 1.353841577743978035e-03 6.014308542679146913e-02
1.000000000000000000e+00 4.999339253054447596e+00 5.330864245408003521e-01 1.921646189843888020e-01 1.172681077306041847e-03 6.172639431546338845e-02
1.000000000000000000e+00 5.399143884541902416e+00 4.867865152779385363e-01 1.754741177331046731e-01 1.150522330029513009e-03 5.334261773809724494e-02
1.000000000000000000e+00 2.847168622669332017e+00 5.034894182897039494e-01 1.814101035176420851e-01 1.289470586836342133e-03 5.208809379835770831e-02
1.000000000000000000e+00 2.596832742325854149e+00 5.090619780178734510e-01 1.681229043914325427e-01 9.069223990345216813e-04 5.512559437127818179e-02
1.000000000000000000e+00 1.279917710418611687e+00 5.097263484120333477e-01 1.773724995428215545e-01 1.819113425091045287e-03 5.665465038810922616e-02
1.000000000000000000e+00 2.708997088821735399e+00 4.981693585171431682e-01 1.773800266457119246e-01 7.913817348837997191e-04 5.118273445327072707e-02
1.000000000000000000e+00 2.439782614036784203e+00 5.138886433938648635e-01 1.762338624800914855e-01 6.726235672799188003e-04 3.868356932445260465e-02
1.000000000000000000e+00 4.156464297647392669e+00 5.020857214297790305e-01 1.835584718659264147e-01 1.228504773782368963e-03 5.058014473027789421e-02
1.000000000000000000e+00 1.678578221073214527e+00 5.104969055028361069e-01 1.750846379018128063e-01 1.069179089445529071e-03 5.069584427112584085e-02
1.000000000000000000e+00 2.793735701736567822e+00 4.874588300617983538e-01 1.700247697112201029e-01 1.142854329267938875e-03 5.348878957798890860e-02
1.000000000000000000e+00 1.823451382640491003e+00 4.907041655615826392e-01 1.616428858336048380e-01 9.597081087061387975e-04 4.648226839594309101e-02
1.000000000000000000e+00 1.922332524229531492e+00 4.916814119925727589e-01 1.690596524225720376e-01 7.747502686744828834e-04 5.393976352200612057e-02
1.000000000000000000e+00 2.371217198833735829e+00 4.903481278546802380e-01 1.713732177437720661e-01 1.404158719733544216e-03 6.130026674564298395e-02
1.000000000000000000e+00 1.399643816342510672e+00 5.082839989465212094e-01 1.749911599967194642e-01 1.201995678952248996e-03 5.897566596161512437e-02
1.000000000000000000e+00 2.020348237963105031e+00 5.147166484006562293e-01 1.789427567289582077e-01 1.073366098371639687e-03 6.015204623482678370e-02
1.000000000000000000e+00 2.388055820864894763e+00 4.974548761904682426e-01 1.764876911048396668e-01 2.271356655024620898e-03 6.146711051066004045e-02
1.000000000000000000e+00 1.755074217003283366e+00 5.163676128282848055e-01 1.779998276290962189e-01 2.104954209443191115e-03 5.763774615089413411e-02
1.000000000000000000e+00 1.751671823220836588e+00 4.884915315897067623e-01 1.586297897123830347e-01 1.674736481954079096e-03 5.329598194171168007e-02
1.000000000000000000e+00 4.491015524504875955e+00 4.985635524996521184e-01 1.538376123099800818e-01 1.761681530028438424e-03 6.198715331038293780e-02
1.000000000000000000e+00 3.520314017743307655e+00 5.081305109180371815e-01 1.855313669658326670e-01 1.849936345722531707e-03 5.301914485514316183e-02
1.000000000000000000e+00 2.385599529169279975e+00 5.032197596483445334e-01 1.630788640392778488e-01 1.292160953784426969e-03 5.043242129608100505e-02
1.000000000000000000e+00 2.046812188559992141e+00 4.854283024000740077e-01 1.649431982208768854e-01 2.325034370177287389e-03 6.245445127732952156e-02
1.000000000000000000e+00 2.351157357426020056e+00 5.022564507975448844e-01 1.620535932156101921e-01 2.717840372638904989e-03 7.065804190549432318e-02
1.000000000000000000e+00 2.028341757127435585e+00 5.148484231888436069e-01 1.775689545039565720e-01 2.998907990666218638e-03 6.891432422716105288e-02
1.000000000000000000e+00 1.927282493362817872e+00 5.031767085121329197e-01 1.741108979505937293e-01 3.399501463660847649e-03 7.053205656916970712e-02
1.000000000000000000e+00 1.207622032741286766e+00 5.027430719119637681e-01 1.705243136355923950e-01 2.571668595753254499e-03 7.511447334256698971e-02
1.000000000000000000e+00 2.853363576633307197e+00 4.833658965626534965e-01 1.538010591584772491e-01 1.778784237628326138e-03 7.813045627594826514e-02
1.000000000000000000e+00 3.414541710766270555e+00 4.781737427325738476e-01 1.533179660280573897e-01 1.184819691475038836e-03 7.058568965411374241e-02
1.000000000000000000e+00 2.423724840228771882e+00 5.047591466199474741e-01 1.704770988433649270e-01 1.405158315441971256e-04 7.026817726395723218e-02
1.000000000000000000e+00 1.807610801959526059e+00 5.076978915962090388e-01 1.799989097199660437e-01 1.581425395626978462e-03 6.811817725717253524e-02
1.000000000000000000e+00 4.692700295356986295e+00 4.767303909745792545e-01 1.649036612147670722e-01 2.042760637055230418e-03 5.964008818506283394e-02
1.000000000000000000e+00 4.457992571540334126e+00 5.116959416306767761e-01 1.622885089083022370e-01 1.849642894129682703e-03 6.114774762705982303e-02
1.000000000000000000e+00 2.271646260336770418e+00 4.819306418510560519e-01 1.613112197066366438e-01 1.765905161549161540e-03 6.185096158315838560e-02
