1.000000000000000000e+00 1.917815421769638817e+01 5.018250367572777426e-01 1.751768708827163845e-01 2.129532989762236098e-03 1.683616361406584105e-02
1.000000000000000000e+00 1.593551675378242116e+01 5.449933148499569446e-01 1.726180283228164192e-01 1.695942177404482143e-03 4.071161149190107714e-02
1.000000000000000000e+00 1.125480433551944337e+01 5.404237318402130841e-01 2.099165500575009835e-01 3.497857097949003992e-04 5.922332256044648968e-02
1.000000000000000000e+00 1.216585828847721906e+01 4.913046258246837050e-01 1.872183429526228515e-01 1.008782854593988408e-04 5.249421185884674962e-02
1.000000000000000000e+00 3.543887959838113222e+00 4.803017636278955060e-01 1.598116904257973481e-01 1.451192224366930112e-04 5.705219131210079869e-02
1.000000000000000000e+00 4.200442418419339852e+00 4.995660624666207750e-01 1.570887884181280392e-01 8.016613622400976802e-04 6.064927823498750259e-02
1.000000000000000000e+00 1.306534436135799560e+00 5.065741046233751543e-01 1.771995883527579252e-01 1.832766178984828040e-03 6.121141872929069389e-02
1.000000000000000000e+00 2.094422229204468966e+00 4.848849344117950877e-01 1.600271124965089442e-01 1.125447391736414914e-03 5.258871262477077257e-02
1.000000000000000000e+00 1.450579823533010959e+00 5.080152612409112312e-01 1.750400135979098271e-01 1.111566398647002808e-03 5.280401114763111359e-02
1.000000000000000000e+00 2.181850398391631973e+00 5.168468844947073926e-01 1.779845704403901774e-01 1.278189732427767629e-03 5.290102913616306218e-02
1.000000000000000000e+00 2.060783791910738127e+00 5.140709014359287066e-01 1.796469207714914140e-01 9.739220880123689895e-04 5.291778808786008065e-02
1.000000000000000000e+00 1.038548676251669800e+00 5.062369704007572135e-01 1.735717643716791492e-01 2.825227101707423333e-03 5.803567900076623404e-02
1.000000000000000000e+00 1.869112115881264913e+00 4.907359356360628255e-01 1.681502030412838911e-01 3.300032651450513811e-03 5.565859968202639674e-02
1.000000000000000000e+00 1.809851772647017132e+00 4.955753293113001612e-01 1.662229671492260474e-01 4.139013484558105860e-03 5.686085283097364051e-02
1.000000000000000000e+00 2.362405072696414976e+00 4.856175803023370929e-01 1.637912046733799309e-01 3.438112644555982918e-03 6.030514965990988602e-02
1.000000000000000000e+00 2.206689037360656247e+00 5.037505184686158488e-01 1.754407372585373714e-01 4.166582484281724369e-03 5.590282951443008297e-02
1.000000000000000000e+00 2.423850498325483827e+00 4.924656280422128884e-01 1.625649706081397639e-01 4.354975561712068864e-03 5.988965490047059442e-02
1.000000000000000000e+00 2.588976605839484080e+00 5.065912722339221963e-01 1.724334540795780246e-01 4.867504777486171726e-03 5.537238040660301397e-02
1.000000000000000000e+00 2.493069558346249881e+00 4.893449790823985457e-01 1.557418563197577599e-01 4.392530231027318328e-03 4.619365178051820786e-02
1.000000000000000000e+00 3.892098824536768031e+00 4.972433132010166124e-01 1.556298205496095821e-01 5.109646130715832929e-03 4.563708213213345244e-02
1.000000000000000000e+00 4.222651998704894716e+00 4.789140213077641151e-01 1.566201984749336640e-01 5.407983017190053088e-03 4.516965679407289325e-02
1.000000000000000000e+00 3.747270917477087071e+00 5.293214011336260238e-01 1.863832216874532488e-01 4.189381606785469794e-03 4.264480873134332550e-02
1.000000000000000000e+00 3.007712953367799535e+00 4.782848746475136248e-01 1.575061792822170514e-01 3.855245537847749610e-03 4.489993885718074340e-02
1.000000000000000000e+00 3.963643554781196787e+00 5.092776384285482294e-01 1.616858266819338197e-01 5.040327963269083250e-03 4.208928596559433771e-02
1.000000000000000000e+00 1.592568413962002660e+00 5.041785360580541830e-01 1.628949208716503894e-01 3.488098216088548337e-03 3.683458339867561049e-02
1.000000000000000000e+00 1.093438751157068678e+00 4.926518905915646673e-01 1.642382280317669363e-01 3.873272170336218741e-03 4.217778230080025670e-02
1.000000000000000000e+00 2.243638187870099721e+00 4.874163791661416667e-01 1.538812546137771631e-01 3.390594078737529764e-03 4.052171189017132746e-02
1.000000000000000000e+00 2.356564948315926333e+00 4.876790810366912754e-01 1.657531347573580616e-01 4.712265347083604249e-03 3.600360817501625788e-02
1.000000000000000000e+00 2.141259063214988601e+00 5.087489574608262677e-01 1.670838085940350437e-01 5.539431759013901252e-03 3.384240382284189191e-02
1.000000000000000000e+00 3.592916151057750085e+00 5.069294475225757379e-01 1.803789733590421274e-01 5.595095317516657514e-03 3.658349195875486293e-02
1.000000000000000000e+00 7.209487746730815161e+00 4.650314364856146243e-01 1.471011150527035127e-01 5.702126381342694471e-03 3.111996710338977429e-02
1.000000000000000000e+00 7.048325485136269997e+00 4.760200205532707507e-01 1.411353129717349275e-01 5.802847779497606953e-03 2.974833183852149468e-02
1.000000000000000000e+00 2.914001456718070759e+00 4.971629167855080578e-01 1.714997742339230691e-01 5.968639372548160266e-03 3.498006918453083758e-02
1.000000000000000000e+00 2.913591424262238050e+00 5.018807242889493647e-01 1.758222602249563948e-01 5.472679002159874101e-03 3.804264592326141170e-02
1.000000000000000000e+00 2.897587405124106841e+00 5.121062656286740067e-01 1.694635598638997986e-01 5.612036957076877754e-03 4.043026290389815924e-02
1.000000000000000000e+00 2.330725435552877478e+00 4.850763801976114009e-01 1.631513640191706582e-01 4.501820266162346630e-03 3.741874640285110937e-02
1.000000000000000000e+00 1.626823833058126390e+00 5.108644937581271472e-01 1.749554018903989039e-01 4.512963289763598576e-03 4.343827997417116366e-02
1.000000000000000000e+00 1.533177292748370890e+00 4.870309398884891117e-01 1.626757987110547810e-01 3.819732760373815289e-03 3.838957596422212099e-02
1.000000000000000000e+00 1.068696065292451758e+00 5.038981708609762133e-01 1.718221142912344512e-01 3.749358843000274565e-03 4.824102857795813798e-02
1.000000000000000000e+00 3.682795135325662272e+00 4.757329275075001807e-01 1.571332131832799128e-01 4.189500092620623492e-03 4.010252507226554769e-02
1.000000000000000000e+00 1.853820672179382179e+00 4.860741422062458406e-01 1.602420238409456577e-01 4.191807357683700885e-03 4.223207959402167783e-02
1.000000000000000000e+00 1.865863793352344757e+00 4.989097589834425861e-01 1.730345418080629638e-01 4.768228949313904619e-03 3.536596615008049532e-02
1.000000000000000000e+00 1.719377223499633844e+00 5.103051767875701472e-01 1.670952101601566320e-01 4.294993028951010414e-03 3.323294849000239803e-02
1.000000000000000000e+00 8.746107335303299202e-01 5.047969417253687086e-01 1.719365293333036115e-01 4.719757937314244221e-03 2.751432608746176567e-02
1.000000000000000000e+00 1.721122355056642572e+00 4.967690047212394155e-01 1.587580744449079984e-01 4.930882294163342269e-03 2.925227440386668487e-02
1.000000000000000000e+00 1.419731626868782071e+00 4.901963019204733651e-01 1.571827569044517703e-01 3.114223299172076600e-03 2.515330722975452071e-02
1.000000000000000000e+00 1.178790050875172524e+00 5.055155528528318953e-01 1.658402971712840124e-01 2.771239510725553856e-03 2.659584617856418712e-02
1.000000000000000000e+00 1.630125459914301356e+00 4.855810159113795876e-01 1.625537462742533967e-01 2.019905522832625509e-03 2.832015235359239616e-02
1.000000000000000000e+00 8.811849490207360747e-01 4.927151442904582068e-01 1.663963170733581687e-01 2.403875775844447477e-03 3.308589890564714309e-02
1.000000000000000000e+00 2.507951375266142424e+00 5.238730369090616179e-01 1.843963122129988752e-01 3.273207748130216831e-03 4.022751090760462445e-02
1.000000000000000000e+00 2.708237452565065428e+00 4.784877787313802644e-01 1.549821238783226918e-01 2.860197477244707381e-03 5.013605345210152275e-02
1.000000000000000000e+00 2.535936386035559487e+00 5.060390595398158720e-01 1.629341005991618851e-01 2.287121207124384083e-03 6.065025778225420494e-02
1.000000000000000000e+00 2.015469857444911472e+00 5.191539270240361770e-01 1.810520087670361711e-01 2.390420523757768364e-03 5.460326207705899076e-02
1.000000000000000000e+00 1.474986613387477608e+00 5.016976923563447599e-01 1.760866243754719007e-01 2.014540522306311043e-03 6.035772416467584389e-02
1.000000000000000000e+00 1.082847705811769146e+00 5.056089670660677271e-01 1.728248174932758563e-01 1.539709413695171435e-03 5.910909859138696598e-02
1.000000000000000000e+00 1.574397592820427683e+00 5.026287430981837279e-01 1.768597851094850237e-01 1.547248244531050339e-03 5.730500284375450448e-02
1.000000000000000000e+00 1.395822756323748859e+00 5.094880024561680987e-01 1.759098350618411577e-01 1.339247973621562069e-03 5.448114556240984258e-02
1.000000000000000000e+00 2.251035786529286487e+00 5.105893968455138543e-01 1.720967631217556748e-01 7.703004633613256755e-04 5.634083759738495872e-02
1.000000000000000000e+00 2.028982135250951835e+00 4.936265225586565220e-01 1.631051041309459215e-01 5.937227463482266888e-04 4.903424685978503839e-02
1.000000000000000000e+00 2.675238206971747079e+00 4.837387476681012100e-01 1.654267860583067962e-01 1.008222041696086712e-03 5.710957017953335185e-02
1.000000000000000000e+00 2.917784749313998560e+00 5.118380239135464915e-01 1.695834367649262375e-01 8.436009179374238942e-04 5.718608185631150059e-02
1.000000000000000000e+00 4.986455658786753453e+00 4.891933207056732291e-01 1.766020333202958925e-01 1.406266991433991528e-03 5.904369365702295813e-02
1.000000000000000000e+00 2.652195640160415646e+00 4.811311635372503837e-01 1.555543395637210835e-01 1.431214396527932765e-03 5.686252008286853815e-02
1.000000000000000000e+00 2.298430459365817136e+00 4.822722042618048932e-01 1.623203119281051432e-01 2.814236953032481399e-03 5.022572259925480592e-02
1.000000000000000000e+00 2.156822928201479694e+00 5.173509317145431607e-01 1.838800319734471556e-01 2.608756891957963054e-03 5.301949825508649183e-02
1.000000000000000000e+00 3.641199729823067166e+00 5.231757334553109873e-01 1.752096505933870563e-01 2.915268488462524274e-03 5.888253598315905391e-02
1.000000000000000000e+00 1.897601429586197153e+00 5.079308482658797530e-01 1.731841310221828578e-01 3.908388406418615395e-03 6.064473160606596164e-02
1.000000000000000000e+00 4.613993807223853771e+00 5.185810916393984726e-01 1.879851248815946341e-01 4.288879011490385681e-03 6.021786324712413707e-02
1.000000000000000000e+00 3.987177020414830242e+00 5.042863568280053777e-01 1.822614962998019283e-01 3.900638501613037240e-03 5.254933505855653719e-02
1.000000000000000000e+00 2.911515967062185517e+00 5.205501283474500696e-01 1.870682115965303649e-01 3.249962023795506267e-03 4.873694597051329153e-02
1.000000000000000000e+00 2.557568610228045713e+00 5.117692343172045577e-01 1.666488870756948348e-01 4.043719534402334323e-03 4.452198911707755391e-02
1.000000000000000000e+00 2.054413864896597719e+00 5.121338748795407625e-01 1.682869502546638640e-01 4.053658754176639456e-03 4.064599000302955567e-02
1.000000000000000000e+00 2.302421435352946855e+00 5.048936417112689368e-01 1.625175689014769775e-01 4.499824695748987427e-03 4.151293934733530505e-02
1.000000000000000000e+00 3.382696088937229728e+00 4.762554245749062165e-01 1.540377945172304308e-01 4.158833946262701677e-03 4.089719182040803258e-02
1.000000000000000000e+00 2.837092545085298401e+00 5.219191489799699379e-01 1.739289114111290668e-01 3.833795851846551715e-03 3.261016997466315015e-02
1.000000000000000000e+00 1.311898410859104525e+00 4.881543372857581886e-01 1.577457051743201832e-01 3.854048779979267481e-03 2.558445037928413698e-02
1.000000000000000000e+00 6.372217193126805679e-01 4.996095194053743471e-01 1.648458451634252642e-01 3.171269291552334356e-03 2.315627949681187819e-02
1.000000000000000000e+00 1.006561502020840937e+00 5.038143464773284785e-01 1.677597930167623874e-01 2.119223814269357610e-03 2.097754419512690149e-02
1.000000000000000000e+00 1.324068450372052119e+00 5.127059086083627371e-01 1.762298953233469578e-01 2.396725758642182652e-03 1.161276603580222062e-02
1.000000000000000000e+00 1.292892152226885250e+00 5.018250367572777426e-01 1.751768708827163845e-01 2.129532989762236098e-03 1.683616361406584105e-02
