1.000000000000000000e+00 3.792246786124832852e+03 4.949890713984515522e-01 1.613593187341987589e-01 1.189422195216578455e-03 4.844172796908931267e-02
1.000000000000000000e+00 1.747197544401676396e+03 8.473954178711273766e-01 1.910097652843684712e-01 3.072740643387750648e-03 3.526659455106905677e-02
1.000000000000000000e+00 5.177147572968806344e+02 7.375935389242886941e-01 2.058204748990980215e-01 2.905311513817537394e-03 4.219002891897567775e-02
1.000000000000000000e+00 2.070553196830866511e+02 6.437745627100361911e-01 1.548978463499104119e-01 3.060746199227339526e-03 3.877261378182920992e-02
1.000000000000000000e+00 9.844704800720433013e+01 6.220155267544785760e-01 1.878505584873595702e-01 3.278755165163825709e-03 3.523265644280688252e-02
1.000000000000000000e+00 1.813990428313998393e+01 5.718375686753833786e-01 2.051867987628092638e-01 3.224148368509747922e-03 4.502401883847265140e-02
1.000000000000000000e+00 1.011156152998667324e+01 4.822455040390025705e-01 1.771205070312726892e-01 3.160560484666557948e-03 4.129416964376674687e-02
1.000000000000000000e+00 3.065841754936987407e+00 5.269265699325311747e-01 1.867224034797185239e-01 2.890454928094632163e-03 4.329268848523959434e-02
1.000000000000000000e+00 2.059928202166386502e+00 5.155945050470124302e-01 1.827558016238272354e-01 3.837839924098694275e-03 3.927013074230695233e-02
1.000000000000000000e+00 2.476330051472025229e+00 5.056965190824911360e-01 1.806776957242681725e-01 3.325946452316525578e-03 4.948065104153008542e-02
1.000000000000000000e+00 1.079747621786812273e+00 4.945108167253663978e-01 1.679552592861500437e-01 3.452320131826989470e-03 4.566152062199628492e-02
1.000000000000000000e+00 2.306135373189514226e+00 4.964355526470310420e-01 1.757055531337470278e-01 2.691568516156286200e-03 4.364286357334747068e-02
1.000000000000000000e+00 1.350976019419261931e+00 5.061095630201462026e-01 1.778666762354920161e-01 2.760411437281893796e-03 4.585300795371751587e-02
1.000000000000000000e+00 1.306773921376246594e+00 5.056644817499882372e-01 1.704740403589142805e-01 1.344115939251997035e-03 4.516260234183090694e-02
1.000000000000000000e+00 3.286762069638791584e+00 4.754173829629541048e-01 1.571646296886418936e-01 2.101051734837714596e-03 4.442863552362616431e-02
1.000000000000000000e+00 3.367214192443112264e+00 5.220190491641567565e-01 1.738365818558397780e-01 2.317871674267354618e-03 4.048646748463392842e-02
1.000000000000000000e+00 3.759280057002863273e+00 4.877511963187194377e-01 1.500092835812314729e-01 3.266650801105294363e-03 4.924746488463639660e-02
1.000000000000000000e+00 2.971282625903219454e+00 4.858617986645862863e-01 1.517907606618932315e-01 2.720388990412884317e-03 4.968667554468279152e-02
1.000000000000000000e+00 3.391202732944886833e+00 5.214888389478306019e-01 1.756682097397060660e-01 1.465872892804129029e-03 5.592016922686943170e-02
1.000000000000000000e+00 2.523973275782374071e+00 4.847025686446604920e-01 1.566670682886650845e-01 1.073545790051742095e-03 6.156754794538801812e-02
1.000000000000000000e+00 1.486673969635041281e+00 4.882052101878936456e-01 1.647454423344719143e-01 1.845164455824824766e-03 5.979373639739163360e-02
1.000000000000000000e+00 1.652026146428906994e+00 5.099329479845338131e-01 1.754909535321498848e-01 1.006458032449813675e-03 5.929322441061258414e-02
1.000000000000000000e+00 2.711616018535909056e+00 5.054196050939844254e-01 1.619254333075829944e-01 2.230394306020749232e-03 5.956559687535085967e-02
1.000000000000000000e+00 4.177627333631482642e+00 4.726060230166580500e-01 1.510238743075429380e-01 1.919148411622206883e-03 6.132838026802385489e-02
1.000000000000000000e+00 3.829706814093985834e+00 5.094018584077497636e-01 1.855840032361911196e-01 2.941188684583380397e-03 6.512980554932769339e-02
1.000000000000000000e+00 3.422946726876340051e+00 4.896772290264498340e-01 1.526724930189532758e-01 2.952199482261434315e-03 6.485600769867258530e-02
1.000000000000000000e+00 2.618179758678423674e+00 5.151589242598542118e-01 1.729346285738481703e-01 3.111665652206953812e-03 7.037933211042345094e-02
1.000000000000000000e+00 2.605658706727721263e+00 5.216735275188577603e-01 1.809024491482643382e-01 2.493187937932868099e-03 6.720177096752733004e-02
1.000000000000000000e+00 1.792030888676037437e+00 4.854375475954756936e-01 1.604094828211795332e-01 1.653895430415770577e-03 6.725410674803161681e-02
1.000000000000000000e+00 1.619852023534695373e+00 5.080212598306388383e-01 1.775531358495701373e-01 2.472267988664766155e-03 7.643416073778318276e-02
1.000000000000000000e+00 2.058507572722849233e+00 4.948790776675720537e-01 1.719296537394663094e-01 2.814858018547623884e-03 7.350989577911490325e-02
1.000000000000000000e+00 2.616965252596867408e+00 5.061771662229958002e-01 1.807652673585486147e-01 2.707484067939511675e-03 7.521267637050188526e-02
1.000000000000000000e+00 2.668038227967331366e+00 5.136618440358584614e-01 1.802555835813392238e-01 3.529939501649973031e-03 7.085573239690452774e-02
1.000000000000000000e+00 2.426960621135376694e+00 4.872393477487000357e-01 1.615000474574495581e-01 3.539091358879357940e-03 6.971389430032914891e-02
1.000000000000000000e+00 1.616450257425621873e+00 4.956905883557506387e-01 1.632522535441084943e-01 2.815648669876647230e-03 7.529446839984231532e-02
1.000000000000000000e+00 4.742813102343972353e+00 5.096024855943552812e-01 1.625923345709286427e-01 3.033007820093308257e-03 8.573510972283886200e-02
1.000000000000000000e+00 4.886035688841226410e+00 5.071276777331960028e-01 1.619521256744114734e-01 3.427825136177133601e-03 8.615886639128567115e-02
1.000000000000000000e+00 4.958517310435098580e+00 5.035098343871114990e-01 1.600290572020542368e-01 3.237804556847715884e-03 9.594554467700053269e-02
1.000000000000000000e+00 5.341877024876216851e+00 4.771635401953990829e-01 1.563147636759250891e-01 3.489191671524360418e-03 9.999394030218984597e-02
1.000000000000000000e+00 3.195783546637728900e+00 5.097964528032106202e-01 1.707438341375867030e-01 3.232958277431847646e-03 9.277806802218918625e-02
1.000000000000000000e+00 3.578087438346496452e+00 4.806568916427763627e-01 1.592024522392695429e-01 3.012717570662269001e-03 9.159399239799934089e-02
1.000000000000000000e+00 2.967288715112376796e+00 4.801062828110393421e-01 1.623456961409534827e-01 1.739794840233218308e-03 8.799464843793787516e-02
1.000000000000000000e+00 2.618895696898753123e+00 4.816780309447645791e-01 1.580706113807002211e-01 2.261332773444719307e-03 8.835685174159282895e-02
1.000000000000000000e+00 1.620983442453710621e+00 5.090993258576058667e-01 1.715056954912561882e-01 2.086480797491771337e-03 8.367756816845883794e-02
1.000000000000000000e+00 2.726790463079633575e+00 4.828607363547859910e-01 1.564330312583094018e-01 9.510311226643137876e-04 8.175658872254552845e-02
1.000000000000000000e+00 1.967478435946070192e+00 5.084545853242908864e-01 1.795061413034325093e-01 8.442491723352728294e-04 7.832520888432310813e-02
1.000000000000000000e+00 1.787418360456044297e+00 4.882559954215967557e-01 1.611768474152553421e-01 1.114070349243280120e-03 6.786068971866127120e-02
1.000000000000000000e+00 3.282364942789525841e+00 5.199492098838033316e-01 1.809775265724185567e-01 4.640117166612695672e-04 5.860986879199887867e-02
1.000000000000000000e+00 3.445589767646195067e+00 5.131197037559269702e-01 1.683540878694108900e-01 9.520907383457615381e-04 6.412450610667710937e-02
1.000000000000000000e+00 2.811885011516539468e+00 4.799708025847498893e-01 1.539756306410082209e-01 1.929386488084302523e-03 6.227504073539362472e-02
1.000000000000000000e+00 2.561362513897558646e+00 4.840681305887478136e-01 1.662273832328013679e-01 2.070009853794481554e-03 5.769479527399451468e-02
1.000000000000000000e+00 1.584353677061756782e+00 5.113610777446867539e-01 1.794449845463113313e-01 1.550604878386451380e-03 5.547553822577837301e-02
1.000000000000000000e+00 1.999868170407753221e+00 4.884272588732098130e-01 1.559686220421250546e-01 2.842084071837878891e-03 5.184286021731151356e-02
1.000000000000000000e+00 3.920835911043558664e+00 4.832931237727048357e-01 1.683856581635138905e-01 3.290223236485398210e-03 4.968560352968726807e-02
1.000000000000000000e+00 9.451749951590274756e-01 4.963476771193507386e-01 1.660097916249484440e-01 3.521362287659633196e-03 4.801369373666122126e-02
1.000000000000000000e+00 2.507438975606862019e+00 4.848703719432886361e-01 1.666441284757350649e-01 2.860035881725322450e-03 4.528854316264335073e-02
1.000000000000000000e+00 2.866689991462819442e+00 5.149721760360925771e-01 1.679801116757294599e-01 2.956422992045366644e-03 4.696446617190931649e-02
1.000000000000000000e+00 1.525940983746246316e+00 5.075108776805571376e-01 1.783994607225905804e-01 3.221462367674217484e-03 4.839764043533616861e-02
1.000000000000000000e+00 1.994129984307911663e+00 5.107602262908887969e-01 1.674434621973392434e-01 2.497334602156940989e-03 4.275672023275773476e-02
1.000000000000000000e+00 7.476460265513379388e-01 5.057283067751798811e-01 1.714732837916459196e-01 3.311555842365235605e-03 4.229171749164252481e-02
1.000000000000000000e+00 1.208062313442622715e+00 4.963678353843513080e-01 1.616242318225523944e-01 2.335764828013794838e-03 4.440617317962791688e-02
1.000000000000000000e+00 1.650321670655104711e+00 4.950087610647274650e-01 1.728118608482043239e-01 2.198201702950226561e-03 4.545254184259073932e-02
1.000000000000000000e+00 1.394860958751577229e+00 4.942945452450787647e-01 1.656943259798547563e-01 1.101237360941301289e-03 3.243003486512992944e-02
1.000000000000000000e+00 7.936586923148580830e-01 4.994839406465412246e-01 1.715093291905642470e-01 2.321348497358080923e-03 3.900263426890374086e-02
1.000000000000000000e+00 3.093688506186271336e+00 5.242656257981556100e-01 1.777159588186157380e-01 2.715100768100393424e-03 4.541529017555365200e-02
1.000000000000000000e+00 1.478627097961092929e+00 4.970362513951077088e-01 1.623724546643470490e-01 1.599453707878853654e-03 4.540471044417699470e-02
1.000000000000000000e+00 1.832704024256622377e+00 4.996006076322784817e-01 1.743983915070612400e-01 7.483536283994934608e-04 4.481837238686808833e-02
1.000000000000000000e+00 2.293127328198938830e+00 5.132231929292730976e-01 1.765242108502227403e-01 6.589512209479711415e-04 5.631437396405576667e-02
1.000000000000000000e+00 1.078145649525296346e+00 5.010105175604741001e-01 1.681751480910217700e-01 1.482297218726173500e-03 6.000317709394066557e-02
1.000000000000000000e+00 1.286270800938795311e+00 5.086279426674041870e-01 1.754707799072708907e-01 1.442948138248690160e-03 5.659151576731051569e-02
1.000000000000000000e+00 1.303910167512842833e+00 5.091715559432069549e-01 1.754057572418820654e-01 1.478720126843502489e-03 5.997295530127556146e-02
1.000000000000000000e+00 1.504758916863952800e+00 5.088251932232102925e-01 1.792739063160281865e-01 1.882966630098541292e-03 5.495701643134920378e-02
1.000000000000000000e+00 2.332803871743237778e+00 4.822893906349807747e-01 1.622653870557461409e-01 1.571557593221656595e-03 6.462572769636333592e-02
1.000000000000000000e+00 1.765542150369924013e+00 4.850086870594810806e-01 1.582901559758840837e-01 2.146341893935272121e-03 5.268550214079473215e-02
1.000000000000000000e+00 1.818202955699086187e+00 4.949890713984515522e-01 1.613593187341987589e-01 1.189422195216578455e-03 4.844172796908931267e-02
