1.000000000000000000e+00 8.050222371056582915e+01 4.902011023005698465e-01 1.583344041267152891e-01 4.978938105902746235e-03 4.457063581188864393e-02
1.000000000000000000e+00 6.871374577374663772e+01 6.068913674973906991e-01 2.764098076535187465e-01 4.915844366423081924e-03 3.837513804422765240e-02
1.000000000000000000e+00 3.133424327485959893e+01 5.897353309882986672e-01 2.427988462220670440e-01 3.884817752960561133e-03 4.229995532615625498e-02
1.000000000000000000e+00 2.389606958408964843e+01 5.558549685273725949e-01 2.284423040399598537e-01 3.991207380729329228e-03 4.113204649391631607e-02
1.000000000000000000e+00 1.756307286192931727e+01 5.514302325607024491e-01 2.217281647938900702e-01 2.400523287462903634e-03 4.508689122171347791e-02
1.000000000000000000e+00 1.081104272221559093e+01 5.532982793441582059e-01 2.095653205260294694e-01 3.229085514146480627e-03 3.911530615404877620e-02
1.000000000000000000e+00 1.251289440378603235e+00 5.054516252664431608e-01 1.718597057576197185e-01 4.198550878085736612e-03 4.576801807952633749e-02
1.000000000000000000e+00 4.600313222407395486e+00 5.187345430642025246e-01 1.897502213801114668e-01 4.366323752586413406e-03 4.586946931200780453e-02
1.000000000000000000e+00 4.426040134824882344e+00 5.015566545882853555e-01 1.562405327856761228e-01 4.952504353155384210e-03 4.628795941919159468e-02
1.000000000000000000e+00 4.368783279796602415e+00 5.116170149116555654e-01 1.785570606945404426e-01 6.262385132146187743e-03 4.686293856861888096e-02
1.000000000000000000e+00 4.084328993136469244e+00 5.254492806589831089e-01 1.797605903590019372e-01 4.938521613522509242e-03 4.700006358958815772e-02
1.000000000000000000e+00 3.672835780003937511e+00 4.869692182776104716e-01 1.546008090972386950e-01 5.180516792678478005e-03 4.918275413275945140e-02
1.000000000000000000e+00 3.323998110481890755e+00 5.002917451315842534e-01 1.714140870186031951e-01 5.624578668798726339e-03 5.057937859923286594e-02
1.000000000000000000e+00 3.610021819264498610e+00 5.093877267690719579e-01 1.757060057030096489e-01 5.649666779824675557e-03 5.177860070110056750e-02
1.000000000000000000e+00 6.928857951267266557e+00 5.159487565973780443e-01 1.707061408019872051e-01 7.200867507110761921e-03 4.752300493031851036e-02
1.000000000000000000e+00 5.424334740004157496e+00 4.940090033383783275e-01 1.588669395389292471e-01 7.155437477746524368e-03 4.414456009353814187e-02
1.000000000000000000e+00 7.852439616935516398e+00 4.856821572494408046e-01 1.504880368909022326e-01 7.269513585718186642e-03 4.688251194614824480e-02
1.000000000000000000e+00 7.541496828780043238e+00 5.038732505751065682e-01 1.801860468419397843e-01 7.389605850879974597e-03 4.256042882038059416e-02
1.000000000000000000e+00 4.979737951445765809e+00 4.979283594736750307e-01 1.681075578483372801e-01 7.207881426068482762e-03 4.388667863611110664e-02
1.000000000000000000e+00 7.513316325484423963e+00 4.726104669120068102e-01 1.455075475558905151e-01 6.931099829377458665e-03 3.669180630946022176e-02
1.000000000000000000e+00 5.469834576152146965e+00 4.814216349678187568e-01 1.517423929715953079e-01 7.149388785714839122e-03 3.499084694580550936e-02
1.000000000000000000e+00 4.523449244732995034e+00 4.965076051175200678e-01 1.538334084540390889e-01 7.193279458076372312e-03 2.383853997306939476e-02
1.000000000000000000e+00 3.420186783355590343e+00 5.064740313067968014e-01 1.640064208693416403e-01 7.546969304082083892e-03 2.126651415619994906e-02
1.000000000000000000e+00 2.208611623121856660e+00 5.165109183524473346e-01 1.764536072855210636e-01 6.146255836226512288e-03 1.499760158034313569e-02
1.000000000000000000e+00 3.213548110705746197e+00 4.960484452289015689e-01 1.702153380304010089e-01 6.887539360463024694e-03 1.893414518549270398e-02
1.000000000000000000e+00 2.363151332163778484e+00 4.963398889129752023e-01 1.642016215985958594e-01 6.376303748413402264e-03 7.625665462130129524e-03
1.000000000000000000e+00 3.680753076525711709e+00 5.268378673073879082e-01 1.804540389052125271e-01 6.105771008807880929e-03 1.101573833475863115e-02
1.000000000000000000e+00 7.051487697963038315e+00 5.222388477673673979e-01 1.923536189070665647e-01 6.645531411247669260e-03 8.868593723462990172e-03
1.000000000000000000e+00 5.213526875950829975e+00 5.294666315209359819e-01 1.917506016488429443e-01 5.990728338241528388e-03 1.062682210312568959e-02
1.000000000000000000e+00 4.343690718061052003e+00 5.057082412439427577e-01 1.763481361652269597e-01 7.076528043535080387e-03 4.902032616017221352e-03
1.000000000000000000e+00 3.439540776049144100e+00 5.229477807226633468e-01 1.775189018331528590e-01 6.503889743503195320e-03 1.066654149083912095e-02
1.000000000000000000e+00 4.511301819362660837e+00 4.766697005258198616e-01 1.542666846133232128e-01 5.416994220303293466e-03 3.732543266453226295e-03
1.000000000000000000e+00 3.742090873076667101e+00 4.822532996073895517e-01 1.583517889078586705e-01 5.189905866987408814e-03 1.539506946568423851e-04
1.000000000000000000e+00 1.488730694566577029e+00 4.946647807531092678e-01 1.593132306023882783e-01 3.952811064981245730e-03 7.684454924047004129e-03
1.000000000000000000e+00 1.921109243699526292e+00 5.147752349351155665e-01 1.806062017884204340e-01 2.688844263607971519e-03 2.648499114515203215e-03
1.000000000000000000e+00 1.277338495366781013e+00 5.036835659978025070e-01 1.736077334784674187e-01 1.972834026433451481e-03 2.605981041506898882e-03
1.000000000000000000e+00 1.284639473537356302e+00 4.938446626684903085e-01 1.664359747470392226e-01 2.232872203326574222e-03 1.672424112804805039e-03
1.000000000000000000e+00 2.694702944885386309e+00 5.053214381005323164e-01 1.807359619807723250e-01 1.032878510967429704e-03 1.554411508208434003e-03
1.000000000000000000e+00 2.033902271013214857e+00 5.007398601958160667e-01 1.762132088306115618e-01 2.681520421472764412e-03 2.404200092756074089e-03
1.000000000000000000e+00 2.776430003581336514e+00 5.084714165869251845e-01 1.824593366793177684e-01 3.037648697217036273e-03 4.364858341191312288e-03
1.000000000000000000e+00 3.121707823936990422e+00 4.792438048589054422e-01 1.519156483555521020e-01 3.455121703823840155e-03 6.170242895804310332e-03
1.000000000000000000e+00 1.033223065318034317e+00 5.005273483760210862e-01 1.705964987156001200e-01 4.110333693774908051e-03 8.319731317954236205e-03
1.000000000000000000e+00 1.002063850962113811e+00 5.067714339943641955e-01 1.746988439697184092e-01 4.348774901200742199e-03 1.480588152798398283e-02
1.000000000000000000e+00 2.607580593941688729e+00 4.989976194851112878e-01 1.565651863784054409e-01 5.051440401729946975e-03 1.189926865972643945e-02
1.000000000000000000e+00 2.988745831131474517e+00 5.067029687418618256e-01 1.717899099190296486e-01 6.423455283320488388e-03 2.701377536601178020e-03
1.000000000000000000e+00 2.702766811489489385e+00 4.985118977446995059e-01 1.691254369667885005e-01 5.847580615880124469e-03 2.358756514013063930e-03
1.000000000000000000e+00 3.685487990622186238e+00 5.143380790824786386e-01 1.814966164209033950e-01 5.634248184130777153e-03 8.449505334052881660e-04
1.000000000000000000e+00 4.179777041152838102e+00 5.171450903957783840e-01 1.796458371988826908e-01 6.966386965657679446e-03 3.867494752628536717e-03
1.000000000000000000e+00 1.874883871792569323e+00 5.004518511789901591e-01 1.670113616179241256e-01 6.110959325302189708e-03 9.018674335131300276e-03
1.000000000000000000e+00 3.020605398336698055e+00 5.231764761821514620e-01 1.791717820910080916e-01 6.260415858600152858e-03 1.637039074585969201e-02
1.000000000000000000e+00 3.374409248958424978e+00 4.840415053529709688e-01 1.491108869097068079e-01 4.803204577343366845e-03 1.884364466757582068e-02
1.000000000000000000e+00 2.654647703459789287e+00 4.847757556543470514e-01 1.619679979990703289e-01 5.545625404105880910e-03 1.639096817971317024e-02
1.000000000000000000e+00 2.371423291192101157e+00 4.910555578680183553e-01 1.550071958261682592e-01 5.506043420295756927e-03 1.372902788805717596e-02
1.000000000000000000e+00 1.766045785610950158e+00 5.050260314030829978e-01 1.718134139384851766e-01 6.228959738820902953e-03 1.553386487433484377e-02
1.000000000000000000e+00 2.284024016370903798e+00 5.078149464097987398e-01 1.634344678221786029e-01 5.708144632531699826e-03 2.208330839621327688e-02
1.000000000000000000e+00 2.163566820401542135e+00 5.138485765978444419e-01 1.806030203441822968e-01 5.376645698203872531e-03 1.623759564191535817e-02
1.000000000000000000e+00 1.290193380818239088e+00 5.005450207690943509e-01 1.648144904780699249e-01 5.764455748296341484e-03 2.054556910986081106e-02
1.000000000000000000e+00 4.218748388456544873e+00 4.845425164928898742e-01 1.505101849202871156e-01 6.865909216561665203e-03 1.924606767472456306e-02
1.000000000000000000e+00 4.057553046831023025e+00 5.076383718338899342e-01 1.747028378364152701e-01 8.081670088112107020e-03 2.168486347834164621e-02
1.000000000000000000e+00 4.749814769178030360e+00 5.265914923510647272e-01 1.822963435945265664e-01 7.572081646326492797e-03 1.249349504622082954e-02
1.000000000000000000e+00 4.601400674515809364e+00 5.211476258319754917e-01 1.771544221238104400e-01 8.195196189055325292e-03 1.754342426418569953e-02
1.000000000000000000e+00 5.851899414761613016e+00 5.209709464296313763e-01 1.842200341342519476e-01 8.510688545617034820e-03 1.881401627322627779e-02
1.000000000000000000e+00 7.558207236431623066e+00 5.133542570374082237e-01 1.851418194720128862e-01 8.498186619399942382e-03 2.473799152417882619e-02
1.000000000000000000e+00 4.579710866378936096e+00 5.074411650357153469e-01 1.734642684357032283e-01 8.386519423507628537e-03 2.587286347755272942e-02
1.000000000000000000e+00 5.500346731527846700e+00 5.207958734138117274e-01 1.765535821282885887e-01 8.405362268760444011e-03 2.685414336181456835e-02
1.000000000000000000e+00 4.662348690507618798e+00 4.877446757304104707e-01 1.595547722566471871e-01 7.691190438166672742e-03 3.147457995692403560e-02
1.000000000000000000e+00 3.734554681450688030e+00 5.058262956604563376e-01 1.624848353011507651e-01 6.680074039650376987e-03 3.351924294022001760e-02
1.000000000000000000e+00 3.196798680795571279e+00 4.934464814171025115e-01 1.697168444009136967e-01 5.761588403058972262e-03 3.861621887582221413e-02
1.000000000000000000e+00 2.977235460030460690e+00 4.930939739986623382e-01 1.718190470482710008e-01 4.593398215133137272e-03 4.437005249341490626e-02
1.000000000000000000e+00 2.427019049420980679e+00 4.902011023005698465e-01 1.583344041267152891e-01 4.978938105902746235e-03 4.457063581188864393e-02
