1.000000000000000000e+00 7.509984896903695528e+01 5.024701213877905692e-01 1.764391955314653093e-01 3.183025051918233952e-03 2.895292401604766461e-02
1.000000000000000000e+00 3.837592598956333489e+01 4.238071594266800135e-01 1.411354525938380844e-01 2.495577309923313700e-03 5.215668380777146312e-02
1.000000000000000000e+00 1.483645090315531512e+01 5.508800702151563922e-01 1.802566708100629689e-01 2.504932920099616368e-03 4.494258832725733788e-02
1.000000000000000000e+00 9.989990816597895673e-01 4.944284944992337061e-01 1.637244905781362336e-01 1.932786437558586291e-03 4.534561291686524387e-02
1.000000000000000000e+00 1.073490507324774024e+00 5.069864683347331535e-01 1.714524911334077140e-01 1.795527639431750925e-03 4.404944733731751966e-02
1.000000000000000000e+00 1.383786216135429736e+00 4.894159945058310646e-01 1.627064702189590373e-01 1.553339691401269939e-03 4.057168991364224625e-02
1.000000000000000000e+00 1.069451488150195084e+00 4.947048031965737280e-01 1.655634307440768671e-01 1.544169016380461841e-03 4.160814538802922596e-02
1.000000000000000000e+00 1.384590593878939568e+00 4.995848525031237330e-01 1.680924838422155065e-01 9.956295034908584259e-04 3.719798655182506020e-02
1.000000000000000000e+00 1.285799924462400101e+00 4.943601350431647834e-01 1.693559552092293308e-01 1.444587980551916354e-03 3.761660606129033080e-02
1.000000000000000000e+00 2.604808139583778992e+00 4.940473728149331056e-01 1.590187237466071379e-01 8.597524343657640374e-04 4.422460747716489005e-02
1.000000000000000000e+00 1.225732913013321879e+00 4.952196606085960684e-01 1.703072276699346410e-01 1.610123776126377772e-03 4.388720462604409761e-02
1.000000000000000000e+00 1.582705889484002926e+00 5.151498069595886742e-01 1.814815673096647208e-01 3.066043137992842914e-03 3.662886148229988620e-02
1.000000000000000000e+00 9.122105452848601193e-01 5.058665756461128149e-01 1.683765457767060214e-01 2.600081222280972455e-03 3.613832952125257958e-02
1.000000000000000000e+00 8.011363680038443569e-01 4.997221166373014833e-01 1.684404752496579671e-01 1.879028478706827252e-03 3.342046390479806034e-02
1.000000000000000000e+00 1.255786765378516634e+00 4.908930877720451558e-01 1.613539258958439915e-01 1.872070047807765760e-03 3.345476297411868749e-02
1.000000000000000000e+00 2.088208911517697164e+00 4.807286715099432506e-01 1.576661217613028465e-01 2.686679004935462606e-03 2.793571631440297867e-02
1.000000000000000000e+00 1.026794246283216028e+00 4.950821126803803263e-01 1.615558352431587519e-01 2.470149771141589862e-03 3.183573944190976751e-02
1.000000000000000000e+00 1.444004761320261121e+00 4.850324093206747067e-01 1.592516404467065605e-01 2.960085435699889682e-03 2.634539440644282499e-02
1.000000000000000000e+00 2.450532310814817816e+00 5.017744569551495504e-01 1.585226285966344073e-01 2.887696615213458228e-03 2.781352724069652629e-02
1.000000000000000000e+00 4.865240819863609900e+00 5.020270046358185079e-01 1.524218611311485283e-01 3.564184245040097343e-03 1.508985260957592528e-02
1.000000000000000000e+00 5.058869505407206368e+00 4.723564531405139988e-01 1.457304127961432938e-01 4.257569006304684316e-03 1.060025650822876003e-02
1.000000000000000000e+00 4.583677968195615904e+00 5.086129950902673613e-01 1.574998367861610848e-01 4.113015830984857561e-03 7.254548525421280689e-03
1.000000000000000000e+00 2.922857632598778732e+00 5.083993922598559756e-01 1.619636169645303492e-01 2.694427088608692105e-03 1.690579577659958102e-02
1.000000000000000000e+00 1.731327294753119306e+00 5.138606569667105717e-01 1.757846809957575585e-01 1.688732034435989080e-03 1.699407393230041585e-02
1.000000000000000000e+00 2.391062303361260355e+00 5.147110382046333754e-01 1.832031591795239556e-01 1.326004541086236131e-03 1.557236945447162783e-02
1.000000000000000000e+00 2.221725752144580124e+00 5.155540319115231584e-01 1.736179236640765233e-01 1.679673650233756178e-03 2.231712236063133556e-02
1.000000000000000000e+00 1.767936848118672577e+00 5.035735490687656135e-01 1.784738107906375382e-01 2.757529647727642239e-03 2.270127853570174520e-02
1.000000000000000000e+00 2.445159467243927853e+00 5.146581113587010980e-01 1.845631465311744768e-01 1.698865738857654453e-03 2.247292561326475618e-02
1.000000000000000000e+00 1.789326974269525916e+00 4.895288328837575920e-01 1.681344983423722628e-01 1.649653398470404082e-03 2.557028906462461768e-02
1.000000000000000000e+00 2.004767157496116337e+00 4.903643951988236327e-01 1.616052860645385558e-01 9.553978091115240649e-04 1.133547695360977853e-02
1.000000000000000000e+00 1.355140888018195877e+00 4.962069202068653540e-01 1.631304731061886948e-01 2.043843781560519476e-03 5.400611969948614956e-03
1.000000000000000000e+00 1.519262331716252579e+00 5.083897374317364326e-01 1.787861260093873417e-01 1.960289100526140839e-03 1.607754616433771863e-02
1.000000000000000000e+00 1.379223932102591199e+00 4.889786600978737741e-01 1.609378950247293827e-01 2.096399512335842246e-03 1.525849066240123411e-02
1.000000000000000000e+00 2.447852462666378681e+00 4.817301357594472866e-01 1.538910597914935063e-01 3.001211361042963911e-03 1.038673862599236511e-02
1.000000000000000000e+00 2.766849171580298972e+00 5.193410370162863110e-01 1.716113666588707787e-01 3.138493200421844063e-03 1.526051337892745871e-02
1.000000000000000000e+00 2.437493879350619341e+00 5.225380145718805380e-01 1.822560018587300601e-01 2.329757282029497421e-03 1.537591212769732346e-02
1.000000000000000000e+00 8.840953888963741791e-01 4.967045059139670871e-01 1.696829043366400169e-01 3.286829925712702466e-03 1.481189339183354610e-02
1.000000000000000000e+00 2.769864295426657907e+00 4.823571381933807189e-01 1.647405921126574024e-01 3.294310153868771403e-03 2.124467585744876930e-02
1.000000000000000000e+00 2.224928909288252932e+00 5.119502841831480300e-01 1.834700486687956822e-01 2.962037237479629541e-03 1.860877161943847932e-02
1.000000000000000000e+00 2.261161301025408132e+00 4.820845174097005970e-01 1.551359850318923816e-01 2.387767178345973247e-03 1.718946733037377689e-02
1.000000000000000000e+00 1.957026953620903953e+00 4.822497093999034146e-01 1.570204738102921604e-01 2.808556578832765386e-03 1.711327806695661993e-02
1.000000000000000000e+00 6.088814999153495666e-01 5.031827710430654133e-01 1.680513188846318728e-01 3.229760719047996848e-03 1.676988365656677596e-02
1.000000000000000000e+00 1.737042647129562578e+00 4.910207592304102198e-01 1.565851073064168097e-01 3.046192075530835142e-03 1.292419895442965989e-02
1.000000000000000000e+00 3.616904021146186921e+00 4.840699309364167036e-01 1.492281246265903250e-01 3.011700179468081856e-03 9.818421109794504137e-03
1.000000000000000000e+00 2.072890349067590510e+00 5.202603455892335083e-01 1.798908843808311453e-01 2.478059001568530366e-03 1.501661480467524588e-02
1.000000000000000000e+00 1.335038665746379305e+00 5.120552396202134871e-01 1.785045558994394488e-01 2.238872311495528414e-03 1.812440804921995607e-02
1.000000000000000000e+00 5.803548719771614017e-01 5.017544892622647357e-01 1.668918999166914274e-01 3.271702107966703750e-03 1.880963889807456962e-02
1.000000000000000000e+00 1.580242971481038872e+00 5.156075760057687862e-01 1.734441905636039116e-01 3.040997165179812681e-03 1.683876740383604895e-02
1.000000000000000000e+00 1.422899543711984682e+00 4.923981491169873159e-01 1.681722680219315258e-01 2.131759309201140384e-03 8.301317155436633080e-03
1.000000000000000000e+00 4.287171245244186579e+00 4.924251655835709673e-01 1.512474282459173591e-01 2.362487347018028816e-03 1.590483533078564105e-03
1.000000000000000000e+00 2.043257653493645520e+00 4.857426563974933664e-01 1.593573312759688498e-01 1.898984150296791767e-03 1.984921724852165437e-03
1.000000000000000000e+00 1.695064941754460097e+00 4.965415671943275711e-01 1.620738204293508400e-01 1.788537191378827048e-03 4.070505146212212780e-03
1.000000000000000000e+00 2.868847796630999980e+00 4.879711947211676781e-01 1.696982615980311970e-01 9.015677091529585062e-04 1.001028685775414220e-02
1.000000000000000000e+00 4.257475106725474134e+00 4.828032729074342444e-01 1.524915165524008132e-01 4.996847841732988005e-04 1.408414071614185609e-02
1.000000000000000000e+00 2.496723987645651732e+00 5.135919886654494171e-01 1.748094612293026040e-01 8.606036424044114994e-04 9.588091690799778466e-03
1.000000000000000000e+00 1.516907795983579055e+00 4.960241779689223973e-01 1.679916368308282115e-01 9.479814661322972331e-04 1.633489039844460838e-02
1.000000000000000000e+00 1.556243201688060518e+00 4.948752724389645086e-01 1.609416221540814484e-01 1.816745652545802151e-03 1.639371747083653158e-02
1.000000000000000000e+00 1.442995537390066918e+00 4.916049159150513437e-01 1.586250101881276076e-01 2.833953084402376747e-03 1.151768680357038305e-02
1.000000000000000000e+00 2.656112061691807469e+00 4.984861322238275938e-01 1.773030536765593523e-01 2.496055558478225533e-03 7.776449851504955470e-03
1.000000000000000000e+00 1.412723111675638688e+00 5.026372197972481803e-01 1.660429705698510672e-01 1.981506518127666271e-03 7.144232500247634475e-03
1.000000000000000000e+00 2.391282572551610031e+00 5.009739164255968547e-01 1.603350771994018487e-01 2.188749813608486389e-03 6.059497696212974051e-03
1.000000000000000000e+00 1.071907289382819206e+00 4.991079699231848466e-01 1.681157806000782573e-01 2.201201505726870823e-03 3.137583768555699763e-03
1.000000000000000000e+00 1.239702082342005074e+00 4.982554528583363895e-01 1.667791210311715955e-01 1.686949916436782668e-03 5.025645800267285190e-03
1.000000000000000000e+00 1.413578685408166224e+00 5.082288298278725414e-01 1.735010968085415328e-01 1.904027218761731362e-03 2.119231362030527151e-03
1.000000000000000000e+00 1.406870237781479238e+00 5.023407978492082648e-01 1.648986062042312739e-01 2.221884602622351684e-03 9.032685245937314283e-03
1.000000000000000000e+00 2.113218776972279667e+00 4.936583646465018127e-01 1.564277792945730494e-01 2.931361510615918421e-03 9.019065378041214373e-03
1.000000000000000000e+00 2.452097592847538365e+00 5.007659363781662432e-01 1.780144758118263892e-01 1.533872496198893532e-03 5.567858156094453517e-03
1.000000000000000000e+00 3.017605812781694929e+00 5.187314938008726894e-01 1.841329666790860187e-01 7.677360008172054440e-04 1.536568279701606456e-02
1.000000000000000000e+00 4.013829306166486255e+00 5.311679715669876956e-01 1.850457407888604910e-01 2.319316356850048728e-03 1.965285594047606541e-02
1.000000000000000000e+00 3.495161860102524276e+00 5.261432290389892463e-01 1.785473007895732045e-01 2.555073130024692121e-03 1.275523481065311826e-02
1.000000000000000000e+00 2.112553691042759141e+00 4.952304319593020532e-01 1.736668146197681561e-01 3.137997223372517106e-03 1.300196399557577813e-02
1.000000000000000000e+00 2.038494763191441628e+00 4.874471175479620499e-01 1.564863590450684405e-01 2.096979397314685176e-03 1.266058966707321772e-02
1.000000000000000000e+00 2.781840525097740713e+00 5.089308952978454093e-01 1.836599062841822450e-01 3.286500711231315087e-03 2.072649423826675857e-02
1.000000000000000000e+00 1.436909955723286947e+00 4.865070542409410947e-01 1.635923806849771400e-01 3.031246990778026923e-03 3.000126772533356911e-02
1.000000000000000000e+00 1.369302038539756960e+00 5.024701213877905692e-01 1.764391955314653093e-01 3.183025051918233952e-03 2.895292401604766461e-02
