1.000000000000000000e+00 5.527206706869242225e+03 1.611433231677343203e+00 1.087001588330859647e+01 2.286392108170916260e-02 5.052877683723865365e-01
1.000000000000000000e+00 5.574407724846896599e+02 6.583746150321972967e-01 4.281671950149384953e-01 4.327412697736156277e-03 2.641113009462207548e-02
1.000000000000000000e+00 3.394734408369237713e+02 8.185697179272141133e-01 6.139258121477326746e-01 1.162909436552041209e-04 3.469382645817098432e-02
1.000000000000000000e+00 1.511224615527422088e+02 1.136014656964072334e+00 9.703243829924401709e-01 5.222602894446059553e-04 4.253725073518924843e-02
1.000000000000000000e+00 1.007886787447716301e+02 3.931854416910062211e-01 9.059504785001081251e-01 1.914355294764854632e-03 4.412018816793485121e-02
1.000000000000000000e+00 9.335161758016843692e+01 5.065808579158759262e-01 6.344535672600453147e-01 4.097052312969264986e-04 2.136546711605835647e-02
1.000000000000000000e+00 1.001753959896862796e+02 4.173097109250694658e-01 8.584088599819013066e-01 2.013226203043349833e-03 2.083498608367678750e-02
1.000000000000000000e+00 1.036865707675837029e+02 9.314182625302275254e-02 1.269192574658185135e+00 1.723217899065178620e-03 2.488297761757646276e-02
1.000000000000000000e+00 1.028344927865403378e+02 5.265991686289583917e-01 1.776383202938002448e+00 9.134252751065966187e-04 1.869713081174263769e-03
1.000000000000000000e+00 1.005753411196575797e+02 8.296598448990943897e-01 1.541530649092352601e+00 5.239951744648333951e-04 2.943203297545284036e-02
1.000000000000000000e+00 1.033253729003977099e+02 2.940673298287365123e-01 1.625655832393280598e+00 1.181982589410244611e-03 4.176396663470946513e-02
1.000000000000000000e+00 1.042451523216712417e+02 3.923989916585718385e-02 2.020434682921421476e+00 4.441422425403606430e-04 3.522068003629227895e-02
1.000000000000000000e+00 1.040768880157784935e+02 2.319223914883388471e-01 2.351796843228766143e+00 6.910031290292274449e-04 4.753116598906759194e-02
1.000000000000000000e+00 1.035039727109463286e+02 5.298200724039241472e-01 2.231068256561248742e+00 8.587947288086605208e-04 3.422290743113680367e-02
1.000000000000000000e+00 1.039250911729688340e+02 5.177618679280715508e-01 2.718445579251822508e+00 2.196125144778906038e-03 5.617799984578390748e-02
1.000000000000000000e+00 1.037507180545011494e+02 7.711667819751883979e-01 2.799303281710600277e+00 3.047515892792976907e-03 5.070979294536656634e-02
1.000000000000000000e+00 1.039479272313377578e+02 7.203774974608322390e-01 3.005210616784292910e+00 1.689639348974776535e-03 5.716273206396024070e-02
1.000000000000000000e+00 1.040400104826006356e+02 1.013621469315857393e+00 3.301405849125151004e+00 4.583665314720935299e-04 2.064261787876917054e-02
1.000000000000000000e+00 1.041808328911422024e+02 9.167418933566279238e-01 3.622398655280660851e+00 3.259640554153967786e-03 3.231752825733703177e-02
1.000000000000000000e+00 1.042728888474119486e+02 1.315044179352228060e+00 3.655139985121012458e+00 1.856705334185166246e-03 3.139521021664438277e-02
1.000000000000000000e+00 1.043267364006287039e+02 1.171131710997919129e+00 3.999262313939752733e+00 2.478007463468712146e-03 3.101221819265086166e-02
1.000000000000000000e+00 1.042696600762332224e+02 8.816352472541153507e-01 3.889058739313068891e+00 3.161468935508657263e-03 3.790099906915359723e-02
1.000000000000000000e+00 1.042733433951642326e+02 1.047153115451456173e+00 3.848941851096545630e+00 5.440338555141996033e-04 5.673025662580315209e-02
1.000000000000000000e+00 1.043299892087938190e+02 6.789831592700350527e-01 3.960238375199929273e+00 1.777481916955580719e-03 5.844698408929503708e-02
1.000000000000000000e+00 1.044652132015394415e+02 1.368135655214241186e+00 4.281885288108643550e+00 1.837431116266254050e-03 6.595574698298463379e-02
1.000000000000000000e+00 1.048638690765164512e+02 1.765532866931101896e+00 4.459223112320359839e+00 8.762262304520086276e-04 6.296985024642902384e-02
1.000000000000000000e+00 1.055422871633192159e+02 2.099060014675188768e+00 4.404477150349315195e+00 4.959954167913206919e-04 5.773698295171143108e-02
1.000000000000000000e+00 1.064006869538212925e+02 2.300126452398837174e+00 4.175217605129000198e+00 3.828389174951278692e-04 4.130139133634070508e-02
1.000000000000000000e+00 1.050497434530409748e+02 1.871232003088215468e+00 4.312639861577957312e+00 8.167453925530962716e-04 4.113051556468039216e-02
1.000000000000000000e+00 1.053691911707034876e+02 2.060458282729632273e+00 4.536373951603463794e+00 2.981183886700152635e-03 3.632218295390698959e-02
1.000000000000000000e+00 1.057428737144802255e+02 2.196007966141402701e+00 4.494238424284626277e+00 3.598104893012244853e-03 2.984546758589347315e-02
1.000000000000000000e+00 1.071217445126639802e+02 2.503575043383076792e+00 4.379815737664777942e+00 3.571616023951396102e-03 3.174882340325834579e-02
1.000000000000000000e+00 1.058476730368325605e+02 2.178844771884887788e+00 4.271131078578997986e+00 8.475088586335824924e-04 4.493532129724078783e-02
1.000000000000000000e+00 1.051668124425641366e+02 1.924460709232485245e+00 4.261626901977272119e+00 4.946159526552811655e-04 4.534585124813097362e-02
1.000000000000000000e+00 1.050398363655224188e+02 1.894117516690229319e+00 4.597836283071380592e+00 1.252824401723915890e-03 5.639621032152972863e-02
1.000000000000000000e+00 1.053498401009403693e+02 2.042387325736012116e+00 4.407340678042793058e+00 4.695246347688548233e-03 5.374844053841595914e-02
1.000000000000000000e+00 1.056956200955014396e+02 2.175093075910485840e+00 4.415683787999368448e+00 6.719343519466377049e-03 6.572889633487263850e-02
1.000000000000000000e+00 1.073271454563378171e+02 2.561589656471248144e+00 4.436689835216419908e+00 5.515208238585647509e-03 5.459112784536643281e-02
1.000000000000000000e+00 1.068461231967832816e+02 2.404890378139072915e+00 4.192118305067868533e+00 3.369688599817404970e-03 4.514513761490786259e-02
1.000000000000000000e+00 1.088484747604207854e+02 2.698374762333014765e+00 4.208193669777084978e+00 3.247074157835768728e-03 5.591251659829728909e-02
1.000000000000000000e+00 1.083421506835555874e+02 2.645084130078008577e+00 4.226196401508001799e+00 4.258979600916111552e-03 3.790907520438108191e-02
1.000000000000000000e+00 1.070407198817512153e+02 2.496794282705079304e+00 4.421978102350238693e+00 2.871323611047842811e-03 1.718866772688465439e-02
1.000000000000000000e+00 1.060049714285133859e+02 2.295913562500016880e+00 4.606369271800563325e+00 1.715593319853390367e-03 2.800716722409564083e-02
1.000000000000000000e+00 1.064620110554931642e+02 2.475592624584311174e+00 4.812936467039659050e+00 2.807920965550426279e-03 9.434024039773485776e-03
1.000000000000000000e+00 1.063858394175586568e+02 2.571823043117303254e+00 5.193653238442807130e+00 4.760512416451419954e-03 2.829938218112767329e-02
1.000000000000000000e+00 1.075213354379545905e+02 2.743271456297789790e+00 4.900406879094192369e+00 7.413642375929834806e-03 2.897479221379767322e-02
1.000000000000000000e+00 1.066922502094688667e+02 2.505044928432517359e+00 4.688961158986324484e+00 5.727902626993533475e-03 1.938048457309514416e-02
1.000000000000000000e+00 1.054637025057037931e+02 2.227380028530503431e+00 5.123516431785422043e+00 6.692614633014222145e-03 3.587341578149712967e-02
1.000000000000000000e+00 1.048388001038549220e+02 1.778994584998015993e+00 4.722692214920273912e+00 4.247325059563232530e-03 3.341072305026451805e-02
1.000000000000000000e+00 1.048170637328895651e+02 1.777969409509758458e+00 4.960750266457217172e+00 3.460300921783406036e-03 3.966828220150672019e-02
1.000000000000000000e+00 1.049529467010700756e+02 1.908990315960135575e+00 5.244113402665306012e+00 9.327807761926303759e-05 3.173696518432338881e-02
1.000000000000000000e+00 1.052103669351226500e+02 2.067949817403108348e+00 5.120190850639705360e+00 3.335121270057639798e-04 3.694743601407762812e-02
1.000000000000000000e+00 1.044688063741068191e+02 1.171820327342076418e+00 4.788250192716879461e+00 1.323829298890828428e-04 6.302631806722995556e-02
1.000000000000000000e+00 1.044195542156906953e+02 1.012327529843584539e+00 4.768325327836756777e+00 3.445166124421537683e-03 5.677319769241950809e-02
1.000000000000000000e+00 1.045460675690448795e+02 1.464893379497378412e+00 4.803797690034888213e+00 5.827881353758920628e-03 4.804232433975731686e-02
1.000000000000000000e+00 1.044596546425309640e+02 1.133207179149970711e+00 4.981505930606812349e+00 3.720033450168617421e-03 2.810022666157469678e-02
1.000000000000000000e+00 1.044490650815908168e+02 1.120291699089138282e+00 4.909983378367695828e+00 3.320533306274873597e-03 4.279035277171377299e-02
1.000000000000000000e+00 1.044266217221641426e+02 9.367615371384490075e-01 4.915411395598421329e+00 6.200838317851391224e-03 3.342844715819739271e-02
1.000000000000000000e+00 1.044236569073313916e+02 9.571350791181100215e-01 4.725379262776053579e+00 7.140936796930457027e-03 4.561516737384311432e-03
1.000000000000000000e+00 1.043679822445035654e+02 6.903073222503008921e-01 4.260240232288294848e+00 8.057988195527951772e-03 2.055121785429435757e-02
1.000000000000000000e+00 1.043837466994678209e+02 5.728447032143162421e-01 4.080645543336449244e+00 3.702402682056138601e-03 2.000537990083791143e-02
1.000000000000000000e+00 1.043479612985190670e+02 8.138223515322394741e-01 4.283191027679671414e+00 5.782832217932288438e-03 4.338532852633060488e-02
1.000000000000000000e+00 1.043940946026787202e+02 1.040109035704859020e+00 4.631911398183057749e+00 6.359019057771880638e-03 4.592635668634495461e-02
1.000000000000000000e+00 1.043775776324297198e+02 6.577605972225999409e-01 4.354081407183913122e+00 8.468191602903560322e-03 4.935038599328443049e-02
1.000000000000000000e+00 1.044882001041581958e+02 3.531431214695440191e-01 4.578363250116283645e+00 1.136706632787443973e-02 4.137219525432374312e-02
1.000000000000000000e+00 1.046373813280698215e+02 6.428317245327719309e-03 4.697402332932143487e+00 9.388395012909613382e-03 3.275289005394695779e-02
1.000000000000000000e+00 1.046062207521033969e+02 7.067866873329377297e-02 4.528662546855017013e+00 8.210612661664701273e-03 3.072561984393135798e-02
1.000000000000000000e+00 1.044839366591636178e+02 4.626983386762404948e-01 4.774788632124012722e+00 9.162118520345012215e-03 2.131142070151856652e-02
1.000000000000000000e+00 1.044423864457304632e+02 7.189767878746520235e-01 5.046313004289577187e+00 1.091450418523666997e-02 3.087917042787572883e-02
1.000000000000000000e+00 1.046606507625549369e+02 2.558187397813349584e-02 5.692493006895812613e+00 8.575706220962719256e-03 2.434024723583056576e-02
1.000000000000000000e+00 1.046090528042887371e+02 1.862553641167416785e-01 5.862182140300221000e+00 1.023571680648624818e-02 2.894712189009409492e-02
1.000000000000000000e+00 1.046755833240253821e+02 3.167761918030587154e-02 6.134576080759323702e+00 6.576115154019608264e-03 1.189073619143237934e-02
1.000000000000000000e+00 1.046579438831449806e+02 8.484549879733593869e-02 5.808621966800928682e+00 6.515545076499477950e-03 7.348796633569967644e-03
1.000000000000000000e+00 1.045901050908907592e+02 4.178798881501591955e-01 6.440119174019908854e+00 6.951207339928845534e-03 1.802239980986833183e-03
1.000000000000000000e+00 1.045864619771334105e+02 4.135104150383856481e-01 6.340461695868892633e+00 7.459721004201782038e-03 4.119250911819609048e-03
1.000000000000000000e+00 1.046070527629749307e+02 2.805254858265987528e-01 6.595424919065853153e+00 9.951376053551284559e-03 1.920184647260037014e-02
1.000000000000000000e+00 1.046423793988299451e+02 9.899533577581498545e-02 6.427997739179218684e+00 1.034448323041501326e-02 3.154193644394870377e-02
1.000000000000000000e+00 1.046635846186336352e+02 7.473143038776441927e-03 6.515020745159083582e+00 1.036355056508141310e-02 4.655868965650888230e-02
1.000000000000000000e+00 1.046624202751415567e+02 6.822239949929564604e-03 6.649399426295306448e+00 1.117874510739031400e-02 5.354713447109520075e-02
1.000000000000000000e+00 1.045943152506504106e+02 2.769580052305475326e-01 6.516111154818029050e+00 1.389398839878652758e-02 2.722553887073530035e-02
1.000000000000000000e+00 1.045741065270990475e+02 3.941949159160806349e-01 6.826968411460065056e+00 1.243712915672645289e-02 3.525379384996262661e-02
1.000000000000000000e+00 1.046109539305959117e+02 2.525568331503879604e-01 6.866907726665860245e+00 1.258876531960599968e-02 2.319097726418175437e-02
1.000000000000000000e+00 1.046378394115967438e+02 1.385949626497465226e-01 6.668304181887243054e+00 1.146504915223469333e-02 2.244924538348701260e-02
1.000000000000000000e+00 1.045529692444584242e+02 6.322408278570750273e-01 6.582312836492936192e+00 1.205852161870340881e-02 7.464021812825030744e-04
1.000000000000000000e+00 1.045153763068519197e+02 8.869284998259536756e-01 6.536290813342449546e+00 1.234781102804744304e-02 7.384908444008128799e-03
1.000000000000000000e+00 1.045604101782684126e+02 1.441991207383053419e+00 6.205211980002443006e+00 1.131258731112331183e-02 2.521884233919096177e-04
1.000000000000000000e+00 1.045297411550339319e+02 1.383445614761053877e+00 5.586401810488522912e+00 1.314622920414237894e-02 8.796159324123267731e-03
1.000000000000000000e+00 1.047961716170649993e+02 1.839672536751172593e+00 5.458712278013825525e+00 1.303802125475571512e-02 1.071626306389315483e-02
1.000000000000000000e+00 1.047334291945533096e+02 1.823011775983937488e+00 5.941804954726043420e+00 1.061699448367382954e-02 1.088320165705155239e-02
1.000000000000000000e+00 1.045282262688410810e+02 1.405570324441879793e+00 6.234432031753553538e+00 1.278352645342968781e-02 1.783425964603604919e-02
1.000000000000000000e+00 1.045073008458809767e+02 1.291493613106339478e+00 6.447138660217706985e+00 1.186747589841713295e-02 2.434537321304795776e-02
1.000000000000000000e+00 1.046098495197033600e+02 1.628444761035846344e+00 6.157151635550318858e+00 1.234021509474900538e-02 8.715900618151892904e-03
1.000000000000000000e+00 1.047796312097636076e+02 1.972698644955999336e+00 6.411420329756586156e+00 1.316180142154664209e-02 5.985062946308326165e-03
1.000000000000000000e+00 1.046322939938355745e+02 1.700320759428280759e+00 6.201617811498532973e+00 1.293113362231066051e-02 1.343001374981185950e-02
1.000000000000000000e+00 1.045679865331459268e+02 1.471126404087683914e+00 6.042507289551477534e+00 9.581644986467470482e-03 4.201208110111997324e-03
1.000000000000000000e+00 1.045813378126086661e+02 1.523595032332739629e+00 6.375657967351972211e+00 9.444348250276301399e-03 5.659052391437631793e-04
1.000000000000000000e+00 1.046974334801461737e+02 1.774883556769204951e+00 6.096333416533414429e+00 1.038652586905009119e-02 3.542229378944799622e-03
1.000000000000000000e+00 1.045223651562322260e+02 1.279553572211301615e+00 5.911515207390048765e+00 1.168249402361504728e-02 1.874914366610088302e-03
1.000000000000000000e+00 1.044970984924856197e+02 1.190710916450410162e+00 5.836451431048369720e+00 9.930087153231089911e-03 1.404304795853415083e-02
1.000000000000000000e+00 1.044879719456055085e+02 1.156226064863272285e+00 6.008551306410489623e+00 1.166499769617428128e-02 2.179769847602479327e-02
1.000000000000000000e+00 1.044837444545591865e+02 1.194620221065642030e+00 5.982688734776011152e+00 1.127591482137498859e-02 4.024291646845744308e-02
1.000000000000000000e+00 1.045083659823029762e+02 7.320925192724496711e-01 5.950907367744704857e+00 9.915847629969750179e-03 1.332144140096741536e-02
1.000000000000000000e+00 1.045193946824086737e+02 7.202122632746461584e-01 6.245479906593944364e+00 7.594816644010593878e-03 2.317184802156251749e-02
1.000000000000000000e+00 1.045083940058846537e+02 1.166023844584818336e+00 6.663728403604088690e+00 9.361888964527075030e-03 2.069796707594704147e-02
1.000000000000000000e+00 1.045454580358251349e+02 6.394241146344593618e-01 6.403650830829801244e+00 7.596710426089841803e-03 7.053635287231904000e-03
1.000000000000000000e+00 1.046146981626804831e+02 2.688969117526860964e-01 6.430323014611610155e+00 4.993861493670878962e-03 2.450277775580813472e-02
1.000000000000000000e+00 1.046249360175866343e+02 2.987419483194396208e-01 7.048174612156562269e+00 2.442912237396761312e-03 2.363409573082928331e-02
1.000000000000000000e+00 1.045820692734242812e+02 5.382679475961584803e-01 7.086967466361040024e+00 2.135040162029592375e-03 2.100133889128903003e-02
1.000000000000000000e+00 1.046926723277450151e+02 1.730260427250096544e-02 7.142287138128061486e+00 2.527864004026538110e-03 1.139568241700932710e-02
1.000000000000000000e+00 1.046022540037170643e+02 3.559918198064377926e-01 6.834759958270129054e+00 4.510887473327375441e-03 3.099211123951946603e-02
1.000000000000000000e+00 1.045228996889500621e+02 8.090919714361513027e-01 6.514059517805113053e+00 3.428330937735393075e-03 5.058128286472449858e-02
1.000000000000000000e+00 1.045087035738403216e+02 9.387350853835886300e-01 6.324390703373059530e+00 2.823139588212032584e-03 6.865980449153810672e-02
1.000000000000000000e+00 1.045310057803559971e+02 6.683674047823671138e-01 6.652661008155156708e+00 5.784431833272925955e-03 6.575533524887952619e-02
1.000000000000000000e+00 1.045927216445237065e+02 2.997512759600383658e-01 6.386446975935769821e+00 6.175720884056511151e-03 6.166004901933613142e-02
1.000000000000000000e+00 1.045225147469004980e+02 6.912341836793463035e-01 6.459840450005084556e+00 6.205019042134394917e-03 5.758256383013721225e-02
1.000000000000000000e+00 1.045185852672593683e+02 8.707208445010117259e-01 6.650103691719313481e+00 4.394907972821832619e-03 4.570106707182508554e-02
1.000000000000000000e+00 1.045831929998373937e+02 4.274667247825605365e-01 6.794694676787845999e+00 3.845485599515076520e-03 5.823656033113654845e-02
1.000000000000000000e+00 1.046251886387480283e+02 2.004204339692186032e-01 6.768220954748660922e+00 5.796477458664351691e-03 5.700622649337571540e-02
1.000000000000000000e+00 1.046598211347736509e+02 5.456856313698491001e-02 6.436683344945882013e+00 6.384953367887353896e-03 4.367792720792593175e-02
1.000000000000000000e+00 1.046478500289482412e+02 6.535449204228981068e-02 6.186381670228932705e+00 8.396381234656521281e-03 4.583729762183964829e-02
1.000000000000000000e+00 1.045783697139627861e+02 3.679186725328220664e-01 6.711382334894939738e+00 9.694797227294721029e-03 4.972783542276630608e-02
1.000000000000000000e+00 1.046355200312960960e+02 9.540552753532799413e-02 6.307339281426816768e+00 1.141786975341519371e-02 4.410912319314271718e-02
1.000000000000000000e+00 1.045850574710824219e+02 3.303406401962651340e-01 6.535246727685625423e+00 1.428097434214670516e-02 7.072787199239534417e-02
1.000000000000000000e+00 1.045751778755876558e+02 3.581340741791464999e-01 6.545578608951212018e+00 1.141590061505805623e-02 6.916701115975325276e-02
1.000000000000000000e+00 1.045939444906442191e+02 3.048152357989128425e-01 7.165400581394572477e+00 1.423655592460769739e-02 4.371128066393102640e-02
1.000000000000000000e+00 1.045409395206995384e+02 7.183235851807887595e-01 7.996552624866112957e+00 1.310465591435945251e-02 4.238300814701383840e-02
1.000000000000000000e+00 1.045099115130276601e+02 1.020423809274822124e+00 7.837829493532699310e+00 1.348304148562070627e-02 4.414107967347655898e-02
1.000000000000000000e+00 1.045085477117189754e+02 9.858354402355866686e-01 7.500614841734210891e+00 1.652745955838464190e-02 5.924041544765377976e-02
1.000000000000000000e+00 1.045329957316660057e+02 1.426913677620895271e+00 7.678607950131123516e+00 1.636728351335207596e-02 7.897568277887780097e-02
1.000000000000000000e+00 1.045105419363096644e+02 1.334139456567050575e+00 7.671137083956282687e+00 1.540470307851837979e-02 6.447573912596869794e-02
1.000000000000000000e+00 1.045369815404106646e+02 1.608402619740203043e+00 7.662659680494080305e+00 1.407266713774374053e-02 6.056775573005815372e-02
1.000000000000000000e+00 1.046524437504180725e+02 1.983026593048583974e+00 7.796242528349432988e+00 1.694342863184214107e-02 7.900346808582776881e-02
1.000000000000000000e+00 1.048022047114700115e+02 2.304048705335957070e+00 7.798539824889116012e+00 1.778164404433293933e-02 7.546260654990211147e-02
1.000000000000000000e+00 1.046884415198785234e+02 2.127095947787989605e+00 8.002815723127696401e+00 1.847911843019999292e-02 7.346592594702072709e-02
1.000000000000000000e+00 1.046088873148432441e+02 1.950728092001083436e+00 8.059710475706348021e+00 1.670519780540669075e-02 6.926627832639929705e-02
1.000000000000000000e+00 1.046342520832550207e+02 1.929990939923855509e+00 7.869373957038384937e+00 1.800969809155497994e-02 7.842454699298533061e-02
1.000000000000000000e+00 1.046510864928828255e+02 1.975340199896013171e+00 7.691408151700096951e+00 1.578170021471531764e-02 7.832034367780708883e-02
1.000000000000000000e+00 1.046436844063952663e+02 1.911641169099374649e+00 7.806025658237612852e+00 1.645422380272815871e-02 9.098080153749721344e-02
1.000000000000000000e+00 1.046569788820533802e+02 2.029525655516651650e+00 8.178318290446936700e+00 1.462030652212817534e-02 1.041469746084032755e-01
1.000000000000000000e+00 1.047117449567056440e+02 2.057058902955028135e+00 8.519350940438956243e+00 1.768087413294951518e-02 1.225653311444687837e-01
1.000000000000000000e+00 1.050686946668477901e+02 2.601175067036596289e+00 8.267106828905642857e+00 1.798169724574224040e-02 1.320428178299331567e-01
1.000000000000000000e+00 1.047981269977476586e+02 2.249411043692818080e+00 8.525443791134552640e+00 1.722545092250893708e-02 1.320371719681926459e-01
1.000000000000000000e+00 1.049824646627511697e+02 2.366803109210143585e+00 8.095673570253982376e+00 1.632482786717374956e-02 1.553846742506786449e-01
1.000000000000000000e+00 1.049184724101081372e+02 2.191638570371532424e+00 8.164160737553336489e+00 1.662927014643034510e-02 1.656770132925780015e-01
1.000000000000000000e+00 1.048729642851900365e+02 2.135636193095258761e+00 8.385776133922304254e+00 1.509073321985345342e-02 1.889728691940762151e-01
1.000000000000000000e+00 1.049325703833449523e+02 2.157706823296777543e+00 8.187038131196242574e+00 1.453465405964627678e-02 2.022492159742035334e-01
1.000000000000000000e+00 1.048442274082474341e+02 2.099508238093437562e+00 8.370819781533526793e+00 1.440796098312411080e-02 1.925637990984947479e-01
1.000000000000000000e+00 1.049093345862203535e+02 2.041117798144253648e+00 8.474695735773130068e+00 1.705007330911052083e-02 1.904856454397693133e-01
1.000000000000000000e+00 1.050871313003626994e+02 2.396782469049886899e+00 7.876915454839855890e+00 1.583999205812149785e-02 1.690941843304255010e-01
1.000000000000000000e+00 1.053202304465603305e+02 2.469417817534127035e+00 7.899498172010217090e+00 1.663299526027135766e-02 2.007488294096687054e-01
1.000000000000000000e+00 1.055703777338210756e+02 2.758836070165145760e+00 8.070745182337807577e+00 1.720711423266607643e-02 2.007029018180739588e-01
1.000000000000000000e+00 1.057457616002264018e+02 3.125657151210066154e+00 8.199022421498620261e+00 1.554615271238718628e-02 1.782343884450985905e-01
1.000000000000000000e+00 1.065379314262883241e+02 3.449663691496716478e+00 7.831449740151470884e+00 1.467656858974236006e-02 1.701484030488419341e-01
1.000000000000000000e+00 1.054751661863606245e+02 2.933718784393717360e+00 7.924438356503911152e+00 1.377376072045534069e-02 1.575897725825544937e-01
1.000000000000000000e+00 1.054269156369931437e+02 2.947277200380254314e+00 7.936112650974807892e+00 1.404268026398218169e-02 1.343172766037558918e-01
1.000000000000000000e+00 1.060525305981026492e+02 3.305719755074153721e+00 7.960829918695193186e+00 1.562532291550349992e-02 1.446146223637769512e-01
1.000000000000000000e+00 1.056921344855151972e+02 2.967544082365818348e+00 7.958016303702054373e+00 1.919941167244097052e-02 1.482632039491468545e-01
1.000000000000000000e+00 1.061310396976943196e+02 3.007315451160842645e+00 7.606043296461383107e+00 2.016029012150897734e-02 1.605987265307812217e-01
1.000000000000000000e+00 1.061985346788158751e+02 3.049861702434400357e+00 7.631416552776545181e+00 2.223641194028327245e-02 1.460546169163851327e-01
1.000000000000000000e+00 1.067822647328058707e+02 3.388297063643276985e+00 7.847289813961729088e+00 2.351504210800031691e-02 1.457820150040645968e-01
1.000000000000000000e+00 1.060059664265227610e+02 2.905454294176402552e+00 7.602673647647122834e+00 2.436674283288103177e-02 1.357478480221782913e-01
1.000000000000000000e+00 1.062502734926263628e+02 3.203169764515386930e+00 8.027710975255093473e+00 2.459580661645609234e-02 1.402011681099990525e-01
1.000000000000000000e+00 1.059684222837706500e+02 2.913422452720971112e+00 8.093601603557099011e+00 2.712116217886102396e-02 1.444425073149956107e-01
1.000000000000000000e+00 1.054713391079018692e+02 2.371890191081945432e+00 8.487156545534595864e+00 2.812146231952160694e-02 1.584835885199237793e-01
1.000000000000000000e+00 1.053913275330755113e+02 2.385689838611732227e+00 8.873225129894699137e+00 2.607289466622439433e-02 1.763442015721023715e-01
1.000000000000000000e+00 1.053825269581145250e+02 2.489286306176865526e+00 9.163055528406118810e+00 2.403375299233707560e-02 1.951515025260316116e-01
1.000000000000000000e+00 1.057629432102183245e+02 2.750378445839668728e+00 8.921796340240426559e+00 2.479783954193627918e-02 2.001792130683318349e-01
1.000000000000000000e+00 1.059315832246253137e+02 2.962722060484743736e+00 9.129845508980331203e+00 2.656743744839271462e-02 1.922871696468319291e-01
1.000000000000000000e+00 1.059933435388524856e+02 3.126795610308594764e+00 9.174233774683157705e+00 2.641390614267116743e-02 1.851711498679384504e-01
1.000000000000000000e+00 1.061052583830402227e+02 2.992580101736626474e+00 9.064833434484237173e+00 2.906976848950272585e-02 1.829999217001281320e-01
1.000000000000000000e+00 1.070625031370996822e+02 3.405032431938234794e+00 8.747307929857976561e+00 2.856512475105833435e-02 1.951292165883131147e-01
1.000000000000000000e+00 1.072453163038110944e+02 3.307749759893658492e+00 8.525289754233169148e+00 2.941617120133523111e-02 1.967331563315757592e-01
1.000000000000000000e+00 1.069070614493228391e+02 2.995989124410882276e+00 8.203942204634316226e+00 2.662308650861744744e-02 2.134595828435597309e-01
1.000000000000000000e+00 1.066391853420516469e+02 2.942305633336489201e+00 8.324608342418455820e+00 2.670058554462648517e-02 2.076271762116060904e-01
1.000000000000000000e+00 1.069483125777571644e+02 2.993051036997470771e+00 7.941104392209315854e+00 2.685704844370086913e-02 1.982201220551368936e-01
1.000000000000000000e+00 1.075399354286306419e+02 3.292135283708070848e+00 8.082407824440393185e+00 2.732355874508287860e-02 2.023910300443200194e-01
1.000000000000000000e+00 1.085427990840824179e+02 3.570443104456336503e+00 8.268062806952400479e+00 2.757338795119555416e-02 2.291212889552539378e-01
1.000000000000000000e+00 1.074713375999407390e+02 3.421130128385396763e+00 8.740614212546502060e+00 2.882885161297122148e-02 2.151003421164872365e-01
1.000000000000000000e+00 1.069816368877934707e+02 2.920060021790012783e+00 8.668096852320481105e+00 3.225282242818638262e-02 2.045799339995252319e-01
1.000000000000000000e+00 1.074457952743368736e+02 2.984694723832536312e+00 8.249255331661712987e+00 3.103813787505669414e-02 2.107588632431300624e-01
1.000000000000000000e+00 1.081242719516313002e+02 3.096030070629061548e+00 8.228055192508527682e+00 3.036332947399161819e-02 2.364524345180390452e-01
1.000000000000000000e+00 1.080930085958412690e+02 2.989307779895389316e+00 7.822627216033031239e+00 2.860147951198213634e-02 2.362466327471383076e-01
1.000000000000000000e+00 1.089192371258498184e+02 3.265449546851441731e+00 7.788709028864516881e+00 2.791398066326021901e-02 2.450759567620321433e-01
1.000000000000000000e+00 1.084041961387520558e+02 3.290039586744901712e+00 8.100569087477726526e+00 2.914773826027688280e-02 2.309649438456372050e-01
1.000000000000000000e+00 1.098093813946019566e+02 3.610693021911607126e+00 7.839716121405164273e+00 2.742592389951406875e-02 2.428759836214975931e-01
1.000000000000000000e+00 1.128451558525322440e+02 4.088981138248832359e+00 7.560879021920637655e+00 2.576388523443252573e-02 2.494379724423544942e-01
1.000000000000000000e+00 1.129874933026812016e+02 4.135285650780033961e+00 7.489940439040574383e+00 2.440382925885304158e-02 2.485505009690679723e-01
1.000000000000000000e+00 1.133857544816246445e+02 4.129114949338780427e+00 7.483305101231527701e+00 2.653047648522362939e-02 2.386750784739225806e-01
1.000000000000000000e+00 1.131640254247929249e+02 4.022711045671396590e+00 7.293014960991410334e+00 2.542992110443300854e-02 2.410606053677702421e-01
1.000000000000000000e+00 1.174423211992152432e+02 4.189605150108659970e+00 7.027492279958373445e+00 2.477540510108692390e-02 2.832611493293222260e-01
1.000000000000000000e+00 1.133569039224728954e+02 4.039464609921560090e+00 7.386565051601436949e+00 2.315584817206783885e-02 2.860007168037539960e-01
1.000000000000000000e+00 1.124483187655652330e+02 4.082021796104720934e+00 7.387928988114965456e+00 1.942012964930747362e-02 2.957956017270680360e-01
1.000000000000000000e+00 1.146971521570095263e+02 4.213536293854402537e+00 7.313006806040070806e+00 2.255143162308142352e-02 2.801089810272764935e-01
1.000000000000000000e+00 1.166723238638120961e+02 4.454341710144882782e+00 7.325832322683939246e+00 2.273462202425924339e-02 2.671568592565794487e-01
1.000000000000000000e+00 1.147748085812224446e+02 4.233197973128675073e+00 7.339276496306516684e+00 2.392104568552844840e-02 2.630865040842167990e-01
1.000000000000000000e+00 1.146828573349202145e+02 4.098197082508452382e+00 6.991413244439316443e+00 2.196134080766343546e-02 2.626481247389864659e-01
1.000000000000000000e+00 1.151978510700828053e+02 4.257997503879805024e+00 7.269698910927217206e+00 2.358196567203191263e-02 2.612123870670155501e-01
1.000000000000000000e+00 1.164074618490349167e+02 4.218398713855258109e+00 6.908762663501764045e+00 2.301268205931978131e-02 2.478419725709904431e-01
1.000000000000000000e+00 1.178978747740493560e+02 4.643166903131914935e+00 7.152227487512091919e+00 1.852900643464843594e-02 2.407946537645555551e-01
1.000000000000000000e+00 1.159487841259619358e+02 4.526350204968940361e+00 7.384750031730675346e+00 2.047528397715031243e-02 2.607964702833653337e-01
1.000000000000000000e+00 1.121931454360276774e+02 4.125414066941304192e+00 7.478158178551838731e+00 2.056465772836644709e-02 2.680038913370882403e-01
1.000000000000000000e+00 1.107485572126014972e+02 3.882274446800903167e+00 7.321392532272827047e+00 1.900872980608816695e-02 2.670301464770378219e-01
1.000000000000000000e+00 1.086452235000316762e+02 3.650795884329456786e+00 7.426073238749931527e+00 1.636088883623554660e-02 2.608233820861890484e-01
1.000000000000000000e+00 1.092686283723135290e+02 4.037717983404654376e+00 7.853988524399597715e+00 1.630130094203235611e-02 2.545624504520433429e-01
1.000000000000000000e+00 1.098224117582462469e+02 4.080763941100036263e+00 7.985715344260221116e+00 1.915726573175132938e-02 2.628349877011794122e-01
1.000000000000000000e+00 1.082629212877723575e+02 3.890740130348589787e+00 8.328466469633815095e+00 1.803499601457439136e-02 2.737303897823610832e-01
1.000000000000000000e+00 1.087390213430917640e+02 4.049117196171733823e+00 8.370381111106887317e+00 1.821324891962813886e-02 2.716169562652940850e-01
1.000000000000000000e+00 1.099669584687563457e+02 4.235988792867409813e+00 8.040819438867019997e+00 1.682047465755538360e-02 2.661283620310456177e-01
1.000000000000000000e+00 1.082570029801900944e+02 3.774393155870482630e+00 8.024158545106393703e+00 1.767616651447261392e-02 2.656894570737619587e-01
1.000000000000000000e+00 1.076736703082255815e+02 3.630109623359141224e+00 8.330068174667072611e+00 1.933241798930236330e-02 2.677892859583921870e-01
1.000000000000000000e+00 1.076500820822088116e+02 3.324300620696997832e+00 8.022431952306058989e+00 1.973786440631284528e-02 2.896415012910792397e-01
1.000000000000000000e+00 1.087204006168088029e+02 3.514408897123162845e+00 7.906268070238716028e+00 2.025456137980416460e-02 3.075913721742775109e-01
1.000000000000000000e+00 1.077048862552493773e+02 3.069822627072821053e+00 7.704739889256044805e+00 2.008694747758477464e-02 3.024613582663810973e-01
1.000000000000000000e+00 1.063363928855987552e+02 2.926992282680868307e+00 8.133308834451600688e+00 1.552841703840939294e-02 3.267895906973810050e-01
1.000000000000000000e+00 1.064782662534279183e+02 2.853029517177378516e+00 7.804720067390973348e+00 1.510980998402560241e-02 3.373913300518359693e-01
1.000000000000000000e+00 1.065183358054523239e+02 3.073790317416317919e+00 8.130717785555329868e+00 1.444186285334235660e-02 3.481338565294192500e-01
1.000000000000000000e+00 1.064466482766773510e+02 2.861065177928280523e+00 7.989649642702591592e+00 1.514388547827933210e-02 3.519842096762070827e-01
1.000000000000000000e+00 1.064138360092190823e+02 3.214591803771060352e+00 8.434323444470010145e+00 1.402211275944240630e-02 3.449779232826593600e-01
1.000000000000000000e+00 1.062604894347177122e+02 3.265529974786193002e+00 8.582667354664792470e+00 1.367222974622928078e-02 3.315303501036191980e-01
1.000000000000000000e+00 1.066692101182541705e+02 3.153372717398255975e+00 7.990619143137204894e+00 1.389467195255517963e-02 3.453400628235551717e-01
1.000000000000000000e+00 1.069364645577406492e+02 3.471330719916459806e+00 8.141357110087758642e+00 1.246176749060862350e-02 3.474092226847905751e-01
1.000000000000000000e+00 1.078627889779502880e+02 3.601977673276132830e+00 7.858916625060852645e+00 1.352048585046360107e-02 3.479436416962521927e-01
1.000000000000000000e+00 1.068816385372972064e+02 3.105091037078834937e+00 8.053771146082066679e+00 1.601276194792043001e-02 3.400347265471614366e-01
1.000000000000000000e+00 1.081125754008058948e+02 3.342865579341649074e+00 7.860732844323361945e+00 1.831794929048743970e-02 3.324421478829404641e-01
1.000000000000000000e+00 1.072028569158111679e+02 2.952526008361650689e+00 7.741618662606249757e+00 1.700611715325086454e-02 3.488357947497987555e-01
1.000000000000000000e+00 1.076635279144760773e+02 2.806561296096760305e+00 7.821908139129484461e+00 2.002932359467309367e-02 3.563329372969403219e-01
1.000000000000000000e+00 1.067869118389268834e+02 2.367671578244778807e+00 7.928061655438300548e+00 2.012573879186299250e-02 3.468498767068350364e-01
1.000000000000000000e+00 1.063082327768989472e+02 2.048037829305543678e+00 8.221645848736907070e+00 1.965625869531813230e-02 3.620072140708968655e-01
1.000000000000000000e+00 1.060402465795456095e+02 2.108802924914426669e+00 8.258495159863493029e+00 1.817407287991026216e-02 3.580175388575994044e-01
1.000000000000000000e+00 1.065632146143487233e+02 2.504547958469665492e+00 8.005107186992452384e+00 1.817516747589570728e-02 3.549706820184277967e-01
1.000000000000000000e+00 1.064663755753942098e+02 2.580640452052821665e+00 8.182369972190729257e+00 1.765101692596267313e-02 3.603545197388856591e-01
1.000000000000000000e+00 1.065514428077172653e+02 2.238755794326556359e+00 8.077848396662780317e+00 1.966130845910431940e-02 3.591692213317398408e-01
1.000000000000000000e+00 1.069435971245847696e+02 2.363037609257951033e+00 7.942434239347931246e+00 2.016367606483003561e-02 3.627769478097432332e-01
1.000000000000000000e+00 1.067848461620806404e+02 2.179606028604662349e+00 7.820583598275506532e+00 1.987446696451145717e-02 3.657130421512973517e-01
1.000000000000000000e+00 1.070502474455276030e+02 2.173613802664285277e+00 7.977557950535496545e+00 2.139795899736405757e-02 3.698960762714177952e-01
1.000000000000000000e+00 1.065476691030127228e+02 2.169380016762075591e+00 8.155736658037426423e+00 2.019943120944991607e-02 3.601474897246199069e-01
1.000000000000000000e+00 1.068042954007990630e+02 2.086540187642084376e+00 8.276738599419125819e+00 2.142924633120240827e-02 3.767364317970798293e-01
1.000000000000000000e+00 1.078566595114361064e+02 2.537868443210895553e+00 8.388286198941225180e+00 2.313814827296566817e-02 3.912421204963614230e-01
1.000000000000000000e+00 1.078149740427398342e+02 2.501873759925494323e+00 8.674743907897024542e+00 2.328057560605594975e-02 4.126299931927850384e-01
1.000000000000000000e+00 1.073716106190793482e+02 2.526472994575449160e+00 8.614640558046922081e+00 2.128689513290983604e-02 4.131256750389690202e-01
1.000000000000000000e+00 1.076894732533310588e+02 2.476914140069867987e+00 8.593762034477844480e+00 2.198033796733425346e-02 4.288547672998865301e-01
1.000000000000000000e+00 1.071170320982682398e+02 2.051396947036554952e+00 8.642705777036097103e+00 2.162982573526183588e-02 4.341465510667802397e-01
1.000000000000000000e+00 1.063128761081134286e+02 2.068541691474060862e+00 9.171659608466896429e+00 1.990735093738791456e-02 4.211778094334814315e-01
1.000000000000000000e+00 1.062068241753088245e+02 2.434611744458872185e+00 8.865669792086132261e+00 1.684548099538656432e-02 4.285158013321883064e-01
1.000000000000000000e+00 1.058233644373203362e+02 2.321449585285694006e+00 8.611633132702488425e+00 1.476806881865118729e-02 4.214949579851076655e-01
1.000000000000000000e+00 1.052469304324676216e+02 2.163468924760173273e+00 8.531117131534315945e+00 1.140379091520814583e-02 4.175965255525308506e-01
1.000000000000000000e+00 1.053391390829548016e+02 1.796458161972388501e+00 8.231430279504952097e+00 1.279918900946118952e-02 4.190045236493839531e-01
1.000000000000000000e+00 1.054426082491325189e+02 2.231662612905926935e+00 7.923921520839633637e+00 1.135282670480124330e-02 4.090303107120689674e-01
1.000000000000000000e+00 1.053787056828879400e+02 1.947079066740175390e+00 7.924755557110181314e+00 1.270770286282982449e-02 3.879724551536609667e-01
1.000000000000000000e+00 1.051079113038174881e+02 1.783857202477141302e+00 7.932660992067410710e+00 1.123312241696803986e-02 3.850476001605450116e-01
1.000000000000000000e+00 1.050469042119764396e+02 1.805833486082292660e+00 8.061716171652019369e+00 1.086664486588321231e-02 3.833175464240669572e-01
1.000000000000000000e+00 1.050853685378445732e+02 1.953961827959826536e+00 8.138021629766795328e+00 1.092634278677469088e-02 3.785097318916479936e-01
1.000000000000000000e+00 1.050645803342646190e+02 2.392497588487459304e+00 8.119328878895657908e+00 8.295034541760280475e-03 3.698967706208379225e-01
1.000000000000000000e+00 1.047907515976010870e+02 1.831200376331499680e+00 8.305385112998107999e+00 8.274199558713075248e-03 3.772668293252561256e-01
1.000000000000000000e+00 1.048061943025164169e+02 1.489225153266846124e+00 8.147051546563826463e+00 9.622671691571042796e-03 3.637296025328278781e-01
1.000000000000000000e+00 1.048898955743321011e+02 1.531879154538884791e+00 7.836522975001125602e+00 1.007390156892115640e-02 3.666015089262703031e-01
1.000000000000000000e+00 1.048460552679034095e+02 1.891072794091079423e+00 7.650210461829504816e+00 8.045678015859026450e-03 3.536152157837496590e-01
1.000000000000000000e+00 1.051065900233221413e+02 2.006334646666572130e+00 7.445875045949586379e+00 1.021208823538602775e-02 3.425499119847064677e-01
1.000000000000000000e+00 1.054248566588231455e+02 2.465890648811051911e+00 7.392683910204837616e+00 9.672346950570660448e-03 3.375963898012483422e-01
1.000000000000000000e+00 1.056045788609458072e+02 2.522504717116812234e+00 7.319491020267129500e+00 1.060060632185343479e-02 3.292263214732130128e-01
1.000000000000000000e+00 1.058039955738013447e+02 2.699036989143038578e+00 7.021364155435637855e+00 8.793691851649101249e-03 3.300448238303695381e-01
1.000000000000000000e+00 1.054095403603440531e+02 2.303917297114512763e+00 7.190771498441678844e+00 1.077249564001144140e-02 3.187720288902509136e-01
1.000000000000000000e+00 1.052554615937105780e+02 1.932028005158359374e+00 7.369734041906499833e+00 1.242671705976978319e-02 3.216183463539717957e-01
1.000000000000000000e+00 1.049853840848666664e+02 1.720816418673201120e+00 7.324446987780597773e+00 1.031892035223725725e-02 3.365259758866430140e-01
1.000000000000000000e+00 1.049767665386581541e+02 1.979981984407788831e+00 7.113927078806921322e+00 7.997760475403013422e-03 3.509489501888606311e-01
1.000000000000000000e+00 1.053056912252437201e+02 2.015083627968160318e+00 6.836286426037775144e+00 1.016525064495422438e-02 3.492078696781730773e-01
1.000000000000000000e+00 1.051786707216012218e+02 1.846596937240690961e+00 6.849218321444711322e+00 1.060718209029153439e-02 3.322721812365060923e-01
1.000000000000000000e+00 1.053219858999682401e+02 2.073846148281021762e+00 6.584468883233705050e+00 1.039525675292234802e-02 3.019602222274622716e-01
1.000000000000000000e+00 1.052568963985684292e+02 2.263740067270392675e+00 6.653519532095268474e+00 8.110179286298271895e-03 2.997303989118011436e-01
1.000000000000000000e+00 1.050545681993575329e+02 2.055709581372198613e+00 6.636463794167581476e+00 7.603412024635072125e-03 3.181412136093647036e-01
1.000000000000000000e+00 1.052019032083792069e+02 2.397145609066442251e+00 7.106573108675786621e+00 6.965547434361524064e-03 3.338062400459370638e-01
1.000000000000000000e+00 1.049420239311121890e+02 2.093241691582985009e+00 7.082685072417586269e+00 6.801220813512827597e-03 3.354530521868120951e-01
1.000000000000000000e+00 1.051852685967364920e+02 2.495096234038572280e+00 7.043367770290705820e+00 4.572045669581557142e-03 3.365039395478530704e-01
1.000000000000000000e+00 1.049281361794379421e+02 2.194183030314884597e+00 6.721025647527500091e+00 3.240934863696039170e-03 3.334545923169456305e-01
1.000000000000000000e+00 1.050484784088626924e+02 2.116344716365702983e+00 6.207888751886129874e+00 5.137183707187849974e-03 3.151185440121492820e-01
1.000000000000000000e+00 1.048967817365515174e+02 2.148088042984575452e+00 6.713083570792192312e+00 3.548982648594100307e-03 3.264568958658248810e-01
1.000000000000000000e+00 1.049634417800451871e+02 2.339646162837664356e+00 7.080005415260933965e+00 2.733051986242480275e-03 3.290080793841346218e-01
1.000000000000000000e+00 1.052096327275119734e+02 2.464880989329016447e+00 6.791450325714687430e+00 4.083394461417183714e-03 3.159842110368754065e-01
1.000000000000000000e+00 1.050629947188992048e+02 2.313136629329358485e+00 6.680181174310748204e+00 3.983894756310587919e-03 3.011348968052886543e-01
1.000000000000000000e+00 1.051294471615934611e+02 2.347932399556224681e+00 6.494251794734862138e+00 2.252717012747066858e-03 3.224249398822716661e-01
1.000000000000000000e+00 1.051911321367518752e+02 2.482642985223252996e+00 6.790278357889047101e+00 1.553796588876532256e-03 3.153931878949677303e-01
1.000000000000000000e+00 1.056098560365180248e+02 2.712198121078555957e+00 6.643069137681403724e+00 9.240862602990902947e-04 3.057083253205540307e-01
1.000000000000000000e+00 1.054182241116419476e+02 2.576487576914091360e+00 6.596453153058699392e+00 3.194294140279553464e-04 2.935548769763635657e-01
1.000000000000000000e+00 1.071051468390228791e+02 3.350363097314881689e+00 6.817739772930578646e+00 1.658258547248317428e-04 3.020546411513008178e-01
1.000000000000000000e+00 1.055650361067752954e+02 2.782192289978247857e+00 6.950201736427001009e+00 5.304694049326827551e-04 3.231087385992270633e-01
1.000000000000000000e+00 1.054930447462590877e+02 2.753547752664492698e+00 7.015945607034900000e+00 1.686618059246699532e-04 3.052132676148868740e-01
1.000000000000000000e+00 1.048767846812504558e+02 2.208946126027018231e+00 7.005262898952779871e+00 3.097389602359561407e-03 3.258308413059886055e-01
1.000000000000000000e+00 1.047403402456938153e+02 2.007219471091771901e+00 6.958745289024165892e+00 2.283420789073971509e-03 3.239021119644492908e-01
1.000000000000000000e+00 1.047895197361784625e+02 2.130092168272584630e+00 7.198437876096736687e+00 2.973016672107895580e-03 3.382880593418448600e-01
1.000000000000000000e+00 1.051330683336717442e+02 2.412563024664226674e+00 7.060371671571761709e+00 5.450439720946956279e-03 3.341555407479038231e-01
1.000000000000000000e+00 1.052332342396454976e+02 2.659015291654881707e+00 7.345354691488461540e+00 3.806107785252810672e-03 3.247259135955285481e-01
1.000000000000000000e+00 1.051941174940233026e+02 2.576764763536621317e+00 7.103812146341887512e+00 1.865429109765244899e-03 3.206392335643263314e-01
1.000000000000000000e+00 1.054905167283624650e+02 2.872597576733847191e+00 7.387533385578353595e+00 3.499837925086208591e-03 3.251534340957930591e-01
1.000000000000000000e+00 1.054220211518037047e+02 2.804974080667052672e+00 7.412520226606716278e+00 4.455973985079794003e-03 3.426743761790455034e-01
1.000000000000000000e+00 1.051080677597481952e+02 2.690752044957102296e+00 7.797524103331200607e+00 3.322424248622571786e-03 3.383784405248098648e-01
1.000000000000000000e+00 1.055912224566612707e+02 2.986102433629922892e+00 7.641674491291703397e+00 4.942032491428126340e-03 3.436222268050982409e-01
1.000000000000000000e+00 1.052119560474006903e+02 2.696717533567256186e+00 7.619579046058729155e+00 4.557535336671837689e-03 3.475362360409874896e-01
1.000000000000000000e+00 1.049850869667886144e+02 2.416166111010138451e+00 7.285826937924105628e+00 2.842581442697495256e-03 3.439999912300881757e-01
1.000000000000000000e+00 1.049206569024303093e+02 2.319462172938363320e+00 7.211612197810169711e+00 6.589335596281073112e-04 3.561456632530350941e-01
1.000000000000000000e+00 1.046700405056240584e+02 1.832371672218004566e+00 6.990939544614719559e+00 1.346850722934781180e-04 3.558575234880341776e-01
1.000000000000000000e+00 1.047079022378712096e+02 1.905113426905178375e+00 6.794832274993801491e+00 8.394839131984176269e-04 3.702920107845482645e-01
1.000000000000000000e+00 1.046091695222112037e+02 1.640242684309278554e+00 6.722922617675959778e+00 4.100970439688595868e-04 3.751990369478409026e-01
1.000000000000000000e+00 1.047300791845415660e+02 1.912500512435824973e+00 6.632535784774407972e+00 7.575651688674314059e-04 3.621992699242570501e-01
1.000000000000000000e+00 1.048439511060457363e+02 2.131617353091201927e+00 6.877776330521336412e+00 2.790943219604912536e-03 3.672080686357443446e-01
1.000000000000000000e+00 1.049611122140802308e+02 2.043066799166019631e+00 6.666695743198055801e+00 5.979102230184095770e-03 3.550242270501025588e-01
1.000000000000000000e+00 1.049288298568552023e+02 1.866866591469898751e+00 6.952840616106240823e+00 7.848154736867812842e-03 3.497416732578415011e-01
1.000000000000000000e+00 1.049968431818276002e+02 1.719110477064220932e+00 6.579767671584020761e+00 8.621454630495293744e-03 3.507414910000380970e-01
1.000000000000000000e+00 1.053175019697919055e+02 2.116823030930401917e+00 6.458486364639017374e+00 8.644556970655395758e-03 3.385339067891384723e-01
1.000000000000000000e+00 1.051948886541213426e+02 2.076076531984741624e+00 6.165513170338639881e+00 7.286500191023541177e-03 3.221666970536983254e-01
1.000000000000000000e+00 1.051171869477989276e+02 1.980741187614376120e+00 6.452973570947786008e+00 8.060045880062824755e-03 3.351058114704076329e-01
1.000000000000000000e+00 1.050016457699727113e+02 1.767265254561559029e+00 6.934160770202007384e+00 9.554696329386672127e-03 3.328264401659019045e-01
1.000000000000000000e+00 1.055517790352208181e+02 2.044434374359747508e+00 6.993815028648024068e+00 1.247303972181754671e-02 3.391053277697233526e-01
1.000000000000000000e+00 1.053800025079012102e+02 2.096606080949286355e+00 7.139039962427228936e+00 1.128584586877361476e-02 3.405720661944822703e-01
1.000000000000000000e+00 1.053689124818267828e+02 1.683561316945204389e+00 7.290286001832769536e+00 1.386552461867528348e-02 3.344463552970986520e-01
1.000000000000000000e+00 1.051923837912461437e+02 1.657769696486839583e+00 7.584631955456254460e+00 1.409999831525535728e-02 3.085898553541638334e-01
1.000000000000000000e+00 1.049484948238598463e+02 1.805798972503749322e+00 7.965917040997901211e+00 1.134187454790382653e-02 3.179160800746037574e-01
1.000000000000000000e+00 1.046569100969673656e+02 1.496708950196466326e+00 8.083546696391413988e+00 7.847482302074234792e-03 3.209022203773199688e-01
1.000000000000000000e+00 1.048206278526246678e+02 2.156138848111870399e+00 8.184699709807956580e+00 7.488941785247844006e-03 3.308960393976478342e-01
1.000000000000000000e+00 1.050460931980011452e+02 2.410524494448338828e+00 7.968885025084190055e+00 8.783695823922438306e-03 3.051869695260233106e-01
1.000000000000000000e+00 1.050473956137918776e+02 2.440121620618918463e+00 8.154210316909347611e+00 9.246048689763839562e-03 3.030767661918826739e-01
1.000000000000000000e+00 1.052543593092801189e+02 2.730932241553656326e+00 7.975526594349681808e+00 8.056745078832807175e-03 2.955196134409426856e-01
1.000000000000000000e+00 1.048953346606129315e+02 2.451679860003784128e+00 8.178701221696304202e+00 6.611362003380097385e-03 2.804321987753321532e-01
1.000000000000000000e+00 1.049357488750558360e+02 2.498342659824981382e+00 8.210865604691539588e+00 6.777238808615405202e-03 2.941071893895944589e-01
1.000000000000000000e+00 1.047955742141526372e+02 2.603342865368914794e+00 9.007383793498258129e+00 3.959823736413684708e-03 2.941396405838406780e-01
1.000000000000000000e+00 1.049506918565658680e+02 2.860104267173058545e+00 9.073701386725122831e+00 4.957516887276983142e-03 3.049988074682017936e-01
1.000000000000000000e+00 1.051779554250581015e+02 3.040035355194450339e+00 8.831196112566162881e+00 5.828364911792421887e-03 3.098518150263148696e-01
1.000000000000000000e+00 1.050466736781666555e+02 2.819739677965003910e+00 8.493542205530438594e+00 4.069390184105202424e-03 3.429171522222530522e-01
1.000000000000000000e+00 1.049516181334983003e+02 2.486925925705858464e+00 8.389221067749444316e+00 7.535878077187339180e-03 3.209423958964294776e-01
1.000000000000000000e+00 1.050697412017851349e+02 2.938664811059344739e+00 8.707973030256555447e+00 3.084332072114177002e-03 3.235564714083094540e-01
1.000000000000000000e+00 1.048134949332458348e+02 2.666902788623230158e+00 9.074350003720304869e+00 2.780532157595318361e-03 3.291196716278492751e-01
1.000000000000000000e+00 1.046885891130264667e+02 2.434776627287281503e+00 9.314976137501265185e+00 1.596645704903795109e-03 3.374328770406997968e-01
1.000000000000000000e+00 1.046359678875338091e+02 2.272501813701608864e+00 9.556192153964618186e+00 4.194307281918985102e-03 3.505092080222265705e-01
1.000000000000000000e+00 1.047641448132423392e+02 2.651849579823330583e+00 9.528543596847324437e+00 4.238017628868567636e-03 3.427109334872345814e-01
1.000000000000000000e+00 1.047863815563449066e+02 2.323103604386387744e+00 9.271713923661447865e+00 8.157637447157244093e-03 3.381360297434059525e-01
1.000000000000000000e+00 1.047489184186533038e+02 2.442132762276898017e+00 9.066755601034603984e+00 5.051333536541611352e-03 3.494904109947418736e-01
1.000000000000000000e+00 1.048983388141766540e+02 2.692146398537013319e+00 8.689411488552671869e+00 3.379670743840828325e-03 3.453359288892482448e-01
1.000000000000000000e+00 1.046622286671450013e+02 2.135910683448986269e+00 8.423177290727046795e+00 3.152289165059959149e-03 3.571292191693078433e-01
1.000000000000000000e+00 1.045849723141063095e+02 1.928966410461153691e+00 8.842405609046048554e+00 3.437103569063766975e-03 3.362722478348725286e-01
1.000000000000000000e+00 1.047421903550511502e+02 2.460253437120496045e+00 9.046730787449110522e+00 4.410062272280898532e-03 3.429040536412537588e-01
1.000000000000000000e+00 1.048925878687489899e+02 2.720862309948725688e+00 9.177013512343135559e+00 5.751220964108354379e-03 3.599402304176612666e-01
1.000000000000000000e+00 1.047371397050823134e+02 2.477428856517246203e+00 9.132769123428037261e+00 3.848172041037439903e-03 3.801267098654160792e-01
1.000000000000000000e+00 1.046188000732472005e+02 2.051086855663925235e+00 8.653452641182104443e+00 1.318021605153803753e-03 3.956224097776916970e-01
1.000000000000000000e+00 1.046234604847142009e+02 2.060299097730678319e+00 8.930566499160294214e+00 3.849891961512537375e-03 3.973014343989582642e-01
1.000000000000000000e+00 1.046412254620027795e+02 2.220576713751007958e+00 9.027889075464015534e+00 2.087769199340709474e-03 3.939650183313961884e-01
1.000000000000000000e+00 1.045603318422254375e+02 1.719476220993846560e+00 9.147474688062176895e+00 2.694290626120321615e-04 3.971969468452168917e-01
1.000000000000000000e+00 1.045315483087092474e+02 1.455645100114320911e+00 9.111078310738090380e+00 1.791691649250798509e-03 3.931431893286717605e-01
1.000000000000000000e+00 1.045406542260643903e+02 1.340393660597408498e+00 8.939666549554589281e+00 5.168193084043285097e-04 4.013407658929092348e-01
1.000000000000000000e+00 1.045534233058991873e+02 1.109788143173552788e+00 9.053516140143793578e+00 1.293993511688007296e-04 3.928724978244652055e-01
1.000000000000000000e+00 1.045371230028247993e+02 1.323565078004070639e+00 9.082026916357962776e+00 8.588204231889175503e-04 3.946187885371144621e-01
1.000000000000000000e+00 1.045312822964369701e+02 1.393225183349774854e+00 9.448730056428640722e+00 2.455092534873520339e-03 4.086625154611665534e-01
1.000000000000000000e+00 1.045741141967643415e+02 1.028645977964947500e+00 9.757328253833795983e+00 4.906570519234110424e-03 4.215503489273284554e-01
1.000000000000000000e+00 1.045693384518276048e+02 8.912707608644182544e-01 9.351929964231983305e+00 4.054011528431025226e-03 4.223663316768770937e-01
1.000000000000000000e+00 1.046753411805296992e+02 8.823091890437054774e-01 9.862101803530189059e+00 7.943324450606603984e-03 4.255536439269565485e-01
1.000000000000000000e+00 1.046809052230500896e+02 8.335472773256353829e-01 9.847544022756428816e+00 7.784108607303377378e-03 4.393322588671944584e-01
1.000000000000000000e+00 1.046753741681116310e+02 7.352699205322535958e-01 9.898922345346109708e+00 7.229054740591250167e-03 4.576445276400640805e-01
1.000000000000000000e+00 1.047993257114512460e+02 1.245106352617725287e-01 1.008853603535522758e+01 8.906252115460411983e-03 4.463961259938334925e-01
1.000000000000000000e+00 1.047284337249143960e+02 2.705478289083601551e-03 1.032733989765434401e+01 6.346746060632449046e-03 4.400232765747047470e-01
1.000000000000000000e+00 1.047493518206452450e+02 3.707688281814793679e-02 9.872230764004035208e+00 7.324690699727481706e-03 4.235403764131281390e-01
1.000000000000000000e+00 1.046994779993230935e+02 2.055824235654935273e-01 9.587263519433145476e+00 6.217959676895788886e-03 4.297933053774620760e-01
1.000000000000000000e+00 1.047466045647640982e+02 1.486591188644948713e-01 9.771180307889789418e+00 7.478680071149598069e-03 4.395393586216040371e-01
1.000000000000000000e+00 1.047357265353483484e+02 1.033896659240284288e-01 9.012916752089250139e+00 6.204518819262622165e-03 4.635954440442188185e-01
1.000000000000000000e+00 1.046423355519657861e+02 4.576465296243141800e-01 8.920168621905352424e+00 4.976313379997779340e-03 4.523645884181786703e-01
1.000000000000000000e+00 1.046250340296563763e+02 7.677372091102099283e-01 8.509393055873770706e+00 5.507920368934186503e-03 4.497009328065864620e-01
1.000000000000000000e+00 1.045857532341557601e+02 6.015072755626529322e-01 8.553134007340851497e+00 8.925386849365536668e-04 4.265645213882168774e-01
1.000000000000000000e+00 1.045652684273647424e+02 8.046104542535854609e-01 8.659880149205642752e+00 6.473317576549728449e-04 4.319008951608898639e-01
1.000000000000000000e+00 1.045770721234872127e+02 7.245142457943639647e-01 8.669165374641254473e+00 4.349818485620062262e-04 4.338719793930007618e-01
1.000000000000000000e+00 1.045957357666056851e+02 5.838080114249031283e-01 8.579672286487099342e+00 3.268331073044729307e-04 4.165362028478339362e-01
1.000000000000000000e+00 1.045630471814207709e+02 6.953421236502810299e-01 8.136554161141170027e+00 1.647627109653084388e-03 4.140741574878233355e-01
1.000000000000000000e+00 1.046099815721347994e+02 4.528985617449668988e-01 7.780754012928286834e+00 3.794074611998555710e-03 4.157082182534082571e-01
1.000000000000000000e+00 1.045988077054807945e+02 5.449370817909209297e-01 8.042884842056453820e+00 3.938034796975500330e-03 4.092096076815620598e-01
1.000000000000000000e+00 1.046452416454176273e+02 3.615063106331544152e-01 8.203458170652448089e+00 4.854010722003220847e-03 4.067743150557641685e-01
1.000000000000000000e+00 1.046303847986554558e+02 2.701156814063745970e-01 8.347433364420421498e+00 2.270613916540459298e-03 3.869254352599765800e-01
1.000000000000000000e+00 1.045922836664128113e+02 5.865790494186865489e-01 8.251174125318049946e+00 4.131507050273856667e-03 3.791096028102965976e-01
1.000000000000000000e+00 1.045679420333811578e+02 6.470427850993203389e-01 8.182659650951114472e+00 2.315950936216773157e-03 3.428706681616875418e-01
1.000000000000000000e+00 1.045788286833515031e+02 6.423340545658111633e-01 8.113081351346220771e+00 3.887919088525775349e-03 3.665981598717746870e-01
1.000000000000000000e+00 1.046980093027029142e+02 2.692172398403011591e-01 8.324777176648208155e+00 6.898926836534696218e-03 3.624084566412971165e-01
1.000000000000000000e+00 1.046266301930092624e+02 4.430290684777924426e-01 8.424006723832956567e+00 5.416345823995455562e-03 3.420688059825604532e-01
1.000000000000000000e+00 1.046828849779814306e+02 3.161851939696674885e-01 8.226500677085697433e+00 7.065385451595071649e-03 3.357258545639723035e-01
1.000000000000000000e+00 1.047031710001469236e+02 2.922660758624650579e-01 8.160775429655512170e+00 7.545075767393075346e-03 3.378728276307905731e-01
1.000000000000000000e+00 1.047790461139848617e+02 3.621544295669601454e-01 8.686976282187174547e+00 1.020542392269462723e-02 3.388366603438390801e-01
1.000000000000000000e+00 1.047717746592522303e+02 2.870666997028863965e-01 8.855078977056193068e+00 1.043274471176955896e-02 3.207788123217494292e-01
1.000000000000000000e+00 1.048405279916953532e+02 2.770297224105972012e-02 8.651723757780903412e+00 1.075050593264945120e-02 3.305272757825295504e-01
1.000000000000000000e+00 1.047459485104125463e+02 5.592365452913012902e-01 8.561397875012431768e+00 1.048408184444299222e-02 3.145759287147335548e-01
1.000000000000000000e+00 1.047970786155815119e+02 6.267792324682441851e-02 8.351548701497472749e+00 1.113859488430631733e-02 2.757618644236674577e-01
1.000000000000000000e+00 1.047073044012496723e+02 3.227540566969816505e-01 8.416035824829600998e+00 1.008905479813109254e-02 2.606774431362388067e-01
1.000000000000000000e+00 1.047515919472189836e+02 4.989027508165952418e-01 8.588118787798924458e+00 1.158465368957546995e-02 2.814610149324834887e-01
1.000000000000000000e+00 1.048570197098822092e+02 3.159493308178780158e-01 8.763545478777203357e+00 1.449023125611853188e-02 2.684421174831693735e-01
1.000000000000000000e+00 1.048100637814344651e+02 2.055069471714583151e-01 9.214029727298052919e+00 1.334617991294638657e-02 2.711892145494614881e-01
1.000000000000000000e+00 1.047906123327055496e+02 4.582047715115017406e-01 9.460929707261469090e+00 1.373212551452571498e-02 2.750728737464357976e-01
1.000000000000000000e+00 1.046715295931879695e+02 5.959418906464115651e-01 9.655380055855077970e+00 9.884127023368331072e-03 2.913298789414390799e-01
1.000000000000000000e+00 1.047242595097246181e+02 6.516482675376994438e-01 9.628058924902010318e+00 1.144081859290454854e-02 3.030700599583769916e-01
1.000000000000000000e+00 1.047940267161162780e+02 7.870293578863669648e-01 9.824613574121883630e+00 1.372221946897268612e-02 3.019724397552999706e-01
1.000000000000000000e+00 1.046952701216283117e+02 1.049798862737843175e+00 9.271104942487674805e+00 1.172400314383148859e-02 2.801426244500980767e-01
1.000000000000000000e+00 1.046639885576039575e+02 1.123966347610719785e+00 9.287926146241890279e+00 1.093218618158321026e-02 2.787700334015651982e-01
1.000000000000000000e+00 1.046193103400311912e+02 1.354455753919852956e+00 8.854781826695683478e+00 8.873171206510365241e-03 2.850674870440489395e-01
1.000000000000000000e+00 1.045746495681386392e+02 1.349450765653514628e+00 9.636288415091664561e+00 8.026565613668351640e-03 2.740309077167621954e-01
1.000000000000000000e+00 1.045759588314100910e+02 1.836615505992315267e+00 9.850201219739608050e+00 7.343697823948983419e-03 2.656061260319454997e-01
1.000000000000000000e+00 1.046033482663466287e+02 1.565807753655065415e+00 9.709458766615764347e+00 1.002577662084175314e-02 2.492838793738110792e-01
1.000000000000000000e+00 1.046097779652124302e+02 1.561450155856653144e+00 9.599757464883809988e+00 1.041566068678270555e-02 2.431843252151700552e-01
1.000000000000000000e+00 1.046958896037567968e+02 1.915146294583483622e+00 9.816315403540944118e+00 1.180288410590974238e-02 2.606546277667978195e-01
1.000000000000000000e+00 1.047340773341213094e+02 2.186359054580162997e+00 9.944395815178770803e+00 1.151467142670068583e-02 2.661961061887235802e-01
1.000000000000000000e+00 1.046609574387658057e+02 2.274636217521920134e+00 9.805458920566154646e+00 7.920221911103966436e-03 2.675829250543655391e-01
1.000000000000000000e+00 1.046543120969623715e+02 2.334051640334282141e+00 1.029371314166841245e+01 8.109710703381040053e-03 2.791037765211807908e-01
1.000000000000000000e+00 1.047896819009604883e+02 2.485047504513814065e+00 1.047009772014733642e+01 1.081695025549903912e-02 3.084093655230547570e-01
1.000000000000000000e+00 1.047766369237995860e+02 2.311742534119962666e+00 1.023005479725955169e+01 1.059266362950581769e-02 3.221656814322700346e-01
1.000000000000000000e+00 1.046785980316459188e+02 2.087152696919070571e+00 1.038170907444112423e+01 9.680493795283809377e-03 3.161759655790483126e-01
1.000000000000000000e+00 1.048319979709870751e+02 2.236449529115608126e+00 9.957392317224895706e+00 1.149269210553296658e-02 3.236586770080172593e-01
1.000000000000000000e+00 1.049563362484877729e+02 2.536712434187105458e+00 9.954906055107938911e+00 1.169785164946265076e-02 3.330774145269058129e-01
1.000000000000000000e+00 1.049516275189444485e+02 2.329330710956494688e+00 1.001657556882447153e+01 1.257750234947293058e-02 3.426796047863031047e-01
1.000000000000000000e+00 1.050854952887579259e+02 2.958870727736195860e+00 1.002667261515782293e+01 1.077103064872189479e-02 3.343723676677754497e-01
1.000000000000000000e+00 1.050864982045495282e+02 3.133833619328818543e+00 1.033204000493986463e+01 9.927347110147402912e-03 3.459659304293549731e-01
1.000000000000000000e+00 1.048946808503781654e+02 2.839660241128447282e+00 1.015339691829535163e+01 8.421721243337898510e-03 3.485135228623133519e-01
1.000000000000000000e+00 1.047304965566007695e+02 2.506629963436064035e+00 9.906485754021698398e+00 7.089475371723800642e-03 3.245717549288075210e-01
1.000000000000000000e+00 1.053418241631808598e+02 3.495623983449575700e+00 9.745512424562077669e+00 6.647212952015243981e-03 3.262118837074653444e-01
1.000000000000000000e+00 1.050168174916167629e+02 3.157998480196223312e+00 9.826131948714648345e+00 5.417847421822489205e-03 3.486498666657850132e-01
1.000000000000000000e+00 1.050615786808101717e+02 3.064502264830422984e+00 9.454037387072053988e+00 6.034163786430288452e-03 3.554698838309780506e-01
1.000000000000000000e+00 1.049410477680231679e+02 2.995654610036543097e+00 9.865019930065207276e+00 6.436177042279350551e-03 3.481493174082196385e-01
1.000000000000000000e+00 1.050996018702224717e+02 3.064816291185544994e+00 9.656080452387811874e+00 7.557722915917803631e-03 3.752124246302684374e-01
1.000000000000000000e+00 1.049972396979139830e+02 2.749218202542898393e+00 9.443557733763309869e+00 8.100693341343003298e-03 3.875032488616162452e-01
1.000000000000000000e+00 1.049600196450677032e+02 2.520811889911220405e+00 9.244106769733685169e+00 8.665972239881237354e-03 3.913499799170596649e-01
1.000000000000000000e+00 1.047165161364219870e+02 2.233991227589350093e+00 9.328375342686959115e+00 6.232027091349262582e-03 4.035089328765664174e-01
1.000000000000000000e+00 1.047221796899961106e+02 2.465223712508648024e+00 9.441305526010346227e+00 4.604111087453426586e-03 3.992040260801437146e-01
1.000000000000000000e+00 1.046618410865765441e+02 2.091740034468972276e+00 9.148682836411280661e+00 5.484084271740972787e-03 3.981657232478370556e-01
1.000000000000000000e+00 1.047014173262621313e+02 2.340713958298154651e+00 9.582558883325150489e+00 5.876224758969327694e-03 3.827285356025735275e-01
1.000000000000000000e+00 1.046425812968287801e+02 1.815314772253905806e+00 9.206084081442744704e+00 6.541468018658489619e-03 3.935551565755988634e-01
1.000000000000000000e+00 1.046558441942396627e+02 1.896087695797277206e+00 9.314779887242147893e+00 6.815654911017000536e-03 3.860140943843236028e-01
1.000000000000000000e+00 1.045716699396028844e+02 1.834383364908729774e+00 9.103957604184826025e+00 3.613372488466151319e-03 4.064303525918214754e-01
1.000000000000000000e+00 1.045349605173105090e+02 1.346918236547343550e+00 8.713926988944413310e+00 9.150838272128300477e-04 4.253194608285674749e-01
1.000000000000000000e+00 1.045308764120968021e+02 1.268260596035721832e+00 8.848920714814568100e+00 2.263423187273437727e-03 4.304757090902961436e-01
1.000000000000000000e+00 1.045814719728671349e+02 1.869507307024933063e+00 8.937106906584363131e+00 3.505969112879170693e-03 4.132472951370310676e-01
1.000000000000000000e+00 1.045313498807890795e+02 1.351095606625119849e+00 9.405313435281355439e+00 2.300098840247476618e-03 4.148113131416062971e-01
1.000000000000000000e+00 1.045441231805000655e+02 1.040105154167403123e+00 9.312989227666868430e+00 1.683226734547342996e-03 4.302827151652906523e-01
1.000000000000000000e+00 1.046218345948392141e+02 4.333378997174649472e-01 9.690965606767177221e+00 7.753970479321613219e-04 4.484646070186456557e-01
1.000000000000000000e+00 1.046858020001611038e+02 3.980180000076599667e-02 9.197482826366949027e+00 7.125284767227701250e-04 4.567844097484356491e-01
1.000000000000000000e+00 1.046059534354291003e+02 5.384360594104522502e-01 8.778672555194704685e+00 2.023846137288500815e-04 4.673630801163786708e-01
1.000000000000000000e+00 1.046072052644261277e+02 4.456006736107123167e-01 8.903783950316874751e+00 2.332386014540933656e-03 4.670967403249106642e-01
1.000000000000000000e+00 1.046330381543977950e+02 3.206825110714573990e-01 9.143351610759758330e+00 3.153097889124580489e-03 4.610668875542442424e-01
1.000000000000000000e+00 1.046546765618212476e+02 2.049759181600688263e-01 9.254443166659505948e+00 3.498666636582347268e-03 4.468960744646667815e-01
1.000000000000000000e+00 1.046172438013044541e+02 4.154523643687509926e-01 9.720837952863833564e+00 2.095803071183421819e-03 4.569894657999161725e-01
1.000000000000000000e+00 1.045951499082417371e+02 6.591434429509667181e-01 9.902979084133415100e+00 6.149329184246261730e-04 4.630139559958182383e-01
1.000000000000000000e+00 1.045714311393948464e+02 8.792704370306060335e-01 1.001484034409624613e+01 7.112938027741864217e-04 4.470431390228549184e-01
1.000000000000000000e+00 1.045812197030678874e+02 8.543956604249853815e-01 1.030670780440236456e+01 3.206770520342745734e-04 4.711054761159550464e-01
1.000000000000000000e+00 1.045447016418998203e+02 1.371789398652495606e+00 1.018396648415930450e+01 4.931435378424725222e-04 4.941431160069205686e-01
1.000000000000000000e+00 1.045450663816699830e+02 1.175869838046166294e+00 9.866949619612272571e+00 9.571783232117955873e-04 4.891511957276048483e-01
1.000000000000000000e+00 1.046247631536943885e+02 3.860236903123489549e-01 9.966329644318808079e+00 1.549679422595298369e-03 4.670060649354372262e-01
1.000000000000000000e+00 1.046442178890296901e+02 2.592859895099038914e-01 9.586842019727519926e+00 3.124065442683239546e-03 4.635993044172608823e-01
1.000000000000000000e+00 1.046742269283732725e+02 2.557858619047627680e-01 9.523831296687548686e+00 5.087133579342375048e-03 4.647992935523586611e-01
1.000000000000000000e+00 1.046739299224323929e+02 4.339435704299449692e-01 9.820427126353511227e+00 6.089920810845267200e-03 4.680715195695153708e-01
1.000000000000000000e+00 1.049041962827037509e+02 1.570134760119565320e-01 9.905497285742455915e+00 1.063741660258297854e-02 4.639981373559639577e-01
1.000000000000000000e+00 1.049708738802041239e+02 2.259595338062918568e-01 1.011065187997072812e+01 1.173770098438977304e-02 4.782475713391153294e-01
1.000000000000000000e+00 1.051721993588565311e+02 4.652296897356421601e-01 9.768480115024605226e+00 1.393713797984476484e-02 4.808809858454839437e-01
1.000000000000000000e+00 1.050755319505918948e+02 1.093958647140705009e+00 9.492602971944348766e+00 1.265041321531143806e-02 4.707927036128047305e-01
1.000000000000000000e+00 1.051615338513609004e+02 1.314298606680545545e+00 9.734667417252200750e+00 1.342357288838216117e-02 4.783610384326672516e-01
1.000000000000000000e+00 1.054202565419618907e+02 2.269064436680203301e+00 9.917126007495427942e+00 1.397093835021390867e-02 4.711659618079213629e-01
1.000000000000000000e+00 1.050570800496078760e+02 2.033944683386815999e+00 9.948863893557355453e+00 1.147136651638909662e-02 4.777377538870872797e-01
1.000000000000000000e+00 1.047666157764688393e+02 1.844283846510359703e+00 1.008045899730567285e+01 8.629470247439239433e-03 4.763650766849520379e-01
1.000000000000000000e+00 1.047535940480867680e+02 1.805836757653591640e+00 9.938016859578608475e+00 8.324583851232600015e-03 4.782659979940828698e-01
1.000000000000000000e+00 1.048189410524928320e+02 1.809522146155547295e+00 9.463560845580349934e+00 8.613563986384577612e-03 4.836587322942639267e-01
1.000000000000000000e+00 1.048218052294759417e+02 2.391867845087936484e+00 9.264001467954338764e+00 6.008100315157034743e-03 5.002672104763163929e-01
1.000000000000000000e+00 1.053408745048153889e+02 2.790333533543809086e+00 9.465966476116538075e+00 9.701243251654924349e-03 5.049978090081969073e-01
1.000000000000000000e+00 1.056543150677314742e+02 2.781451785379423391e+00 9.791466977250863124e+00 1.263905843942286604e-02 5.078856339011853516e-01
1.000000000000000000e+00 1.056354519901860272e+02 2.724575410543338183e+00 9.842504284245642054e+00 1.281363202195519649e-02 5.110655785310472821e-01
1.000000000000000000e+00 1.057584901707075318e+02 2.539752951471956788e+00 1.006695381335163475e+01 1.519746074571437337e-02 4.912851384529626220e-01
1.000000000000000000e+00 1.060018905239887488e+02 2.761903376313419312e+00 1.017482599822676548e+01 1.645269789507378816e-02 4.757712122556944645e-01
1.000000000000000000e+00 1.069751555168979422e+02 3.196816950290169768e+00 1.004450315214504741e+01 1.868181014168704759e-02 4.836092857550601254e-01
1.000000000000000000e+00 1.070052758925335610e+02 2.869818465392367735e+00 1.019942410930950061e+01 2.086747918045481903e-02 4.807411171844626629e-01
1.000000000000000000e+00 1.064755516700362961e+02 2.740809415403564042e+00 1.097692812593090750e+01 2.104983622489283238e-02 4.800962048626843393e-01
1.000000000000000000e+00 1.067242262945305100e+02 2.221018041606632298e+00 1.028941961608858691e+01 2.233059809467887943e-02 4.782802574081896907e-01
1.000000000000000000e+00 1.080447049472003300e+02 2.342929077953689987e+00 9.953573574687922587e+00 2.607527884000624893e-02 4.850821968906746662e-01
1.000000000000000000e+00 1.085382187009493293e+02 2.701412379832663468e+00 1.007003528338676546e+01 2.654826652770837792e-02 4.885110387598122772e-01
1.000000000000000000e+00 1.077893566994168424e+02 2.405086516560980492e+00 1.037309622302268330e+01 2.578321817285118486e-02 4.960604666549375819e-01
1.000000000000000000e+00 1.073328677107024589e+02 1.918340377744247149e+00 1.009674368265733513e+01 2.504279831857490757e-02 4.898638962132496055e-01
1.000000000000000000e+00 1.065950476365977408e+02 1.630182252232826201e+00 1.053073819649978304e+01 2.349543718580231894e-02 4.907513952771908050e-01
1.000000000000000000e+00 1.064183515081727052e+02 1.611433231677343203e+00 1.087001588330859647e+01 2.286392108170916260e-02 5.052877683723865365e-01
