1.000000000000000000e+00 1.628338715674885293e+02 5.115816174257999949e-01 1.775020333020942143e-01 6.385288490606993647e-03 3.018854126741662633e-02
1.000000000000000000e+00 2.931233571357821432e+01 4.741147118799784455e-01 1.142893755639375342e-01 3.424881278072629438e-03 2.787984113071998588e-02
1.000000000000000000e+00 1.555126002164210064e+01 5.325578469049428998e-01 1.585221782877760943e-01 2.971595632640724148e-03 2.903366935640469201e-02
1.000000000000000000e+00 7.268872220476718660e+00 5.114436985509357436e-01 1.548815300163225439e-01 2.491816492128649460e-03 2.123028001801233883e-02
1.000000000000000000e+00 8.980482570856613833e+00 4.570756992673489227e-01 1.455384308331502397e-01 2.796761022696628469e-03 3.061987375785073934e-02
1.000000000000000000e+00 7.616321025955462787e+00 4.641273581084953137e-01 1.567495782115928271e-01 1.993790893307236835e-03 3.436307766876839365e-02
1.000000000000000000e+00 1.645437167211862395e+00 5.152279582173947547e-01 1.810736200724099576e-01 2.102383918080333314e-03 3.775756928479768321e-02
1.000000000000000000e+00 2.177840627465256862e+00 4.841744056821181141e-01 1.544791390118492869e-01 2.394167362548642580e-03 3.547181099436268886e-02
1.000000000000000000e+00 1.082363855520051654e+00 4.972893788809967242e-01 1.721095989947100946e-01 2.419813854825765553e-03 3.275957956854236991e-02
1.000000000000000000e+00 8.836375413357180353e-01 5.056253902251205412e-01 1.694600489706395430e-01 2.538018994764565384e-03 4.626497229704336356e-02
1.000000000000000000e+00 8.966622301004919526e-01 4.995136919189587243e-01 1.644005865338488970e-01 3.390327658921225579e-03 4.218344255829751394e-02
1.000000000000000000e+00 1.449686767698494361e+00 5.134284490422295066e-01 1.785891838290220857e-01 3.830133859461216060e-03 4.047522426174772481e-02
1.000000000000000000e+00 1.754786855766996334e+00 5.117086905622856285e-01 1.777159606265419078e-01 4.402457803540405466e-03 4.311742392434380483e-02
1.000000000000000000e+00 2.180193765928951422e+00 4.843802070515191849e-01 1.604944605043620853e-01 3.844879097461496604e-03 4.985030060634076249e-02
1.000000000000000000e+00 3.586922889739010412e+00 5.279424209637457732e-01 1.814325221684099099e-01 3.877441122925431687e-03 4.410428341615763720e-02
1.000000000000000000e+00 3.463391920193364282e+00 5.274386203858736355e-01 1.881536240225563095e-01 3.902318362410417320e-03 4.148390662657261418e-02
1.000000000000000000e+00 1.946939502635144370e+00 4.937684276974770303e-01 1.683136466609924664e-01 4.908555755268538892e-03 3.897743100733120497e-02
1.000000000000000000e+00 1.811249516527513759e+00 5.041988151427962972e-01 1.628489702721501453e-01 3.981160678470140393e-03 4.050251387259826141e-02
1.000000000000000000e+00 1.470067237726517151e+00 4.880812257564754453e-01 1.655497038817224653e-01 3.397189312335506094e-03 2.777842659181986584e-02
1.000000000000000000e+00 2.311697283626316324e+00 4.890362351857358014e-01 1.533202418509737874e-01 4.120883490020713774e-03 3.071489404187736916e-02
1.000000000000000000e+00 2.231675773973682109e+00 4.896870022354957719e-01 1.544245741901485447e-01 3.774653523236171180e-03 3.937882287574819701e-02
1.000000000000000000e+00 1.644470851815230006e+00 5.053173227764440334e-01 1.649481792039783346e-01 4.897828472238829542e-03 3.450335942609283196e-02
1.000000000000000000e+00 1.876953325272843198e+00 4.866809112190131903e-01 1.599250770832215396e-01 4.850162113869558624e-03 3.434488785777442543e-02
1.000000000000000000e+00 2.016316778827218048e+00 5.181144914174826699e-01 1.770642199975408781e-01 5.180798401185830564e-03 2.993691192931762987e-02
1.000000000000000000e+00 3.522328624993515511e+00 4.805146060173219880e-01 1.491207490726088325e-01 4.972311863271515996e-03 2.687202478422200114e-02
1.000000000000000000e+00 8.988537539419539257e+00 5.428423636747746750e-01 1.801322777603576730e-01 4.844995581533581216e-03 2.675290136918540007e-02
1.000000000000000000e+00 4.075936292928941995e+00 4.862052249574324581e-01 1.673853370771138938e-01 5.780036554293230787e-03 3.058880357613961293e-02
1.000000000000000000e+00 1.818893765607850765e+00 5.090785419025158909e-01 1.680409906667992281e-01 5.776367120367771439e-03 2.725647464549819238e-02
1.000000000000000000e+00 1.402605056004190942e+00 5.070818910874412833e-01 1.672207436480838139e-01 5.590809562410022603e-03 1.680099196503945583e-02
1.000000000000000000e+00 2.528198591902250936e+00 5.155157473460399986e-01 1.775503224578519335e-01 6.401111362785370448e-03 1.203774835673389158e-02
1.000000000000000000e+00 1.374930899408231877e+00 5.064287008600752982e-01 1.678984958454808885e-01 5.620279215664265686e-03 1.371178700173207761e-02
1.000000000000000000e+00 3.123244618973914033e+00 5.063746518135477936e-01 1.588487762485984445e-01 5.050665121187798701e-03 2.069786930885937626e-02
1.000000000000000000e+00 4.263779473596514435e+00 5.253393295201091995e-01 1.867622472743914463e-01 6.271229894993454040e-03 8.971811274535715017e-03
1.000000000000000000e+00 2.870611083226733751e+00 5.035022636674619800e-01 1.731899966876498942e-01 6.298199368274497688e-03 5.568951436863996303e-03
1.000000000000000000e+00 2.680931400178590440e+00 5.031830518799487173e-01 1.722881982018386327e-01 6.673085837047849044e-03 9.873308110786387787e-03
1.000000000000000000e+00 2.837463253310185340e+00 4.945622150485896040e-01 1.640705681041153274e-01 6.986832150072098090e-03 1.053487550591756215e-02
1.000000000000000000e+00 3.178053864519896354e+00 4.893451481824772631e-01 1.598899018253352455e-01 6.677892169384795629e-03 7.866132751295608697e-03
1.000000000000000000e+00 2.711181402168126642e+00 5.021246277435050809e-01 1.722352871766479332e-01 6.169762809045712879e-03 5.604497417951373982e-03
1.000000000000000000e+00 3.068723747847095673e+00 4.978958731532397430e-01 1.672675466576233339e-01 6.488688011416950986e-03 3.407152555208873765e-03
1.000000000000000000e+00 2.330415501998472916e+00 5.101863239593912303e-01 1.662510504450166182e-01 5.867327476905371403e-03 1.080973172362273589e-02
1.000000000000000000e+00 3.625035919728385014e+00 5.272693736475854154e-01 1.768840855731699802e-01 5.080083319504963280e-03 1.759004348736139742e-02
1.000000000000000000e+00 1.156667036019587647e+00 4.918550734073989239e-01 1.668319688345520080e-01 3.924111350436308536e-03 1.948261726254540971e-02
1.000000000000000000e+00 1.655172877804770071e+00 5.104550036846126071e-01 1.808560119587629689e-01 3.467122835311402078e-03 2.142414132844227756e-02
1.000000000000000000e+00 3.681517772042339764e+00 5.037836145072961402e-01 1.558997419952773689e-01 3.547235076539020059e-03 2.416593861924623207e-02
1.000000000000000000e+00 1.962517106649571463e+00 4.999270282588771930e-01 1.589880929956972999e-01 3.090404402870870065e-03 1.555817465134208717e-02
1.000000000000000000e+00 1.796924280722310696e+00 5.101628796541373134e-01 1.663040638714851360e-01 3.237392313874617664e-03 1.702129424683341760e-02
1.000000000000000000e+00 7.087778335325266577e-01 4.982069509925428075e-01 1.664947840741584917e-01 3.714777263469601441e-03 1.116375264308403295e-02
1.000000000000000000e+00 2.483320175238610705e+00 4.844146109492679653e-01 1.529831066240767701e-01 3.037404528078927867e-03 1.107151477170119185e-02
1.000000000000000000e+00 2.230534323837865429e+00 4.903044923033717528e-01 1.557056265869112832e-01 2.975155419685900776e-03 4.291597746173398537e-03
1.000000000000000000e+00 1.258517290800018840e+00 4.942428759185308329e-01 1.631271445036238943e-01 2.714506986103419617e-03 2.274707537695471425e-03
1.000000000000000000e+00 2.029449390485309035e+00 4.891166356034921114e-01 1.674794653279062795e-01 2.257361077767628104e-03 1.860324322116001846e-03
1.000000000000000000e+00 2.012492591613470161e+00 4.960581077485406998e-01 1.588511953882347505e-01 2.905404719703628177e-03 2.261146788824292247e-03
1.000000000000000000e+00 2.645530247422535286e+00 5.210780094683945540e-01 1.773863723627695232e-01 2.549428278044053777e-03 4.746450652756320499e-03
1.000000000000000000e+00 1.914814603845891527e+00 4.962295687529955091e-01 1.597260786166856128e-01 2.415848171320728825e-03 2.917483376646453838e-03
1.000000000000000000e+00 2.880800093717353239e+00 5.123863983747890538e-01 1.681633664136520379e-01 1.698187171657788985e-03 6.412913320509261612e-03
1.000000000000000000e+00 2.862623403111348441e+00 5.161492888592126294e-01 1.858963618197584100e-01 1.601385561929824812e-03 1.146225102157510597e-02
1.000000000000000000e+00 2.012544098407313520e+00 5.142963739820642921e-01 1.732666183023825746e-01 1.805982501577724914e-03 1.484585614379636820e-02
1.000000000000000000e+00 1.870634493043080049e+00 5.028769173179874485e-01 1.778126884680648889e-01 2.310394155152022642e-03 1.076812384237562856e-02
1.000000000000000000e+00 1.667609382590006906e+00 5.166888061010900257e-01 1.808065517182506909e-01 2.762754028293430177e-03 1.379628596914743779e-02
1.000000000000000000e+00 1.186443658041349991e+00 5.053515951087164115e-01 1.719546127050647077e-01 1.549178450425525233e-03 1.711226044070817895e-02
1.000000000000000000e+00 3.872904532464388261e+00 4.748294410759072437e-01 1.589062538755506848e-01 1.458174827903061660e-03 2.530120070720751069e-02
1.000000000000000000e+00 3.291097231638014264e+00 4.823161783371241462e-01 1.546380340107346429e-01 8.461756905572658926e-04 2.456946882701831550e-02
1.000000000000000000e+00 3.981005688932354403e+00 4.736471890505722371e-01 1.569465026110531125e-01 1.459475573459818702e-03 2.636606106293213486e-02
1.000000000000000000e+00 6.867277960348965316e+00 4.630624635510127707e-01 1.458506262244260721e-01 2.202015180945387889e-03 3.850758945824457602e-02
1.000000000000000000e+00 4.361959875525440289e+00 5.064525962886392563e-01 1.850794955420745347e-01 3.683371795523518108e-03 4.235299427987734844e-02
1.000000000000000000e+00 5.131518519972380510e+00 5.286358993848747634e-01 1.749120587834094298e-01 4.365063468051418559e-03 3.959213321760939042e-02
1.000000000000000000e+00 2.543137867761121829e+00 4.850082884247314818e-01 1.659831958035921651e-01 3.825898212550818411e-03 3.547938670075209688e-02
1.000000000000000000e+00 1.694566126414724705e+00 4.872359375806256665e-01 1.659078598809514138e-01 3.246339061141420915e-03 2.988611049426203453e-02
1.000000000000000000e+00 1.729634512756757170e+00 5.127987181542374984e-01 1.689628940428826720e-01 3.158228923363636323e-03 2.887504683627762497e-02
1.000000000000000000e+00 9.114075453077306044e-01 4.916559511493126533e-01 1.652003188654223298e-01 3.686201599180536845e-03 2.876191458167723022e-02
1.000000000000000000e+00 2.038627279346780785e+00 5.138208529156521598e-01 1.828054534305483536e-01 3.814899550070811884e-03 3.433116710718787934e-02
1.000000000000000000e+00 7.846242805813640198e-01 5.079109639362421325e-01 1.731962841377499840e-01 4.020294319580548434e-03 3.207791859860305989e-02
1.000000000000000000e+00 1.628876070084630978e+00 5.149669991368716060e-01 1.791621033392880313e-01 4.479482543080799857e-03 3.363539809758713667e-02
1.000000000000000000e+00 4.010712785251534740e+00 4.746294437230501040e-01 1.512598959672354360e-01 4.656511178300394745e-03 3.772730446672867277e-02
1.000000000000000000e+00 2.101661459226097595e+00 5.168341308892608899e-01 1.824777823051763614e-01 4.603598070235128022e-03 2.995200346090562404e-02
1.000000000000000000e+00 1.456770564457921191e+00 5.004155164374074483e-01 1.660735265289831619e-01 5.240163045496191822e-03 3.618138633622710459e-02
1.000000000000000000e+00 2.065742541982276137e+00 5.064842531862154829e-01 1.786462541717733776e-01 4.569683656867275581e-03 3.443560559477960165e-02
1.000000000000000000e+00 1.532171183459976938e+00 5.102388046850576675e-01 1.695011543516628805e-01 4.600876401151137753e-03 3.620733511182979564e-02
1.000000000000000000e+00 1.717902316376297644e+00 5.068661091146960951e-01 1.667966564088864123e-01 4.573636108143443700e-03 4.118816904995924177e-02
1.000000000000000000e+00 2.882627494500182408e+00 5.123519451431851612e-01 1.787083535526765299e-01 5.400132947070163808e-03 4.399504635401198238e-02
1.000000000000000000e+00 3.755181663725976726e+00 4.798269788725279539e-01 1.620346300791519201e-01 4.653380453357332941e-03 4.010775331620874268e-02
1.000000000000000000e+00 4.630947812794509844e+00 4.840121642451744588e-01 1.687567108211043276e-01 4.910578113411999054e-03 2.922402403382107564e-02
1.000000000000000000e+00 2.751798113547998970e+00 5.115816174257999949e-01 1.775020333020942143e-01 6.385288490606993647e-03 3.018854126741662633e-02
