1.000000000000000000e+00 7.761844307412129638e+02 4.839405161080078122e-01 1.670352050727009485e-01 4.662505394300642432e-03 2.421229202121986945e-02
1.000000000000000000e+00 7.554615575846480624e+01 6.368290355465302532e-01 2.306654217152734887e-01 2.971165317299703876e-03 4.776151719912787030e-02
1.000000000000000000e+00 1.004289190463276249e+01 5.481386607193972083e-01 2.079511608449527149e-01 3.771939017445958067e-03 4.251908995149329684e-02
1.000000000000000000e+00 8.013128526266115159e+00 5.164690832869840431e-01 1.950009394248611860e-01 4.154535414082949352e-03 4.679869644295573533e-02
1.000000000000000000e+00 5.191878982336480597e+00 5.276346387393592297e-01 1.735397466616649398e-01 3.255164469574479188e-03 4.400670820063203037e-02
1.000000000000000000e+00 1.842869910895031493e+00 5.144475423493416466e-01 1.717363454019514846e-01 3.406068949859589797e-03 4.493647730799153056e-02
1.000000000000000000e+00 7.363634507184214639e-01 5.041352829149541304e-01 1.725738134996251394e-01 3.157654411262070596e-03 4.253590182854812690e-02
1.000000000000000000e+00 9.438097098713412736e-01 5.019162991065196922e-01 1.737005029337306272e-01 2.558821538822834626e-03 4.769189089770405066e-02
1.000000000000000000e+00 2.241498793682588087e+00 4.831988460406754782e-01 1.633208168523331283e-01 1.586302015356675504e-03 5.037259304303725455e-02
1.000000000000000000e+00 3.552775511653473384e+00 5.268307181251924431e-01 1.882044975367073436e-01 1.508708404502276390e-03 5.546158451993454114e-02
1.000000000000000000e+00 4.289591781494472400e+00 5.310630020292107512e-01 1.853116372274860035e-01 1.810684052223063452e-03 5.810270275608065554e-02
1.000000000000000000e+00 2.998563874003987273e+00 5.238050722702966011e-01 1.874845209695648052e-01 2.245455431845181510e-03 5.651506901904278235e-02
1.000000000000000000e+00 2.936426586345525003e+00 4.903569745840750671e-01 1.722473372490604671e-01 2.885871257492258340e-03 5.718519468031414699e-02
1.000000000000000000e+00 2.587518962363490882e+00 5.114578608320528019e-01 1.831119482808993282e-01 3.346897096542431321e-03 5.434435663619710533e-02
1.000000000000000000e+00 1.512838227347328424e+00 5.131508243525843005e-01 1.745902902684108859e-01 3.357848741519787062e-03 5.125755752754156125e-02
1.000000000000000000e+00 1.008744659973167757e+00 5.067334380825425644e-01 1.730018371703737345e-01 3.329666854683643526e-03 5.017461042080935407e-02
1.000000000000000000e+00 2.920639256638045911e+00 5.213666186220708987e-01 1.746859409020585230e-01 2.931762314250010645e-03 4.737714673791570963e-02
1.000000000000000000e+00 2.444476206650884720e+00 5.133091330524627294e-01 1.680265000781359652e-01 3.575684512813944067e-03 4.559617247102984439e-02
1.000000000000000000e+00 1.288571310309681639e+00 5.090986387207642183e-01 1.709466439444874142e-01 4.206425549806367715e-03 4.140172105015049731e-02
1.000000000000000000e+00 2.287063646993137134e+00 5.028350361562773374e-01 1.786882353762257458e-01 3.710991297198546878e-03 3.846435843241646779e-02
1.000000000000000000e+00 3.186566760971432100e+00 5.182309956860154943e-01 1.854012948152528040e-01 4.789318611141317981e-03 3.893617917575446091e-02
1.000000000000000000e+00 4.582229719888353259e+00 5.278360124007850374e-01 1.815062743178066373e-01 5.318904651775825318e-03 4.408499072432456312e-02
1.000000000000000000e+00 3.600487041096260832e+00 4.934660757845945600e-01 1.718000763621728710e-01 5.168928010273870013e-03 4.592352901247857139e-02
1.000000000000000000e+00 2.439892792643801656e+00 5.043946302280110094e-01 1.636832421621521594e-01 4.580538468764665423e-03 4.821263402303527235e-02
1.000000000000000000e+00 1.797953321062445209e+00 5.092595722631118038e-01 1.706612320839167030e-01 4.585732267783013127e-03 4.547189483461810955e-02
1.000000000000000000e+00 2.323237406089228685e+00 5.068849284482865869e-01 1.784301564269218654e-01 4.308946741333348138e-03 4.858987873827229353e-02
1.000000000000000000e+00 4.230642959875348552e+00 5.243898890991598449e-01 1.827588744226995299e-01 5.362029666819609873e-03 4.714474480468563988e-02
1.000000000000000000e+00 5.346455243361311283e+00 5.264738669289514839e-01 1.762533786951227810e-01 5.201064120612694346e-03 4.790322160275337776e-02
1.000000000000000000e+00 2.396144761624598551e+00 4.903343066689834773e-01 1.636083172513571327e-01 4.808417415200027731e-03 4.977084357482094989e-02
1.000000000000000000e+00 4.236224633561091579e+00 5.220198326216733964e-01 1.758322700748453093e-01 4.985882825050545752e-03 5.092177648844165017e-02
1.000000000000000000e+00 3.012877353973508754e+00 5.192240583010581112e-01 1.782333915456439932e-01 4.757153578964556928e-03 4.900820549708996554e-02
1.000000000000000000e+00 1.604476553740745493e+00 5.025660425228735129e-01 1.640022073885313847e-01 3.793037215944467574e-03 4.864980160514146418e-02
1.000000000000000000e+00 2.137427199557269120e+00 5.069715154167110382e-01 1.638278452699469256e-01 3.211713079547338923e-03 4.691820502806813564e-02
1.000000000000000000e+00 1.661102567754678461e+00 4.998087770265043916e-01 1.621237488820330697e-01 3.872557934755888141e-03 4.793720550126137625e-02
1.000000000000000000e+00 1.068967164433747508e+00 4.961774381006044399e-01 1.630273662393581791e-01 3.954779632736406085e-03 4.179959818316554554e-02
1.000000000000000000e+00 2.854466399178585689e+00 5.037781949445593321e-01 1.807281396501639603e-01 3.683861076431298003e-03 3.732298414170022449e-02
1.000000000000000000e+00 1.687901594399586092e+00 5.017551424031903018e-01 1.611788642841927577e-01 3.595662977322702271e-03 3.838295753369345281e-02
1.000000000000000000e+00 1.370847725536552320e+00 4.880484243601303507e-01 1.639718942227727516e-01 3.173033489263599270e-03 4.323602533153945993e-02
1.000000000000000000e+00 9.384407387671706013e-01 5.006508009684002003e-01 1.652602922022902709e-01 2.632780795364217125e-03 4.746176625595590476e-02
1.000000000000000000e+00 9.083183725047276891e-01 4.942234989293323721e-01 1.683399213670783434e-01 2.779162616343336129e-03 4.032149705405456419e-02
1.000000000000000000e+00 1.821996954283308545e+00 5.020878719792951639e-01 1.615703910954725542e-01 2.501949519300826139e-03 4.076288806947353516e-02
1.000000000000000000e+00 1.381431360809517228e+00 4.913643268180499235e-01 1.586766473599179328e-01 2.786283620192709330e-03 4.320886067598995323e-02
1.000000000000000000e+00 9.427135502552885793e-01 4.929295396789030170e-01 1.626215608092250742e-01 2.951360815030306360e-03 4.568510892744818280e-02
1.000000000000000000e+00 4.504469122971515915e+00 4.939904621823761333e-01 1.772908647910294844e-01 3.621641755450412392e-03 5.325612655862938666e-02
1.000000000000000000e+00 4.899964896297693606e+00 4.934294743188240573e-01 1.500468889034652920e-01 2.111385391915720708e-03 5.634828302365317565e-02
1.000000000000000000e+00 5.863438450072425034e+00 4.770578534238639201e-01 1.437343029368059466e-01 2.574231191943110453e-03 5.784628020731177184e-02
1.000000000000000000e+00 6.375577514825557124e+00 4.722033293875566029e-01 1.639591601268113041e-01 1.876263960721218918e-03 6.117639655941136539e-02
1.000000000000000000e+00 1.515836866772065417e+00 4.879905314880068623e-01 1.601051708498161252e-01 2.379846374130383489e-03 6.146907354358649433e-02
1.000000000000000000e+00 2.655600922171634348e+00 5.234384512704148840e-01 1.810413446407365401e-01 3.034277891570869370e-03 5.146948497611966711e-02
1.000000000000000000e+00 1.620802234746572257e+00 4.995200644604226303e-01 1.630548347418408206e-01 3.492514976528787903e-03 5.617767813932799531e-02
1.000000000000000000e+00 2.956558145339619248e+00 4.775388610631178254e-01 1.572316149711935618e-01 1.596766227748775248e-03 5.220007385350930451e-02
1.000000000000000000e+00 3.018593422091239376e+00 5.197405156666332626e-01 1.878752708379747560e-01 1.647231305414413030e-03 4.551211313094574024e-02
1.000000000000000000e+00 1.955463872543185433e+00 5.181483417859596985e-01 1.812674001361901654e-01 1.891856853235381357e-03 4.587293789864582000e-02
1.000000000000000000e+00 1.634062199930753634e+00 5.132410579692591179e-01 1.800617062571093496e-01 3.124533331096546532e-03 5.102907261714374060e-02
1.000000000000000000e+00 1.034413537260368443e+00 5.057583362932184246e-01 1.722076479261410720e-01 3.700672821904945481e-03 4.726270336704601477e-02
1.000000000000000000e+00 2.008221311974497603e+00 5.055934289245576085e-01 1.803511915092537998e-01 2.198285835923784095e-03 4.613214622251379793e-02
1.000000000000000000e+00 3.955667459064097446e+00 5.265282417829014738e-01 1.773023836312872525e-01 2.662797401321563822e-03 5.095157918062948738e-02
1.000000000000000000e+00 4.352701305267832055e+00 4.831368127262069545e-01 1.698988563754522396e-01 2.649074033507898673e-03 5.398556280116357381e-02
1.000000000000000000e+00 9.853129184823534725e-01 4.996404583580386638e-01 1.721787015682184341e-01 2.873703278262042769e-03 4.938038338892367096e-02
1.000000000000000000e+00 6.411644135101757236e+00 5.003846071824853414e-01 1.506082012915641866e-01 2.126580446882036460e-03 6.046741489975099304e-02
1.000000000000000000e+00 4.471328570462094198e+00 4.893282771820194887e-01 1.754292450337734677e-01 2.349086312673857521e-03 5.214482844804926853e-02
1.000000000000000000e+00 8.332397229103545300e-01 5.053044983803181012e-01 1.712841389770723977e-01 2.162722340372108705e-03 4.769350392186572085e-02
1.000000000000000000e+00 1.840626359456304595e+00 5.063604813884093891e-01 1.650319877912091171e-01 2.619995665302615479e-03 5.296723538799869707e-02
1.000000000000000000e+00 2.430161994853142549e+00 5.095462492819203826e-01 1.833142346297622904e-01 1.792510106229214858e-03 5.241769397202589859e-02
1.000000000000000000e+00 1.390316692796038200e+00 4.990550123521547143e-01 1.694308797349231566e-01 8.623881642022123307e-04 5.358157088623522607e-02
1.000000000000000000e+00 1.984698616565534479e+00 4.867742594404027567e-01 1.587809722953189839e-01 1.306384426642756124e-03 4.196660289204659500e-02
1.000000000000000000e+00 1.925464806816028940e+00 4.845657139418961257e-01 1.582901498203459767e-01 1.721845393421810380e-03 3.056233864507520992e-02
1.000000000000000000e+00 4.512539340567121471e+00 4.751503493619206320e-01 1.627154270718202955e-01 1.976345226970535694e-03 3.364825007586216832e-02
1.000000000000000000e+00 2.020191737358871809e+00 5.156446930303064669e-01 1.731705098253468744e-01 2.059339925122579979e-03 4.053875426822942107e-02
1.000000000000000000e+00 3.884338211618469039e+00 5.286503126648095519e-01 1.912934611803329688e-01 2.227218753726656168e-03 4.731605958369086706e-02
1.000000000000000000e+00 2.383968714926437027e+00 4.857673003700690995e-01 1.535368927741821432e-01 3.619169380548949329e-03 4.231468545336319886e-02
1.000000000000000000e+00 3.189832631590640677e+00 5.036069753297456320e-01 1.576483862191603025e-01 3.637466674555674129e-03 3.787189308398326154e-02
1.000000000000000000e+00 2.983284883776721408e+00 4.808194215342641020e-01 1.612445314780349970e-01 4.498166142048442076e-03 3.522969264349873342e-02
1.000000000000000000e+00 3.653004369407534035e+00 4.839405161080078122e-01 1.670352050727009485e-01 4.662505394300642432e-03 2.421229202121986945e-02
