1.000000000000000000e+00 4.648022829136617365e+05 2.584811425337946722e-01 2.555500731415706883e-01 2.240963160461082737e-01 8.576802544803062700e-01 1.958998016966739808e-01 3.908292688550672050e-03 2.703035022721592129e-02
1.000000000000000000e+00 3.719290328989044647e+05 3.645746632971021972e-01 4.721063803997904151e-01 4.005207750390186172e-01 4.998276643884526083e-01 1.861644439352714842e-01 5.545181399668605224e-03 1.929350589213205125e-02
1.000000000000000000e+00 5.498053149147795921e+04 3.109333217898230250e-01 4.170883249667377002e-01 4.645267484020775273e-01 4.810056063259584569e-01 2.380304559839909739e-01 6.528690752402298639e-03 1.825830555219992019e-02
1.000000000000000000e+00 4.329594577802157437e+04 2.870030606364497028e-01 4.923161929521396862e-01 4.811315714936070798e-01 3.692151017584825445e-01 2.666206386229920677e-01 5.820629611422384851e-03 1.748002238629972963e-02
1.000000000000000000e+00 3.352152420854489264e+03 9.799334602093912050e-02 5.830061742768256616e-01 4.337886564050452143e-01 3.486638591638507867e-01 2.829489840273348156e-01 6.658726262347931801e-03 1.620120120163971028e-02
1.000000000000000000e+00 2.088986774515830348e+03 8.328482927880842546e-02 4.760906295257296139e-01 1.054581986257676074e-01 2.653160260686974192e-01 2.984735611797643684e-01 7.268011931132014811e-03 1.563584198492766475e-02
1.000000000000000000e+00 1.304663011308608475e+03 1.912538629848825611e-01 2.936118285862944766e-01 8.447798648797905097e-02 4.191760606034640180e-01 2.162042624183502237e-01 8.841338541943997292e-03 2.059312982478370829e-02
1.000000000000000000e+00 6.068377498677997437e+02 2.545032978804174228e-01 3.683465552520218123e-01 5.956015269487377473e-02 3.775726317637144169e-01 2.283225535359583169e-01 8.757680823835753414e-03 2.308696420089248816e-02
1.000000000000000000e+00 6.054445804304017429e+02 3.272595531056601836e-01 3.692585848066412546e-01 9.354353090991519848e-02 5.566353819557516847e-01 2.581548567106901060e-01 8.735688426416402322e-03 2.023804430980589639e-02
1.000000000000000000e+00 4.529522941701560512e+02 2.349662248443679102e-01 3.724453523656127141e-01 1.733618288464044976e-01 5.484891986095020711e-01 2.222000028116623005e-01 7.760634133980540833e-03 1.565332778104278413e-02
1.000000000000000000e+00 2.142051782555877537e+02 2.291730432991742616e-01 2.988919537358298295e-01 1.327965948753313252e-01 5.938197705351750955e-01 1.906499720503048168e-01 6.247259708273982665e-03 1.967304984756682376e-02
1.000000000000000000e+00 1.478559344489503360e+02 3.121514923438081235e-01 2.787730302172088948e-01 2.366531158798891588e-01 6.068203991680716225e-01 2.257382657238213852e-01 6.979477863087522882e-03 2.239475944037004618e-02
1.000000000000000000e+00 1.334871984291138745e+02 3.085045444011433879e-01 3.354347747731381002e-01 2.593182350690276805e-01 5.612904315560661717e-01 2.616818909062755827e-01 6.727376844658742444e-03 2.661924356268308839e-02
1.000000000000000000e+00 9.567454746886690486e+01 3.458055635938255268e-01 2.983477823779694948e-01 3.415910853452168716e-01 5.354896632376368037e-01 2.655568564354883199e-01 6.655526564800224969e-03 2.747250167558648593e-02
1.000000000000000000e+00 9.492336004442576325e+01 3.277673797388194199e-01 3.017437642835285039e-01 2.600548291228879649e-01 6.092279887671910865e-01 2.500659876807885262e-01 6.334134139233857895e-03 2.431642171122866056e-02
1.000000000000000000e+00 8.580385663661206763e+01 3.470586327960889506e-01 2.952201195568152081e-01 3.079164680607608395e-01 5.874502788592229630e-01 2.669948883255126582e-01 5.607362443971320061e-03 2.525572544261060412e-02
1.000000000000000000e+00 7.334953197703202932e+01 3.194157682844407375e-01 3.162728894056357487e-01 2.716694280440934417e-01 4.312367318929046789e-01 2.589550222252947620e-01 5.675479377131014552e-03 2.268215985907627921e-02
1.000000000000000000e+00 5.369978150091025526e+01 2.984374206346417924e-01 2.442535577094522292e-01 2.742489606691186910e-01 5.414869890188415136e-01 2.199554624257715474e-01 5.729252780923829724e-03 2.288071858974296754e-02
1.000000000000000000e+00 3.824227684871733146e+01 2.773364556018519944e-01 2.472396941630885803e-01 2.199387852549805622e-01 5.856151215653608855e-01 2.034720138786653698e-01 4.959437876533407188e-03 2.953281492215750065e-02
1.000000000000000000e+00 3.339918245702086352e+01 2.600560626096024563e-01 2.101666668228463486e-01 2.273777316016081240e-01 6.253553509325847637e-01 1.822943145447875612e-01 5.003821828293877373e-03 2.747662611807781194e-02
1.000000000000000000e+00 3.441568451071514545e+01 2.080052778508692801e-01 2.156371508033235462e-01 1.660881236668611260e-01 6.056848172174482681e-01 1.502864732686063354e-01 4.589282339683773380e-03 2.031864141037960717e-02
1.000000000000000000e+00 3.099930004186252930e+01 2.129592730694956360e-01 2.249850557989464539e-01 1.870255614397511867e-01 5.879536517341898971e-01 1.622491824552239892e-01 4.740081324684966568e-03 2.916959899502187537e-02
1.000000000000000000e+00 2.802470348175569725e+01 2.811174630377448747e-01 2.920804778554939585e-01 2.372709080658204073e-01 6.177433204639550812e-01 2.241718774079021481e-01 4.149835634235203574e-03 2.262818195720226605e-02
1.000000000000000000e+00 2.750459691453200151e+01 2.817241723772869189e-01 2.327163357997518722e-01 2.500932013569124868e-01 5.962850217804799291e-01 2.035391061198510987e-01 4.109572860128787343e-03 2.186577560741808854e-02
1.000000000000000000e+00 2.604836760022442377e+01 3.248008820507376493e-01 2.929373578879603812e-01 2.891642051601073238e-01 4.407269120307409915e-01 2.508965901299335388e-01 3.550658077722362339e-03 2.002774962339130133e-02
1.000000000000000000e+00 2.486811340897975597e+01 2.866247982621848434e-01 2.655017984642329965e-01 2.805083782363560485e-01 4.431432533394450979e-01 2.233766542550909007e-01 2.911247703208749531e-03 1.684037095091947892e-02
1.000000000000000000e+00 1.364067032504647692e+01 2.481829223167597298e-01 2.316019508116940462e-01 2.203028085930331392e-01 4.823316463264325504e-01 1.843260327565383327e-01 3.555682734479839041e-03 1.292614853448877978e-02
1.000000000000000000e+00 8.411243856143157061e+00 2.473851709566083912e-01 2.258634809860163295e-01 2.000001792469047190e-01 6.136628627957996240e-01 1.793818011053761319e-01 3.307999570722907571e-03 1.849949156063317862e-02
1.000000000000000000e+00 7.327824550549379978e+00 2.584811425337946722e-01 2.555500731415706883e-01 2.240963160461082737e-01 8.576802544803062700e-01 1.958998016966739808e-01 3.908292688550672050e-03 2.703035022721592129e-02
