1.000000000000000000e+00 1.387615562106494093e+06 2.442176589563310185e-01 2.289262537018678934e-01 2.141388365853263975e-01 5.833666024271875195e-01 1.782881128597909870e-01 3.303369501765613878e-03 2.459355322494237786e-02
1.000000000000000000e+00 8.953070658482655417e+05 2.389380864958824957e-01 4.311940819857996710e-01 7.163747394482502528e-01 8.022277139018411107e-01 1.297540390032657365e-01 6.279506204551297578e-03 3.367092271470232406e-02
1.000000000000000000e+00 5.842019080266474048e+05 2.622609004591985316e-01 3.017521547557046602e-01 7.695461302201995757e-01 8.404580766142099035e-01 1.575713448980077536e-01 7.608878036442383308e-03 2.987430607301357760e-02
1.000000000000000000e+00 2.925450475942095509e+05 1.375411728887316332e-01 2.102122423570937926e-01 8.701056904499434586e-01 8.006284457342796035e-01 1.963185660811994637e-01 7.166013276131243462e-03 2.806673624639936804e-02
1.000000000000000000e+00 1.360375940451902570e+05 1.525250115286314601e-01 2.163255562466890047e-01 8.044770165217574043e-01 1.079673662836672765e+00 2.161579309544145733e-01 6.335182828252855156e-03 3.956925858654675165e-02
1.000000000000000000e+00 2.060994468126682932e+03 1.885523163453228790e-02 2.264474426093512349e-01 7.077815305060500828e-01 1.034234273624646372e+00 2.744883488576908004e-01 5.864389179612807500e-03 4.012874861813649219e-02
1.000000000000000000e+00 1.950288581600512771e+03 9.823059915454518398e-02 2.063459575504163201e-01 8.100046939181637651e-01 9.953478923873023687e-01 2.826759779101728487e-01 6.445039851600515429e-03 3.700608159518307266e-02
1.000000000000000000e+00 1.707758571928109632e+03 1.654724442448361199e-01 1.354318631057401245e-01 6.922216720752834007e-01 1.078672288896374898e+00 2.516446849221474769e-01 6.029563298281017010e-03 3.977453292951971947e-02
1.000000000000000000e+00 1.646714990463766526e+03 2.241209092851199070e-01 9.863347176765699387e-02 7.204957649589642799e-01 9.276140171812126134e-01 2.911948626253865746e-01 5.382597639131391290e-03 3.636484941312272817e-02
1.000000000000000000e+00 1.070059041980895245e+03 3.996985669608574265e-01 1.023457907145425283e-01 7.053554847701227759e-01 8.540827775940101896e-01 3.316427670121545046e-01 5.758048106675165215e-03 3.589826961032116515e-02
1.000000000000000000e+00 9.738018610467548797e+02 3.905129994115151826e-01 1.613263197075625044e-01 6.284667841238414931e-01 7.212514897538991887e-01 3.303587963778374936e-01 5.589874081765861327e-03 3.613101377669873659e-02
1.000000000000000000e+00 9.715332879599895932e+02 4.661621675804843434e-01 2.293610739186148217e-01 5.074286030209107512e-01 7.073722238976323240e-01 3.658372678690465230e-01 4.893454407842137005e-03 3.884310435134061268e-02
1.000000000000000000e+00 4.669188905646640819e+02 4.150055478004096021e-01 3.238326320335980224e-01 3.785072972201443120e-01 6.773611461351325413e-01 3.410469137204221179e-01 5.806692893713218465e-03 3.358657335261740207e-02
1.000000000000000000e+00 4.188249546054029224e+02 4.859356652172727720e-01 3.766018874991624021e-01 4.645197680987998567e-01 6.715434955438528419e-01 3.863448620249114174e-01 5.001247396870448295e-03 3.188141315341194715e-02
1.000000000000000000e+00 3.228037426382557555e+02 4.581280874596149744e-01 4.794467389244232991e-01 3.499373168121958644e-01 6.241961220373553054e-01 3.915284685576576051e-01 6.241021865680297653e-03 5.209043374361100459e-02
1.000000000000000000e+00 2.064636799426916127e+02 4.653783020402376680e-01 4.502944886570297567e-01 4.348240676090468493e-01 7.073898559443679845e-01 3.851375714179992582e-01 6.019629239439400897e-03 5.356853095188934127e-02
1.000000000000000000e+00 1.862572377797599188e+02 4.378053886997197997e-01 4.195830734358266811e-01 4.346035437063313078e-01 5.882360031125287714e-01 3.598738766651587984e-01 5.184711592181753988e-03 5.455693128630678679e-02
1.000000000000000000e+00 1.474305930692764832e+02 4.156909024619007131e-01 4.260739298978983847e-01 3.789810570837414683e-01 5.021906178715807023e-01 3.553197789187437228e-01 4.898947683482690434e-03 5.105382204188621542e-02
1.000000000000000000e+00 1.114854904296327618e+02 3.738943095607221712e-01 3.982296506856718432e-01 3.654935004011161670e-01 6.341321192240321203e-01 3.217474345693286941e-01 4.259272306048713860e-03 4.799813139413162955e-02
1.000000000000000000e+00 9.550577724443733985e+01 3.615774793867826409e-01 3.767684693596207168e-01 3.605367417637494465e-01 7.517090891422807397e-01 3.086223849183474810e-01 3.863180138121231379e-03 4.814433155738306880e-02
1.000000000000000000e+00 9.401210121215325444e+01 3.868197728638185784e-01 3.850194377169330884e-01 3.427421349238687909e-01 5.132702995679995217e-01 3.225544473033805648e-01 3.920400077417606280e-03 4.552061392668317608e-02
1.000000000000000000e+00 7.416721530961090991e+01 3.710981967038233242e-01 3.768587893847384351e-01 3.777860291830462125e-01 5.174429813734453543e-01 3.168873577034746480e-01 3.405705702143372281e-03 3.927438102500571682e-02
1.000000000000000000e+00 7.227009963131320092e+01 3.586019219267023161e-01 3.861904621081845290e-01 3.494809495390980292e-01 6.513498579658720811e-01 3.088077323152940701e-01 3.123345227064879080e-03 3.717886674835406413e-02
1.000000000000000000e+00 5.297286290332245784e+01 3.955826825061449781e-01 3.835525982819782964e-01 3.652627253804723306e-01 7.442732668339778757e-01 3.282303161652093126e-01 2.822612171484345338e-03 2.343681281556614371e-02
1.000000000000000000e+00 5.224023228048808676e+01 3.411322878506912182e-01 3.389024857121602508e-01 3.316025151646310176e-01 7.887443557298738916e-01 2.866261975526495087e-01 2.665575490820384658e-03 2.287113438154405806e-02
1.000000000000000000e+00 3.955361170156243134e+01 3.273415461529025072e-01 3.240605490119851106e-01 3.205145563399910968e-01 6.479718393887198280e-01 2.670484625139037393e-01 2.291087591966840375e-03 2.437147640247493488e-02
1.000000000000000000e+00 3.705788859983030648e+01 3.210280262433547471e-01 2.918130206950900751e-01 3.085346731624681871e-01 6.020652887509407858e-01 2.518660853700054880e-01 2.311108352812557901e-03 3.092386212839167911e-02
1.000000000000000000e+00 3.422505087205080798e+01 2.828004874197102558e-01 2.931463233479429387e-01 2.607284658158102175e-01 5.566989665300852153e-01 2.313239240901601157e-01 2.451943636441949754e-03 3.569463670336768535e-02
1.000000000000000000e+00 3.200739141910472085e+01 3.084756856977654560e-01 2.737636369150639459e-01 2.773342038722867997e-01 7.057210423731721249e-01 2.409582187964938726e-01 2.815484292609559888e-03 3.241464042001244300e-02
1.000000000000000000e+00 2.968235485009271812e+01 2.675560450973207827e-01 2.581338290161624971e-01 2.022922153206006546e-01 8.252656476715662937e-01 2.032808585514180866e-01 2.783796175503476175e-03 3.515225062888380908e-02
1.000000000000000000e+00 1.601415949436463038e+01 2.666255595640247833e-01 2.691054646571912623e-01 2.385326618845181323e-01 6.996566099386214432e-01 2.063684684616085008e-01 3.678052389729388749e-03 3.016631249114264460e-02
1.000000000000000000e+00 6.099955989794812794e+00 2.442176589563310185e-01 2.289262537018678934e-01 2.141388365853263975e-01 5.833666024271875195e-01 1.782881128597909870e-01 3.303369501765613878e-03 2.459355322494237786e-02
