1.000000000000000000e+00 1.023611524557537516e+06 2.025062387964568777e-01 1.796710285272480334e-01 1.782004836887447485e-01 5.293062628646486578e-01 1.387349121369089167e-01 4.197398927863952960e-03 2.830559848670949341e-02
1.000000000000000000e+00 3.514941066325929714e+05 5.908083099919122505e-01 8.225311735709045502e-01 1.990236859433462402e-01 2.401525178805841432e-01 3.235647876788660948e-01 7.741263113840450051e-03 2.647204059778563573e-02
1.000000000000000000e+00 2.375530978205602441e+05 6.017809002944592978e-01 7.956165266897575750e-01 6.089732585677426480e-02 2.229080836201620119e-01 3.522443915423574268e-01 7.177508572304805087e-03 2.731039038938546867e-02
1.000000000000000000e+00 1.616255016328108613e+05 4.950837686532780779e-01 8.406281963523918321e-01 2.533476940547310097e-01 3.202704938121836986e-01 3.819185104371606299e-01 7.346541348963620856e-03 2.183260284428727854e-02
1.000000000000000000e+00 5.977107126762429289e+03 3.770252130946639135e-01 6.750911934354113519e-01 2.391952037418215160e-01 3.256909651181154053e-01 3.876333884713318856e-01 6.439191997131512267e-03 2.722026058336096330e-02
1.000000000000000000e+00 3.111413333253623932e+03 4.404704403062646434e-01 6.107500689594828058e-01 2.276217490047744985e-01 1.448271414665474044e-01 4.007344531498203688e-01 7.679064921420114022e-03 1.783859249345466635e-02
1.000000000000000000e+00 1.267275736780173247e+03 3.893085269206917887e-01 4.537731276099549182e-01 2.333804875444308036e-01 2.109507110929255136e-01 3.886621532831727177e-01 8.324307486444084206e-03 2.233672676644787164e-02
1.000000000000000000e+00 6.898996326937846106e+02 4.635074719557138456e-01 5.303119461925581701e-01 2.194175778900386287e-01 2.691137583361487007e-01 4.085276006032420026e-01 8.622932412815011161e-03 2.329008702507167836e-02
1.000000000000000000e+00 6.897689739884519895e+02 4.269434450965088335e-01 5.461400579755095741e-01 2.797404342854137305e-01 4.167733614574687939e-01 4.058025621726869536e-01 8.564183567603701405e-03 2.613051952125557825e-02
1.000000000000000000e+00 6.574045871102141518e+02 4.647497431786373201e-01 4.152788289396254218e-01 2.162410392615002896e-01 2.601832299206866539e-01 3.843113323179688234e-01 7.253662408879636009e-03 2.247160586438493035e-02
1.000000000000000000e+00 3.756318758870475563e+02 3.933856622052515628e-01 3.903150811905162776e-01 2.280835454382228455e-01 3.189811253097726840e-01 3.114058150327312924e-01 7.287761790758563035e-03 2.186601811332813602e-02
1.000000000000000000e+00 1.716612084083143372e+02 3.669994477887025264e-01 3.952601445863283547e-01 2.917738897313459923e-01 4.097845622812915090e-01 3.041396501545136077e-01 7.003950774817573055e-03 1.624258478654680080e-02
1.000000000000000000e+00 9.473254081488354927e+01 3.514195665382389699e-01 3.241263090812276371e-01 3.440759749522508404e-01 1.318560129898092015e-01 2.860164325918166939e-01 6.436764691167401291e-03 2.913902407958848806e-02
1.000000000000000000e+00 8.176671688627457968e+01 3.728602232614877110e-01 3.605477297488050015e-01 3.648503365259803677e-01 2.669176411549956107e-02 3.016554008850168556e-01 5.943382811308427216e-03 2.547020750620463542e-02
1.000000000000000000e+00 7.482019177085581418e+01 3.609566824501267979e-01 3.220604334633334065e-01 3.369839620486250742e-01 1.676950252837483002e-01 2.883998938553142821e-01 5.470775456904492309e-03 2.567042799633653671e-02
1.000000000000000000e+00 6.610442843425985870e+01 3.582881515318109833e-01 3.224276602723192831e-01 3.702872288497430220e-01 8.427477950473877266e-02 2.900078698133232158e-01 4.641842629265138451e-03 1.937967862655968349e-02
1.000000000000000000e+00 5.362631174215834307e+01 3.851688831892694509e-01 3.893082483593429122e-01 3.722409131811864058e-01 6.699951692122156632e-02 3.210614667101516773e-01 4.737999390786531290e-03 2.582724190042784071e-02
1.000000000000000000e+00 4.978626702068024912e+01 3.460100731015188780e-01 3.188925810437449049e-01 2.933357055867884533e-01 6.389603277310736129e-02 2.736812945189397439e-01 4.506804622730649704e-03 2.566102483180660379e-02
1.000000000000000000e+00 3.387273240212348924e+01 2.947567544820266505e-01 2.974253161133015300e-01 2.777827053735997254e-01 1.460951147509385595e-01 2.340237948962032299e-01 4.798620226947288188e-03 1.714420078074108469e-02
1.000000000000000000e+00 2.506573458226890594e+01 2.988052321073143558e-01 3.052738183471853661e-01 2.712109334903058944e-01 1.616246521015244630e-01 2.416666696147259097e-01 4.339779863943917480e-03 2.364865984669671864e-02
1.000000000000000000e+00 2.386994542937062391e+01 2.570341370824493765e-01 2.606092678424763998e-01 1.981008997682179307e-01 1.791352611722824562e-01 1.983469467097179195e-01 3.485950372127359122e-03 2.078696864622625595e-02
1.000000000000000000e+00 2.192654446607976482e+01 2.511695071333465701e-01 2.226149398877420860e-01 2.050170813156264593e-01 4.267567479172020284e-01 1.788415388839988684e-01 3.835646436743525740e-03 2.859582452752069265e-02
1.000000000000000000e+00 9.137486223641738903e+00 2.258161596991478115e-01 1.915945032713494700e-01 1.851636470779448873e-01 4.371408720281873550e-01 1.560988322329072975e-01 3.982668217052823603e-03 2.992497684166518443e-02
1.000000000000000000e+00 1.015046741582852263e+01 1.783407613045741580e-01 1.501823331801345474e-01 1.371409076305086516e-01 5.138138584654423635e-01 1.110144288498636223e-01 3.763489731228604213e-03 2.960681629135497595e-02
1.000000000000000000e+00 1.081945587385326846e+01 2.025062387964568777e-01 1.796710285272480334e-01 1.782004836887447485e-01 5.293062628646486578e-01 1.387349121369089167e-01 4.197398927863952960e-03 2.830559848670949341e-02
