1.000000000000000000e+00 8.421628975474091247e+06 2.235215161986553734e-01 2.238889409478539427e-01 1.893383479745507358e-01 3.276497701583437339e-01 1.666092570382081139e-01 2.637364861318316264e-03 2.314916873121955487e-02
1.000000000000000000e+00 4.198232900773948058e+06 8.908530775837979476e-01 3.250474005166786862e-01 6.119387009926748888e-01 3.670061928917017768e-01 1.682358269910971260e-01 3.178943852638235670e-03 4.917584102840309029e-02
1.000000000000000000e+00 2.957337575383715332e+06 9.643954096123737996e-01 8.714661032906689808e-02 6.762498531028422466e-01 3.756061203989501940e-01 2.265288107314540889e-01 4.103724109507377558e-03 4.473535405683243260e-02
1.000000000000000000e+00 2.605796871674707159e+06 1.002221851352386617e+00 1.492879489275240612e-01 7.296365854772257631e-01 3.861202337098186277e-01 2.528885344400150226e-01 3.709481241673218046e-03 4.985850783742726972e-02
1.000000000000000000e+00 2.172211184946132824e+06 8.117787118740280583e-01 3.569957630445088625e-01 6.327544300591958493e-01 4.122434760380241370e-01 2.157622709542258432e-01 4.302273282890684523e-03 5.292996804467068467e-02
1.000000000000000000e+00 1.045321699027672061e+06 7.905455994443879586e-01 2.459854243239483762e-01 8.387767692598082636e-01 4.865458052083459495e-01 2.704440247072634751e-01 4.950505169138113247e-03 5.404799550066723829e-02
1.000000000000000000e+00 9.632508676850718912e+05 8.221222470158169315e-01 3.446777150387538291e-01 8.666305250486234790e-01 5.978447674138946955e-01 2.940094441919505197e-01 3.804880593161784948e-03 5.067561202388339708e-02
1.000000000000000000e+00 7.212543430418656208e+05 7.931048747535291987e-01 2.848703785939886712e-01 7.092796695876999458e-01 5.065524560932807008e-01 3.082218365933001580e-01 4.711740601298270575e-03 4.890913808985536404e-02
1.000000000000000000e+00 5.277929781344567891e+05 7.407809158608144040e-01 8.298674494059771201e-02 7.734469138389261644e-01 3.838714140336429992e-01 2.950038058737344815e-01 4.068337945125257565e-03 4.600249291109737709e-02
1.000000000000000000e+00 2.826632233082280145e+05 6.863547238094100944e-01 1.504448586519550879e-01 8.552879344334661793e-01 2.739352192636945738e-01 2.993074156353148774e-01 4.219978415360699925e-03 5.199515762996399088e-02
1.000000000000000000e+00 1.054062907016657555e+05 6.199624142662705228e-01 2.157875975033146654e-01 7.903502048071721076e-01 2.936972076377784013e-01 3.055603481831908330e-01 2.886469173109249605e-03 5.375990845151477210e-02
1.000000000000000000e+00 2.864123605416211285e+04 4.987166949748890743e-01 8.669105721202896575e-02 7.420930709004125436e-01 3.130641778224275140e-01 2.842180356210650682e-01 3.042683464225167875e-03 4.686187292580695080e-02
1.000000000000000000e+00 1.335278293591512238e+03 3.502715477958822099e-01 8.620773854798258196e-02 6.468877981617791040e-01 2.565199701032292445e-01 3.196556852187588116e-01 4.666947137380131859e-03 5.232982392204348077e-02
1.000000000000000000e+00 1.035377225825428923e+03 3.203589349619691551e-01 1.805834488005821359e-01 5.772231379213665914e-01 8.443174249252810570e-02 2.998314432711013389e-01 3.351630759748387006e-03 4.947413370995497328e-02
1.000000000000000000e+00 9.648913976249699544e+02 3.889362135768239526e-01 1.138925853139304833e-01 5.598808425441741399e-01 2.623724988445136908e-01 2.735458259921458302e-01 3.980849797776929433e-03 4.742229255247405739e-02
1.000000000000000000e+00 9.228966728929277679e+02 3.684145310168124299e-01 7.546024100286186087e-02 6.270434472508926715e-01 3.815420825584484588e-01 2.824213778766785921e-01 4.436397910546711724e-03 4.010176002857218647e-02
1.000000000000000000e+00 8.868698432481472764e+02 3.224705775122450602e-01 9.495477160638635117e-02 5.494032406555026116e-01 2.618333970763789265e-01 2.637385036374802483e-01 4.197194505330028268e-03 4.119882957457723927e-02
1.000000000000000000e+00 7.775286936374683364e+02 3.059071262959996984e-01 9.552997651168929072e-02 5.105034903190333040e-01 1.802215632984039972e-01 2.307906533504968660e-01 3.761384736816681881e-03 3.494067397223613036e-02
1.000000000000000000e+00 9.122098141707540719e+01 2.771819154847882660e-01 2.733588932054571430e-01 2.727415725220990739e-01 1.779006621012302336e-01 2.279785814792618936e-01 3.933805801605826276e-03 3.641279387030024739e-02
1.000000000000000000e+00 6.226338629960753224e+01 2.821588924942679544e-01 2.229491536898821902e-01 2.678865951094682729e-01 2.262452626162725078e-01 2.069308681539553663e-01 4.670831567556463053e-03 3.966324768938563755e-02
1.000000000000000000e+00 4.621226212932009503e+01 2.949404216094264064e-01 2.969998263018526208e-01 2.590641715088874975e-01 4.064918830461495824e-01 2.331415986838735743e-01 4.178982026421627395e-03 3.922672291826620472e-02
1.000000000000000000e+00 4.389877195817980748e+01 3.354316237692163138e-01 2.937231645056852525e-01 2.959148814733391086e-01 4.728651480498916593e-01 2.568776633795191722e-01 3.934601619433550704e-03 3.424360633275184973e-02
1.000000000000000000e+00 3.902624713034268211e+01 3.183939330190421746e-01 2.607234110853045572e-01 2.948148203394470590e-01 4.795798747984383326e-01 2.388172654033142439e-01 3.668028243312429493e-03 2.325536692066944300e-02
1.000000000000000000e+00 1.293193416406432661e+01 2.535484934655136136e-01 2.367164042434447557e-01 2.405713282050962187e-01 5.451040759958458715e-01 1.918258077263333694e-01 3.125194589670404494e-03 2.197233960644141143e-02
1.000000000000000000e+00 1.393271268585106348e+01 2.334556395962483766e-01 2.410203894489059973e-01 1.953158297291255618e-01 5.318823337507094795e-01 1.773924685266988210e-01 2.616437670690523621e-03 2.427302788479999626e-02
1.000000000000000000e+00 1.408575145212748225e+01 2.602541088487206888e-01 2.647879051295648489e-01 2.241596098946872506e-01 4.454710461536809385e-01 2.030443173262056200e-01 3.073008170389717863e-03 2.848161738614733707e-02
1.000000000000000000e+00 1.341720263350637410e+01 2.741758771804380101e-01 2.577772150621835956e-01 2.367370446233021675e-01 3.246199443698719045e-01 2.085866452394624648e-01 3.732141206515964937e-03 3.224682550304866502e-02
1.000000000000000000e+00 9.432282785583637974e+00 2.347308262656831179e-01 2.350695512970803758e-01 2.065715342803182697e-01 3.388195854993712453e-01 1.796246246635994359e-01 2.695493581128595960e-03 2.452026304284089103e-02
1.000000000000000000e+00 8.507679804465489326e+00 2.235215161986553734e-01 2.238889409478539427e-01 1.893383479745507358e-01 3.276497701583437339e-01 1.666092570382081139e-01 2.637364861318316264e-03 2.314916873121955487e-02
