1.000000000000000000e+00 4.012869774236955680e+06 1.998633435513021139e-01 1.709933553077908341e-01 1.618423439352743021e-01 7.729264866332263839e-01 1.308123573872451151e-01 3.234998734982085823e-03 2.562583949039241513e-02
1.000000000000000000e+00 3.405697040034306236e+06 5.067283641813751238e-01 5.735096424628495226e-01 2.751636145077054896e-01 5.798027018135658572e-01 1.019191225048587945e-01 2.019997099772595506e-03 3.890308955040815836e-02
1.000000000000000000e+00 2.008878491751791909e+06 6.014324598990242743e-01 6.837631547368357987e-01 2.848249967489366319e-01 5.527638110889859790e-01 1.660389332730662915e-01 2.738845287800264691e-03 3.036922619062812356e-02
1.000000000000000000e+00 1.082837497409926029e+06 5.490183989130482667e-01 5.654701259417380665e-01 3.923454689068930357e-01 5.642432117664974989e-01 1.901797894611486905e-01 2.056917063605574920e-03 3.546239397910054547e-02
1.000000000000000000e+00 5.988875531294194516e+05 5.054204441150462745e-01 4.302776569701496356e-01 4.676634974143484280e-01 5.298446858785906821e-01 1.933102820001701694e-01 1.118386529574503033e-03 3.956756959233291571e-02
1.000000000000000000e+00 1.591751801745035045e+05 3.882981030199104122e-01 4.497630498602928628e-01 2.852673349850898266e-01 5.002969070577155675e-01 2.190729947466499572e-01 5.560473037684315759e-04 5.421705354755263634e-02
1.000000000000000000e+00 4.099745841307587398e+04 1.465133806468061350e-01 6.235219930278913525e-01 9.509620780338509660e-02 3.053001544675836842e-01 2.219382632558937751e-01 7.533820384628187906e-04 5.060018262792047306e-02
1.000000000000000000e+00 2.298830437969590093e+03 2.134309311654852825e-01 4.381474294190527141e-01 7.398313821697377612e-02 4.256200930176313180e-01 2.201081904904357567e-01 8.761505762035116810e-04 5.489590323241215486e-02
1.000000000000000000e+00 1.863882627662521372e+03 2.408373137401978725e-01 4.554325518971912845e-01 3.123686704572448125e-02 4.655776567806988453e-01 2.461594637686327358e-01 7.138608955374712997e-04 4.991310688146155528e-02
1.000000000000000000e+00 1.682796190161144750e+03 1.865989772092390697e-01 2.388248553568883270e-01 7.979427805440285348e-02 6.212585912675765432e-01 2.348980222627170267e-01 1.038180909196138825e-03 5.237293139505886513e-02
1.000000000000000000e+00 1.133684873756123579e+03 1.738301612769383164e-01 3.558742519262008130e-01 8.272461396254314481e-02 6.488404917467262001e-01 2.318913277513747206e-01 9.986032535086849984e-04 4.638672612184303878e-02
1.000000000000000000e+00 8.951468521710686446e+02 2.062256674755692520e-01 3.515947713937244146e-01 6.692573065098626761e-02 5.904398684609990511e-01 2.328738106759122850e-01 1.432377199560277460e-03 4.938760033275699235e-02
1.000000000000000000e+00 6.397438103843193176e+02 2.842047659586566244e-01 2.879546076257683551e-01 5.790911306114180507e-02 4.559165097811237466e-01 2.070607343188463900e-01 1.242443085867976334e-03 5.103010282532454561e-02
1.000000000000000000e+00 5.006749293526650604e+02 1.693738020862255444e-01 3.353168644700134093e-01 9.298978159918167008e-02 5.523689996553252657e-01 1.781427146490004998e-01 8.980347176338682657e-04 5.013300800889462783e-02
1.000000000000000000e+00 2.502289898881263071e+02 2.353676920725767119e-01 1.781976898703076795e-01 1.365534197524896354e-01 5.689356474354657633e-01 1.478379738072098937e-01 8.231835727398477453e-04 4.955227272977199421e-02
1.000000000000000000e+00 1.981193353449370420e+02 2.209204197991395668e-01 1.517487502497883445e-01 1.547685108144052357e-01 5.737174817505259483e-01 1.455030426383256137e-01 1.711591001517199714e-05 4.735162100885461495e-02
1.000000000000000000e+00 1.245147025208364511e+02 1.711547561935455042e-01 1.347385728588134934e-01 1.514338329283725915e-01 5.488689302177661711e-01 1.006903884894373297e-01 7.652852402962879563e-04 4.284278900656592060e-02
1.000000000000000000e+00 1.017654783335976560e+02 1.799838794971665989e-01 1.168977670494941723e-01 1.359645213932519636e-01 5.385215851717355395e-01 1.061459100580255110e-01 1.624918776949862888e-03 4.926849267900491880e-02
1.000000000000000000e+00 1.003300033940471678e+02 1.443375187960129480e-01 1.067523808694073456e-01 1.377878340308767158e-01 5.339466447249043846e-01 8.091951973186813085e-02 7.275525877307268416e-04 4.257400747302529653e-02
1.000000000000000000e+00 9.620368283653337471e+01 1.573677099985846817e-01 1.192064097638066561e-01 1.532956113174027413e-01 5.678565023379114063e-01 9.630865662899713853e-02 1.149045227162018594e-03 4.463044021864023825e-02
1.000000000000000000e+00 9.661486547475806219e+01 2.071273106412054865e-01 1.819726099479175296e-01 1.180009230142783638e-01 6.132139982261437527e-01 1.344948059926970585e-01 9.173335907248910889e-04 3.989904383412277988e-02
1.000000000000000000e+00 8.788554259207857910e+01 1.949308184318049308e-01 1.302902890580983353e-01 1.493204552892180847e-01 6.582788544071781489e-01 1.199049859471030544e-01 1.324935599025430346e-03 4.323657734779919048e-02
1.000000000000000000e+00 7.235436348797288986e+01 1.597139884665610687e-01 1.202055995350701234e-01 1.438790272718821484e-01 6.945749917730612566e-01 9.471842017814409431e-02 8.086670351004388328e-04 3.713022218199656110e-02
1.000000000000000000e+00 5.318622080342943548e+01 1.747204229935881148e-01 1.418489738697472080e-01 1.069322134558426951e-01 6.857566828692525096e-01 1.010641060938164970e-01 1.521517799949258752e-03 3.582754369587420884e-02
1.000000000000000000e+00 5.329924269364154554e+01 1.599429416522940017e-01 9.822072535700296370e-02 1.412839765741222553e-01 6.184121380515923416e-01 8.952408542316871165e-02 2.351314279044850776e-03 3.557044001456922955e-02
1.000000000000000000e+00 4.656292920758390608e+01 1.517425489602315103e-01 1.442612052621032315e-01 1.423902386492257033e-01 6.934062024585151418e-01 9.678780045886638261e-02 2.952839414746144617e-03 3.454348834901702081e-02
1.000000000000000000e+00 2.748756901809466768e+01 1.629709972661327055e-01 1.482129190309101618e-01 1.150172488921674535e-01 8.387009817898443131e-01 1.058934781539914299e-01 2.405408005341621181e-03 3.528006027456499077e-02
1.000000000000000000e+00 2.192604509444384320e+01 2.423600112137574147e-01 2.033234612612900560e-01 2.117234315324090788e-01 9.095802908855307178e-01 1.721875586842651074e-01 2.063139385588401344e-03 2.962164264576653064e-02
1.000000000000000000e+00 1.272960691400673916e+01 2.222684790527069409e-01 2.116864907893888925e-01 1.631211764261339681e-01 7.669719126722647218e-01 1.578949344859594262e-01 2.810235684234414257e-03 2.739791122073085422e-02
1.000000000000000000e+00 1.271954240026524197e+01 2.421227635437435688e-01 2.018540819237038542e-01 2.046285718282080390e-01 8.455138028735734723e-01 1.702618104977460800e-01 2.880305382610546649e-03 2.220345601726751716e-02
1.000000000000000000e+00 5.127163549744398807e+00 1.998633435513021139e-01 1.709933553077908341e-01 1.618423439352743021e-01 7.729264866332263839e-01 1.308123573872451151e-01 3.234998734982085823e-03 2.562583949039241513e-02
