1.000000000000000000e+00 7.729477260098612169e+04 2.693420130718206518e-01 2.477423456988533390e-01 2.395062666988731770e-01 5.526654861890480802e-02 2.013642966938904988e-01 3.864645548311936973e-03 2.166545510325146306e-02
1.000000000000000000e+00 7.242495775788663013e+04 1.879471406625881635e-01 6.140579509092447541e-01 2.763205782530906429e-01 2.808735952480178044e-01 2.343053186788529862e-01 5.490528837593227143e-03 4.845620108600295212e-02
1.000000000000000000e+00 8.857282632294643463e+02 9.635396272032176190e-02 4.289853090644877298e-01 2.682861876663421574e-01 2.852990084464576137e-01 1.998183599372534425e-01 6.105914516660741580e-03 4.378535468989906698e-02
1.000000000000000000e+00 8.712236800793266411e+02 5.540079156927070481e-02 3.760346536642196202e-01 2.321173358569872947e-01 3.648069756953045140e-01 1.723002292050968554e-01 4.483868502047672761e-03 4.678580022083886347e-02
1.000000000000000000e+00 6.181762924918117506e+02 1.948676193400203926e-01 2.675861602628171187e-01 1.454710160443110079e-01 3.640652828395696261e-01 1.913691986432838610e-01 4.206083179885990869e-03 5.380600804924197400e-02
1.000000000000000000e+00 2.292411303421804121e+02 2.542438248477970064e-01 2.888246013395194267e-01 2.261160349295204819e-01 3.691351484332879296e-01 2.192003200942562458e-01 3.913662866000148371e-03 5.760112116691375878e-02
1.000000000000000000e+00 1.262178056614114041e+02 2.172484897854506936e-01 2.770588919379095016e-01 1.710877983968990546e-01 2.532753500725234419e-01 1.784475360316575832e-01 3.198907366469739069e-03 4.998116736666841087e-02
1.000000000000000000e+00 1.062714250735438810e+02 2.231971177130813444e-01 2.275639059013707943e-01 2.408761811818340148e-01 3.442833392966322403e-01 1.751529918750474590e-01 3.944643404858320761e-03 4.700942623638413448e-02
1.000000000000000000e+00 5.512406449777255091e+01 2.124810323934659406e-01 1.657097281768896424e-01 2.097066990598120129e-01 2.576559877266412779e-01 1.481583140353517070e-01 3.611087473421635899e-03 3.867323543931484864e-02
1.000000000000000000e+00 3.543807909503732390e+01 1.994987695485699319e-01 1.795719288339699127e-01 1.767846129000259503e-01 1.111686424415340158e-01 1.342559431037940454e-01 4.560797560188828599e-03 3.968283344514447059e-02
1.000000000000000000e+00 3.100121971888665939e+01 2.005965347786574926e-01 1.804637483064889525e-01 1.770298644226245277e-01 2.293583912389976498e-01 1.409529001430082640e-01 3.777838689019496349e-03 4.068909639634979425e-02
1.000000000000000000e+00 2.982611963872470540e+01 1.874594730998290770e-01 1.774336038666805282e-01 1.434317699888776054e-01 1.003250766696116292e-01 1.262551454732877831e-01 3.071372525929368363e-03 4.126884895348774396e-02
1.000000000000000000e+00 2.749814421254910712e+01 1.998391610209198643e-01 2.062270517002482706e-01 1.545359212062418219e-01 1.591554004340736683e-01 1.472638077040094029e-01 2.131430366012448344e-03 3.208239003401132383e-02
1.000000000000000000e+00 1.731354271717603055e+01 1.969679215519480053e-01 1.711813884485837156e-01 1.535924946243183431e-01 1.402816142400860056e-01 1.321341974920271223e-01 2.458895164017340946e-03 3.003154172271003258e-02
1.000000000000000000e+00 1.421272394497216496e+01 2.088210599687638780e-01 1.869826292264380740e-01 1.530425901011271128e-01 6.740857674426488366e-02 1.420698730567558632e-01 3.100017711664774904e-03 3.505043586490001056e-02
1.000000000000000000e+00 1.153081666630026092e+01 2.240718421495017654e-01 2.165809429052846236e-01 2.074129578224608028e-01 1.058035637165149340e-01 1.662762912344600552e-01 3.416595289129758899e-03 2.990040169092331862e-02
1.000000000000000000e+00 7.899203353013247053e+00 2.247416037564938518e-01 2.130491148052576778e-01 2.065069192818332067e-01 1.399208417623198919e-01 1.654989477344113724e-01 3.643257867692765301e-03 2.644138152521647092e-02
1.000000000000000000e+00 7.313983576195691505e+00 2.414126712225708460e-01 2.073252877608391387e-01 2.075323388577771100e-01 1.121736529728052378e-01 1.722560376043392183e-01 4.094987936403933146e-03 2.211295999041935911e-02
1.000000000000000000e+00 5.931584070509415163e+00 2.693420130718206518e-01 2.477423456988533390e-01 2.395062666988731770e-01 5.526654861890480802e-02 2.013642966938904988e-01 3.864645548311936973e-03 2.166545510325146306e-02
