1.000000000000000000e+00 2.787395158880521078e+06 1.811249428637103920e-01 1.630682715568880226e-01 1.436973448559628885e-01 1.363735028135361738e+00 1.166536883890770537e-01 3.542780215161354159e-03 2.734705174459938284e-02
1.000000000000000000e+00 1.312362379755427130e+06 2.479522280283885105e-01 8.952525446543388998e-01 8.121011575678237504e-01 9.557932125318476801e-01 1.746682128749716956e-01 6.754469817980912963e-03 3.408784408980868735e-02
1.000000000000000000e+00 1.104013222542684525e+06 3.765743215711619407e-01 8.496099372071993505e-01 9.072029867179819407e-01 8.582370517013635514e-01 1.976450131390256326e-01 6.918982491978744806e-03 3.436896185621386018e-02
1.000000000000000000e+00 7.852969857694486855e+05 2.450234657676665651e-01 8.682462773597314776e-01 9.022111826171378413e-01 8.527465294748880487e-01 2.206814664569377860e-01 5.912366587652082874e-03 3.726682244812893480e-02
1.000000000000000000e+00 6.645639291191048687e+05 2.755063934725010544e-01 8.990626932914409508e-01 9.310837459687312245e-01 6.756840933909938895e-01 2.454368785723189117e-01 6.554618767351126987e-03 4.106144718042611941e-02
1.000000000000000000e+00 4.558330787919826689e+05 3.009779941032275086e-01 8.871640285813574556e-01 9.094233734034007366e-01 7.354336122766618189e-01 2.841157965177008027e-01 6.119568814550990603e-03 3.706236891000201650e-02
1.000000000000000000e+00 2.134458389233932539e+05 2.863922629932617592e-01 9.129057394567451356e-01 8.125719056615152702e-01 7.078468138518478892e-01 3.537008526984759538e-01 7.076907596250746162e-03 3.229312550013117150e-02
1.000000000000000000e+00 1.968925251998759340e+05 2.322492576274921006e-01 9.581321517733646376e-01 9.555211007029257297e-01 5.756780767100281304e-01 3.763700253110788263e-01 6.366425963233123680e-03 2.993890812076699381e-02
1.000000000000000000e+00 1.481747211838294461e+05 2.684143648060370868e-01 8.876208750935247194e-01 9.530890453151852348e-01 5.599117414492610356e-01 3.895096500868486245e-01 5.968690828977985668e-03 2.625430123490094317e-02
1.000000000000000000e+00 9.851458361561408674e+04 2.274538786854911898e-01 7.771734814989279538e-01 1.118850122237794897e+00 7.409312367165540314e-01 4.685352714192406176e-01 4.571697162934199553e-03 3.243982580108443342e-02
1.000000000000000000e+00 8.608368493279731774e+04 1.946884184340342550e-01 6.621296354512129501e-01 1.112381062917116248e+00 8.537824599964468630e-01 4.563701477499875203e-01 4.264035510027835291e-03 3.066275458918834088e-02
1.000000000000000000e+00 4.342103455864902935e+04 2.445058784189079737e-01 8.044277417854067691e-01 8.499280553075475586e-01 9.274106606435386091e-01 4.538009360746134702e-01 2.547966353136556922e-03 2.768138144990879221e-02
1.000000000000000000e+00 1.689534138628827577e+03 2.136957157448053923e-01 7.806507595683799261e-01 6.777119779482193573e-01 1.092712343473245529e+00 4.818332254582292640e-01 2.377505978862072804e-03 2.432274702964148591e-02
1.000000000000000000e+00 1.438649618829113024e+03 2.012480971659950657e-01 7.887165470684621704e-01 5.703234806020016645e-01 9.184858036636575074e-01 4.648227271887317436e-01 3.306207221402833810e-03 2.038753066585746385e-02
1.000000000000000000e+00 1.273406490016011503e+03 3.688748827282394838e-01 6.251787780246483850e-01 6.192380367480130321e-01 1.071756656407150565e+00 4.758809366407252828e-01 2.941115904800223682e-03 1.672138890866566030e-02
1.000000000000000000e+00 7.208149572295311600e+02 3.754110942718631438e-01 5.964883507210824165e-01 4.113895392858469835e-01 1.105115707408074188e+00 4.206928870754377825e-01 3.769408904391905683e-03 2.083035233843811423e-02
1.000000000000000000e+00 6.368044165430031853e+02 3.523493488108498384e-01 5.793442201888882037e-01 4.590726696226159476e-01 1.062657935319510472e+00 4.090639306374154738e-01 3.572025799875144791e-03 2.024452118497255954e-02
1.000000000000000000e+00 6.136900654138493110e+02 3.347553716677258429e-01 5.089092916680830747e-01 3.987945735704267469e-01 1.098024924959660975e+00 3.729839176657891442e-01 4.194506578158267544e-03 2.242258809155501381e-02
1.000000000000000000e+00 5.410360102655538412e+02 3.559225200197729810e-01 5.174762091939770769e-01 4.616825718452625682e-01 1.190385132084657238e+00 3.878127894785211582e-01 4.019830361647911549e-03 2.967855050466547406e-02
1.000000000000000000e+00 2.869594419180966725e+02 4.718608459377453546e-01 4.865278565246061171e-01 3.920729884959733846e-01 1.188437475853929781e+00 4.162345790983537630e-01 5.394320690004403632e-03 2.897343202850343261e-02
1.000000000000000000e+00 2.182542396814428969e+02 4.548814949192193091e-01 3.702236447348429271e-01 4.614505290964338036e-01 1.291135254596031290e+00 3.528993112600466997e-01 5.176610876983844811e-03 2.179861377968032518e-02
1.000000000000000000e+00 1.280648434015469661e+02 4.307240932726826288e-01 3.909480785237247624e-01 4.730852024269060485e-01 1.296134814793072243e+00 3.609618350051816416e-01 4.715779696573231192e-03 2.671740618121861213e-02
1.000000000000000000e+00 1.132077844170986651e+02 3.518000570117272296e-01 3.760909932634926567e-01 3.078982099148634966e-01 1.372939163246133187e+00 3.026328114126538571e-01 4.808019775711310471e-03 2.387205902909719443e-02
1.000000000000000000e+00 1.065059351544632307e+02 3.029730761659760740e-01 3.583277160189696775e-01 3.001292509612681902e-01 1.261679329155885654e+00 2.718784510836363966e-01 3.465382936953608807e-03 3.104579048483343401e-02
1.000000000000000000e+00 8.497401733146030267e+01 3.105776888130536428e-01 3.568661704055929307e-01 3.028741060199930391e-01 1.293300366974326154e+00 2.724139759703072539e-01 4.153429934097464457e-03 2.825041338697201199e-02
1.000000000000000000e+00 7.944399162348985044e+01 3.086153825749080593e-01 3.499854458497106968e-01 2.932367617015006478e-01 1.412234498997750443e+00 2.638363333735608829e-01 3.798351827877818106e-03 3.665537448021700256e-02
1.000000000000000000e+00 4.785152727792898730e+01 3.347065750163513709e-01 2.931790269208043309e-01 3.117788596376464549e-01 1.379861328352197880e+00 2.646419919185084013e-01 3.584727562782621078e-03 2.883946420401741623e-02
1.000000000000000000e+00 3.135066843628658262e+01 2.998974031786050265e-01 2.780638246332330366e-01 2.455201973485313383e-01 1.381082126013702061e+00 2.311767802034665198e-01 3.828314465471605900e-03 3.376805721995273374e-02
1.000000000000000000e+00 3.299581498394235979e+01 2.728999523442590114e-01 2.519527158398106592e-01 2.729563039486923581e-01 1.333902259285007386e+00 2.098771285157887689e-01 3.755208599447605166e-03 3.380385768769004345e-02
1.000000000000000000e+00 3.168023366056683443e+01 2.923529700164139156e-01 2.640107204934227236e-01 2.324889965940631076e-01 1.362103455595414347e+00 2.206680505037852402e-01 3.501356981669668470e-03 2.927716406316708403e-02
1.000000000000000000e+00 2.278657713092655968e+01 2.780255401443430530e-01 2.432596399405324017e-01 2.418036965300332519e-01 1.259714971646775705e+00 2.085239145969457475e-01 3.877166398445078613e-03 3.530112824697943796e-02
1.000000000000000000e+00 1.993022228276765517e+01 2.117490280800664870e-01 2.009384025449251765e-01 1.909539570259621566e-01 1.421895297137178327e+00 1.560067473902050916e-01 3.371788213696153783e-03 3.349846930402951284e-02
1.000000000000000000e+00 1.503897969723149863e+01 2.560273187804338879e-01 2.183784350818194220e-01 2.432005500113616214e-01 1.363844158876256873e+00 1.879865999172650737e-01 3.947910720969300541e-03 2.368917770936127681e-02
1.000000000000000000e+00 1.180129241045845490e+01 2.658581524548462860e-01 2.374415490107374960e-01 2.267119166718323531e-01 1.405185349928860905e+00 1.995522229099357392e-01 3.003829353874012086e-03 2.031875781471744954e-02
1.000000000000000000e+00 1.128070608418179788e+01 2.011183598240000037e-01 1.753559871119039770e-01 1.663912536641226625e-01 1.551974610637540053e+00 1.363311086768242142e-01 3.261011205507665864e-03 2.163091367343080926e-02
1.000000000000000000e+00 6.326641266503150618e+00 1.811249428637103920e-01 1.630682715568880226e-01 1.436973448559628885e-01 1.363735028135361738e+00 1.166536883890770537e-01 3.542780215161354159e-03 2.734705174459938284e-02
