1.000000000000000000e+00 8.705013867127988487e+05 2.057087201558712442e-01 1.877009605579805784e-01 1.686227915693865043e-01 4.520849492219494170e-01 1.403675610967985987e-01 3.107349443016413620e-03 2.349123755590768262e-02
1.000000000000000000e+00 5.145662036046193680e+05 6.234719774602482945e-01 2.772809687361287856e-01 6.002953572060384380e-01 2.997518572610268217e-01 2.333964653943932099e-01 5.436929192231488607e-03 3.413265583399650860e-02
1.000000000000000000e+00 3.257036045757146203e+05 5.152786948243279763e-01 3.298127830500442448e-01 6.384900194642728621e-01 2.236589928915052039e-01 2.074056401933131455e-01 5.350717077364549289e-03 3.484471489800193555e-02
1.000000000000000000e+00 1.038987642544544651e+05 4.223710870084013136e-01 3.232240184443375686e-01 5.052115086500741370e-01 1.907589686986872202e-01 2.216419924068631364e-01 4.738048865069404043e-03 2.880528124685476088e-02
1.000000000000000000e+00 1.486743945011317192e+04 2.567922507454087899e-01 3.716942599201714104e-01 4.169545935757692501e-01 5.143770667485605963e-02 2.306939745057623725e-01 4.330970176968811092e-03 2.557359698612376303e-02
1.000000000000000000e+00 6.885855966626353393e+02 3.074726376305297881e-01 3.806639206659525598e-01 2.852724455400386105e-01 6.018572035364889300e-02 2.545833401725466905e-01 4.374665125117908893e-03 2.694428406667370018e-02
1.000000000000000000e+00 6.665227029238955083e+02 2.456673422598381340e-01 4.972365380102853893e-01 2.473731611502806016e-01 1.448924426806977861e-01 3.020954390778914922e-01 4.695769669423499083e-03 3.075523436159774068e-02
1.000000000000000000e+00 5.193652170814600595e+02 3.373598916069939779e-01 4.710961754278346070e-01 2.220275408200323708e-01 7.921428060358454148e-02 3.349229431962559844e-01 4.346621417390734120e-03 2.863194447748222335e-02
1.000000000000000000e+00 4.243428705771522118e+02 3.997357556870023143e-01 4.534993137097480531e-01 3.839236426712272499e-01 9.719489363315278463e-03 3.399074985678499083e-01 4.632532601994203587e-03 2.617970848874891232e-02
1.000000000000000000e+00 3.721900512432291066e+02 4.481865403711304818e-01 4.072145152069855389e-01 3.515802737515376641e-01 7.014373371918834754e-02 3.770512003565972825e-01 4.743150669663781689e-03 2.759665395311976938e-02
1.000000000000000000e+00 3.148049133016839960e+02 4.429826887470088570e-01 4.367154308695010423e-01 2.915589534598803101e-01 8.258893668095221297e-03 3.703697973176239833e-01 5.125073597245247137e-03 2.680450556050839941e-02
1.000000000000000000e+00 1.534119613424651902e+02 4.633919216663754947e-01 4.471444665484218817e-01 4.265436733942949976e-01 9.865142309523050601e-02 3.831684799928978258e-01 6.109116314025199446e-03 2.163836212603835463e-02
1.000000000000000000e+00 1.489747012499896641e+02 4.570408710753569581e-01 4.821694415104840759e-01 4.637108139171343679e-01 1.652783279472715416e-01 3.966835187435162613e-01 6.537122329887653030e-03 2.160701317407868680e-02
1.000000000000000000e+00 1.129094208884199162e+02 4.367163486141210638e-01 4.230252983210331386e-01 4.478321348033548199e-01 2.610581395234590762e-01 3.677445524809210275e-01 6.098584031182989994e-03 2.056178867879532995e-02
1.000000000000000000e+00 9.614918505929092873e+01 4.130926264295857742e-01 4.115675807434506783e-01 4.148141585765122152e-01 2.081211274167155678e-01 3.468118427950924176e-01 6.168885568146687502e-03 2.156045573107185503e-02
1.000000000000000000e+00 8.974101643400381079e+01 4.119726693391937422e-01 3.945540831449452224e-01 3.876751958745604520e-01 3.114415294633322007e-01 3.397432421855951512e-01 5.661054702592580035e-03 3.458068841128281168e-02
1.000000000000000000e+00 7.373883410232895130e+01 3.826737693958579545e-01 3.969885554695318231e-01 3.515185999429115693e-01 4.428060127235577959e-01 3.220138236352610983e-01 5.267542409384595725e-03 2.758875011431934435e-02
1.000000000000000000e+00 5.676196917632928773e+01 3.563052946131856080e-01 3.636563192185109372e-01 3.299533019183767957e-01 4.141997300465093401e-01 2.943063383314449277e-01 3.665382390440472503e-03 2.854588675510818727e-02
1.000000000000000000e+00 5.334191981668086413e+01 3.376167761145309476e-01 3.653545052503249235e-01 3.111266792296037975e-01 4.751369579386120479e-01 2.875366761375733882e-01 2.734726857088610845e-03 2.724618399587743975e-02
1.000000000000000000e+00 5.051366565248536489e+01 3.555473253618210983e-01 3.120686419789049926e-01 3.163078359339790979e-01 5.553329389789296577e-01 2.771061970090378801e-01 2.453173460588798337e-03 2.277087900339737347e-02
1.000000000000000000e+00 3.625975250929302973e+01 3.133005797445743701e-01 3.083056454145949310e-01 2.516802110952044425e-01 3.773991852727893170e-01 2.483618437989972838e-01 3.131258665425048441e-03 2.951616227082729665e-02
1.000000000000000000e+00 3.012835108499242409e+01 3.135309892167342238e-01 2.964085770791354268e-01 3.112829874958440435e-01 2.709912449092720110e-01 2.525243006671457624e-01 2.767587539971606662e-03 2.892451232595959210e-02
1.000000000000000000e+00 2.959113771675672666e+01 3.119451626106920505e-01 2.807314220855529063e-01 2.792473665613073863e-01 3.338754480219053855e-01 2.408663149340291021e-01 2.530901491750351708e-03 3.474083084590319503e-02
1.000000000000000000e+00 1.111596502566772138e+01 2.895897063365769908e-01 2.787993094969516972e-01 2.566126582592124783e-01 2.728081546044053285e-01 2.251072959531161821e-01 3.267905832384038634e-03 2.430767685576486203e-02
1.000000000000000000e+00 1.136025538377587552e+01 2.595023584850084664e-01 2.226736561089245892e-01 2.426291999501974384e-01 3.645206788646837004e-01 1.917209626698925251e-01 3.408382322694342766e-03 2.877090818760384694e-02
1.000000000000000000e+00 1.151246546049465636e+01 2.326442231862795584e-01 2.077041539527658132e-01 2.121390108080243586e-01 3.338861779449161515e-01 1.677911582423193548e-01 2.721344436097279055e-03 2.952306773990991812e-02
1.000000000000000000e+00 8.208570593574538776e+00 1.942561943952172132e-01 1.704501831414357849e-01 1.633063447068122676e-01 3.978390789288138718e-01 1.278016569709682915e-01 3.038284097632805089e-03 2.461946816364377413e-02
1.000000000000000000e+00 4.361539888077905047e+00 2.057087201558712442e-01 1.877009605579805784e-01 1.686227915693865043e-01 4.520849492219494170e-01 1.403675610967985987e-01 3.107349443016413620e-03 2.349123755590768262e-02
