1.000000000000000000e+00 4.993841360140666366e+05 2.756301876424044339e-01 2.591584132164739818e-01 2.373049821457016428e-01 6.087789366274422020e-01 2.088141503907651186e-01 3.282630844778364806e-03 2.668779941723643107e-02
1.000000000000000000e+00 2.854303315723807318e+05 2.782323342874021832e-01 9.003136605538690773e-01 8.555411485828091633e-01 1.092391361549078344e+00 3.297568089176411976e-01 4.935023264414884273e-03 4.404861749283069117e-02
1.000000000000000000e+00 1.508331817941437184e+05 3.028620229692467469e-01 8.035857081504989008e-01 8.695561953978767633e-01 1.057167323440743933e+00 3.629227043313096868e-01 4.047228072395303231e-03 4.074396356885273685e-02
1.000000000000000000e+00 7.189049960565783840e+04 2.803705081694623513e-01 8.507402497379640272e-01 7.706701434979537080e-01 1.127351033465454622e+00 4.132030812553637023e-01 3.372618388571825727e-03 4.604036303638427141e-02
1.000000000000000000e+00 2.065547723042527650e+03 4.517343006154198037e-02 6.881842488163759652e-01 5.746400525736731213e-01 9.935131146284814641e-01 4.036223134370022780e-01 2.485449877121018863e-03 4.799160965403512225e-02
1.000000000000000000e+00 1.975671793315995501e+03 4.386560629833177044e-02 6.663142208763034313e-01 5.097020459026552208e-01 1.222480673214478175e+00 3.858505356430658728e-01 3.639280098651550416e-03 3.840146705853923759e-02
1.000000000000000000e+00 1.584621995795754628e+03 7.315267009753417815e-02 7.328227535322284769e-01 5.453745794013014070e-01 1.195413149134313402e+00 3.894297172261377282e-01 3.084488626121839952e-03 4.138361836942951177e-02
1.000000000000000000e+00 1.560061413643058813e+03 9.249333609281061575e-02 5.700232816504406941e-01 5.148917501965926125e-01 1.061521957406009076e+00 3.306698869787855211e-01 3.532892902316228829e-03 5.299938872966745984e-02
1.000000000000000000e+00 1.492728553704921296e+03 1.236349010675566878e-01 6.521368492500859704e-01 4.607514220934566529e-01 1.039984751796802831e+00 3.409475237455869556e-01 2.985223673197144687e-03 5.559431640260342061e-02
1.000000000000000000e+00 1.315837399446408654e+03 1.776748637424750699e-01 7.048284174259539236e-01 2.444911574889200578e-01 1.023485241208975216e+00 3.806313785143131123e-01 3.568805868472873458e-03 4.544368276088066316e-02
1.000000000000000000e+00 1.075808973543631737e+03 2.172177986272696981e-01 6.731499951489096079e-01 3.075439661328183139e-01 8.769941607304986286e-01 3.670182395583546087e-01 3.054101978407118816e-03 4.890035122032221349e-02
1.000000000000000000e+00 1.034112842490387038e+03 2.129160760958796195e-01 6.674961565865908941e-01 3.435395066669984510e-01 6.565371605544214617e-01 3.744317732211008276e-01 3.114536983035735927e-03 4.795541985805459873e-02
1.000000000000000000e+00 9.697079804568440977e+02 2.110594134638910380e-01 5.868963550871199031e-01 3.195688550745585665e-01 6.876999228336044823e-01 3.430445572701500412e-01 2.877404640411430122e-03 5.015411414787459415e-02
1.000000000000000000e+00 9.394717022439602943e+02 2.467085695842965165e-01 5.127340970372009643e-01 1.881089138468224620e-01 7.292495003161132416e-01 3.212936140433703125e-01 3.137309326846765816e-03 4.226223921806573913e-02
1.000000000000000000e+00 9.321280127482784792e+02 2.161736896856502055e-01 5.576245780238242578e-01 2.837236692272451788e-01 7.198563674845569471e-01 3.312724624783085492e-01 3.270494998482277853e-03 4.442940737080111613e-02
1.000000000000000000e+00 7.227770016416775434e+02 2.721875806628989980e-01 5.096008697415865818e-01 3.154031854972243476e-01 7.953722658307619264e-01 3.038099780470833178e-01 3.485631964595201776e-03 4.674261041894223895e-02
1.000000000000000000e+00 6.056716280758946596e+02 2.816067608190878646e-01 4.084772971362636840e-01 3.640092984062827108e-01 6.876630929969089756e-01 3.056476577969535202e-01 2.988389074034769784e-03 4.595465695866064043e-02
1.000000000000000000e+00 4.157076703654292373e+02 3.793046195805110377e-01 3.423571647711349808e-01 4.012313805813226275e-01 7.362111148774459490e-01 2.940669348588526022e-01 4.272613093525830068e-03 4.269468564297203284e-02
1.000000000000000000e+00 1.634636096582329685e+02 3.740404369328412248e-01 3.725742122239925624e-01 4.306864047503318194e-01 7.697839673714246267e-01 3.193974329800481904e-01 4.434009307417744079e-03 3.755550992202363186e-02
1.000000000000000000e+00 8.766439188054886245e+01 3.881006778522760881e-01 4.004156709315557228e-01 3.759457510717100215e-01 7.961221372052650347e-01 3.280565557258245946e-01 5.396531157061474487e-03 3.872075458232667605e-02
1.000000000000000000e+00 7.489830509768532352e+01 4.029122289258274536e-01 3.782563054119614243e-01 4.093526306861033914e-01 7.411668012424214025e-01 3.333793501731881492e-01 4.680881607110632184e-03 3.440554148282545105e-02
1.000000000000000000e+00 6.143798105738481752e+01 3.862250660825231052e-01 3.739830129102885703e-01 3.488917563802396149e-01 6.848595577689442493e-01 3.193865201605260995e-01 4.059132026901461111e-03 3.228192440809050934e-02
1.000000000000000000e+00 5.508651415027415510e+01 3.642388746956249923e-01 3.585289116387107566e-01 3.566486311312678237e-01 6.547500717345728916e-01 3.030420456888667791e-01 4.883616288813223683e-03 3.197150974054834005e-02
1.000000000000000000e+00 5.173474121542702875e+01 3.518994231967844666e-01 3.242044121561240000e-01 3.360830625324287557e-01 7.102023711172549270e-01 2.774395322914599005e-01 5.369920645219435421e-03 2.946016062847483380e-02
1.000000000000000000e+00 4.597382228828671202e+01 3.304857727101551124e-01 3.156042990378065682e-01 2.728553864633639914e-01 6.663670401464469872e-01 2.592136265409935025e-01 4.338312137100111196e-03 3.110188902633411259e-02
1.000000000000000000e+00 3.575131069087184699e+01 3.536399364609460472e-01 3.527955686400570112e-01 3.284209210714834071e-01 6.424358305054559404e-01 2.921193451658161133e-01 2.921676471338087271e-03 3.049632142881653074e-02
1.000000000000000000e+00 2.465470835834547358e+01 3.030084205210561432e-01 2.863647661631472108e-01 2.932675943516059314e-01 6.126098821098996394e-01 2.411236134989275803e-01 2.137878769860000576e-03 2.501844841868770819e-02
1.000000000000000000e+00 2.577422127726234180e+01 3.262853161517144662e-01 3.143802880641092812e-01 3.046904674373730471e-01 6.008191784208597452e-01 2.635711861593789118e-01 2.306154384478172319e-03 2.994309122298386555e-02
1.000000000000000000e+00 1.736376230283426736e+01 2.905634333489044985e-01 2.872904590178691486e-01 2.592920341667426798e-01 5.534479375328118511e-01 2.306513552440781212e-01 3.032573249549275554e-03 3.043858149080027817e-02
1.000000000000000000e+00 1.194225277883956160e+01 2.697905078021136105e-01 2.520660906362704456e-01 2.535336320125625154e-01 5.118701970001462431e-01 2.062190623289286706e-01 3.539536378764283203e-03 2.096636523559975915e-02
1.000000000000000000e+00 1.067987156032777563e+01 2.562598730986905271e-01 2.574400979643430842e-01 2.307023372089256896e-01 4.601584439374974966e-01 1.997530211383636845e-01 3.672814897354970652e-03 2.945240409687255312e-02
1.000000000000000000e+00 7.067989802063437743e+00 2.756301876424044339e-01 2.591584132164739818e-01 2.373049821457016428e-01 6.087789366274422020e-01 2.088141503907651186e-01 3.282630844778364806e-03 2.668779941723643107e-02
