1.000000000000000000e+00 7.152999577687979909e+05 2.180583701934708796e-01 2.017115371236360977e-01 1.801786200136927252e-01 1.388687888910679291e+00 1.537581508790947238e-01 3.422707851086270563e-03 2.017092443603534305e-02
1.000000000000000000e+00 1.861038260737744567e+05 7.113341674083966115e-01 3.782035135489403843e-01 4.884700912184875010e-01 8.995916042446054917e-01 3.555796001595858957e-01 2.813680061417302928e-03 1.015342685491351683e-02
1.000000000000000000e+00 1.445867468308584284e+04 6.469113170469636964e-01 3.344517471767327055e-01 5.350466444316870351e-01 9.908630732846801514e-01 4.170268491045520665e-01 1.246486659666168903e-03 9.442863340767392727e-04
1.000000000000000000e+00 1.353078337753237975e+04 6.793398935134802308e-01 2.047704645503841125e-01 6.363337406327231882e-01 1.052667490101526937e+00 4.419548126536514410e-01 2.261397446163142082e-03 3.871305645091752817e-03
1.000000000000000000e+00 1.286654942700661877e+03 5.559144026737919964e-01 4.479830847692843898e-01 6.401638743308919466e-01 1.097570974877764671e+00 4.364069713331296119e-01 1.959304865053541206e-03 5.419337035742004607e-03
1.000000000000000000e+00 1.238071024444933983e+03 3.777882331113969760e-01 3.591267279440538696e-01 4.622041731822292276e-01 1.066027279849414366e+00 3.822173707040907864e-01 1.996220460909670612e-03 1.026912604328725741e-02
1.000000000000000000e+00 4.867586309640740296e+02 4.782692893361031317e-01 3.775499819493692844e-01 5.561467195679237197e-01 1.076704287904968638e+00 4.134086834830030810e-01 1.974375640831815132e-03 1.160028810116709060e-02
1.000000000000000000e+00 3.329033891668204888e+02 4.582170344906377757e-01 4.798288557789489039e-01 5.416681605063002891e-01 8.983765820203396535e-01 4.252885275082873284e-01 3.709387024110913540e-03 9.901868012260985064e-03
1.000000000000000000e+00 2.447981303562099527e+02 5.157729540849006478e-01 4.815301805698032900e-01 4.738572320456090337e-01 9.512394552319568541e-01 4.262276202800934222e-01 4.135638730407457248e-03 1.285617280530971032e-02
1.000000000000000000e+00 1.664350230972941631e+02 4.652350136463567210e-01 5.083483486434327014e-01 4.416366717539039199e-01 9.750301459172140417e-01 4.105319316045917821e-01 4.202952167523653186e-03 1.263752875611044366e-02
1.000000000000000000e+00 1.227405366310230477e+02 4.739674993798165814e-01 4.723776558625952804e-01 4.914569851093206765e-01 9.864272170796449801e-01 4.087876632816294098e-01 3.913865033532641820e-03 1.581668802361867882e-02
1.000000000000000000e+00 9.303487990473847447e+01 4.581882180746819078e-01 4.429466867147552889e-01 4.622098572823842288e-01 1.321389090036657166e+00 3.879696325632254195e-01 3.825228358702998255e-03 2.152074403388509402e-02
1.000000000000000000e+00 8.632695444874678969e+01 4.352219868390787560e-01 4.383099582249745385e-01 4.197222040819785782e-01 1.358080194808498398e+00 3.721391343925338213e-01 3.985695305985160856e-03 1.712511744387905030e-02
1.000000000000000000e+00 5.798582078775134363e+01 3.942756486958370332e-01 3.774955990361658076e-01 3.623125039543151349e-01 1.300137215482977115e+00 3.256384627505528595e-01 3.836937575102960379e-03 2.004463117370051256e-02
1.000000000000000000e+00 5.753775061540924440e+01 2.764547516814452321e-01 2.654035806550432142e-01 2.831707397398670056e-01 1.499764675959582405e+00 2.229975807261526943e-01 3.603973434768511022e-03 1.655694168872590827e-02
1.000000000000000000e+00 4.073929473899008968e+01 3.094210161347373811e-01 3.276194237694259881e-01 2.971373830235599089e-01 1.495145934916205954e+00 2.616665401855848838e-01 2.831188379660063478e-03 1.882714662550774923e-02
1.000000000000000000e+00 2.384653773440835778e+01 2.773812495851207260e-01 2.545410809501884031e-01 2.194268750564605519e-01 1.513403912196579437e+00 2.051276901903273386e-01 3.581302196479096197e-03 1.912228176760818674e-02
1.000000000000000000e+00 1.842267313574517829e+01 2.102487030279532321e-01 1.964931373538321979e-01 1.751984947693915884e-01 1.510112969769613622e+00 1.495218683754211964e-01 3.533225794999492967e-03 1.734419825002307333e-02
1.000000000000000000e+00 3.254907907963699998e+00 2.180583701934708796e-01 2.017115371236360977e-01 1.801786200136927252e-01 1.388687888910679291e+00 1.537581508790947238e-01 3.422707851086270563e-03 2.017092443603534305e-02
