1.000000000000000000e+00 3.545099726839308627e+06 2.388523640622742250e-01 2.247316197141490113e-01 2.024394888077316046e-01 2.171490854985190788e-01 1.753775656620236434e-01 2.811859145169924579e-03 2.255224882664966929e-02
1.000000000000000000e+00 3.166923149202037603e+06 8.451297487404544340e-01 4.688631082426773511e-01 9.108165052283893059e-01 6.295306144242073243e-01 1.885405670747755114e-01 3.195011554051832830e-03 4.092012555349097691e-02
1.000000000000000000e+00 3.150991572653720155e+06 8.471061091411669075e-01 4.327115775815466026e-01 9.752865412761025921e-01 5.929096455715985314e-01 1.896368000881526461e-01 3.030610486868944020e-03 4.419565870562345428e-02
1.000000000000000000e+00 2.134270811463672202e+06 8.123588669728953882e-01 5.954748322888352430e-01 8.505063011224106573e-01 4.300616445481774130e-01 2.218161634689335970e-01 2.213864047347631307e-03 4.317059361888338220e-02
1.000000000000000000e+00 2.034763505018849391e+06 8.623055707710696183e-01 7.038129766023808465e-01 9.303355277879095109e-01 2.774788022069125670e-01 2.428525606892821820e-01 2.294176080640258561e-03 4.104095938343347433e-02
1.000000000000000000e+00 1.918386839176824084e+06 9.506622254647004722e-01 5.007101050747795323e-01 1.031809264640456192e+00 7.973245200945236477e-02 2.794541386497881863e-01 5.706242575695564395e-04 4.144812416419621504e-02
1.000000000000000000e+00 1.680208492491745157e+06 8.754601208723850059e-01 5.157976061518541044e-01 9.539444799702256894e-01 1.840322448832716340e-01 2.696492463616237956e-01 6.434523727983547728e-06 4.067492212400356660e-02
1.000000000000000000e+00 1.092622219817470759e+06 7.069498055400714742e-01 5.046968054330754905e-01 9.582392894984617104e-01 1.694159018732155908e-01 2.414864155546856961e-01 1.225867356162290258e-03 3.952097256302364997e-02
1.000000000000000000e+00 5.527339326752169291e+05 5.481650587228568128e-01 6.057129920717450045e-01 9.127411537896106264e-01 3.244760092359045833e-01 2.441917209116994669e-01 1.721195127419072705e-03 3.252628255797992279e-02
1.000000000000000000e+00 4.336273208251497708e+05 4.327504400373189952e-01 5.003898744307482271e-01 8.564723386314998521e-01 3.621237226822324740e-01 2.146228274876951780e-01 1.134690153989308548e-03 2.661097108575516401e-02
1.000000000000000000e+00 2.650404705652094563e+05 4.145736247282436615e-01 3.699005295285353601e-01 6.329019895735024104e-01 2.747979520362340278e-01 2.042566885339219818e-01 1.296640452312334884e-03 2.692600418091252792e-02
1.000000000000000000e+00 1.939063698839878780e+05 2.026345981707505517e-01 3.492147542950856387e-01 6.398849317718831031e-01 1.149590379882641511e-01 2.120020509866524794e-01 2.705571784329581248e-04 3.399618196352792443e-02
1.000000000000000000e+00 2.372993754102396633e+04 2.164622793105673293e-01 3.266041162738079762e-01 5.028457259278955593e-01 7.061878133244708922e-02 2.252763847208291148e-01 1.512962125219498636e-04 4.449444531562712912e-02
1.000000000000000000e+00 1.049485760128794482e+03 3.272732095404938812e-01 2.393644656263787529e-01 5.789009974284755611e-01 1.275187351846615302e-01 3.049668063569352938e-01 1.681941501643724555e-04 4.645439897827004921e-02
1.000000000000000000e+00 9.590186439008281241e+02 2.583963122535121171e-01 2.151669090162756093e-01 4.752619112806457657e-01 2.103208233128572580e-01 2.490916542114308130e-01 9.065760151960166203e-04 5.411299317236149820e-02
1.000000000000000000e+00 7.008311668514912753e+02 2.930661542567327138e-01 1.653387436703245283e-01 4.076062043854150052e-01 3.638887158873349015e-01 2.384115185218569077e-01 4.673122214792446130e-04 4.796561337798717350e-02
1.000000000000000000e+00 4.837325051684421169e+02 3.458361598931302683e-01 1.788842442752672790e-01 3.955484769021467839e-01 4.196696669735183738e-01 2.603041216616492903e-01 5.493092042357021303e-04 4.556198693506703645e-02
1.000000000000000000e+00 4.156512245321442833e+02 3.573003316366044069e-01 2.132445185314170710e-01 4.491230966836031735e-01 4.656063458933923926e-01 2.743519526238642481e-01 1.152527818607701135e-03 4.182594288853110076e-02
1.000000000000000000e+00 3.978639782085562615e+02 3.638580065051708612e-01 2.365972402304087618e-01 4.516066659660606941e-01 5.071747480869162050e-01 2.889915819935864882e-01 2.071296079355728400e-03 3.660692004764271729e-02
1.000000000000000000e+00 2.636496591477211950e+02 3.104708827057207077e-01 3.120721466024737323e-01 1.685950246344298242e-01 6.501288924556777316e-01 2.535309491886760247e-01 8.257366913298411215e-04 4.041945239475130264e-02
1.000000000000000000e+00 1.979892393429766173e+02 2.540914984514449082e-01 3.029025442972098081e-01 1.338496668276563939e-01 7.077595747729318321e-01 2.069077511306610107e-01 1.031276552483758636e-03 3.237087237841145687e-02
1.000000000000000000e+00 1.260061238170168707e+02 2.541584069278484126e-01 2.868933781610059075e-01 1.788545542318654147e-01 7.878215846015801382e-01 2.069643848935308339e-01 5.734889187733872677e-05 3.655663280895617151e-02
1.000000000000000000e+00 9.531535473239033252e+01 2.513459501721398981e-01 2.774916720240410695e-01 1.979337801857370405e-01 7.970449894377217293e-01 2.060971929256951996e-01 1.142420146724404493e-04 3.375575519474735553e-02
1.000000000000000000e+00 5.439083382941112177e+01 2.550078438246577983e-01 2.508408649022624282e-01 2.518185262459412543e-01 8.284915234520585647e-01 2.015625114525402273e-01 8.530899501149455041e-04 3.037409625511183764e-02
1.000000000000000000e+00 4.092711617942903501e+01 2.386381191645494115e-01 2.177859408380239670e-01 2.082083184017400335e-01 8.395909827779887147e-01 1.788099350899545192e-01 2.482751582173033794e-03 3.239863176310610327e-02
1.000000000000000000e+00 2.681112212989400234e+01 2.270406629583119895e-01 1.819677928069636796e-01 1.749283164914080257e-01 7.273847993907054388e-01 1.539039744129258036e-01 3.827323911873141762e-03 3.345906808692064582e-02
1.000000000000000000e+00 2.688819632528133496e+01 2.207818344902822139e-01 1.990434589833107448e-01 1.986198408082422429e-01 6.687756827724583575e-01 1.530750001568852714e-01 3.975185775363566758e-03 3.471700619925330300e-02
1.000000000000000000e+00 2.683382181481919204e+01 1.957287661289011937e-01 1.710074477060983256e-01 1.879112087724468805e-01 4.966927958629816509e-01 1.355485256199895905e-01 3.204580907666312612e-03 3.190750019592876463e-02
1.000000000000000000e+00 2.758284340180249572e+01 2.264188577629144272e-01 1.948642642378721201e-01 1.861456215771475076e-01 4.560394664914867446e-01 1.590298698974637881e-01 3.545380814465782463e-03 2.924909451186902612e-02
1.000000000000000000e+00 2.640138764050159637e+01 1.878036715573983828e-01 1.615410516712868783e-01 1.702050614227894054e-01 4.345707503442821085e-01 1.275720736178315162e-01 3.526486091475864761e-03 3.361591259221436562e-02
1.000000000000000000e+00 1.094312140630780483e+01 2.288573369902467680e-01 2.209994962076064218e-01 1.723871880140516732e-01 4.462741528329829399e-01 1.676880136293202317e-01 2.865858987991212921e-03 3.048347622929995990e-02
1.000000000000000000e+00 5.597527547182168384e+00 2.353195406437370574e-01 2.010615591231893484e-01 2.071368631301775121e-01 2.884113016308191280e-01 1.690627355231806295e-01 2.975230653567951643e-03 2.622613341399817125e-02
1.000000000000000000e+00 3.540755142417326695e+00 2.388523640622742250e-01 2.247316197141490113e-01 2.024394888077316046e-01 2.171490854985190788e-01 1.753775656620236434e-01 2.811859145169924579e-03 2.255224882664966929e-02
