1.000000000000000000e+00 1.210476851421900094e+06 2.347511151847677391e-01 2.143353744903559177e-01 2.079109968495136129e-01 9.783830782826656858e-01 1.699040150176563402e-01 3.384577502328962872e-03 2.403915011678644381e-02
1.000000000000000000e+00 8.168863889614600921e+05 7.060304005008684047e-01 8.051234791400895263e-01 8.218225869553763552e-01 3.365007650701375974e-01 2.806038730920757951e-01 3.652124369983477965e-03 3.173172530342339287e-02
1.000000000000000000e+00 6.896352515569776297e+05 6.934578817231455972e-01 6.686802314264265190e-01 7.143523034744005962e-01 3.326831848912580880e-01 2.800174302236046464e-01 4.215647008151872724e-03 2.355258132031388257e-02
1.000000000000000000e+00 4.154949797444646247e+05 5.747210025901192676e-01 5.096133783882145218e-01 7.159347005195078051e-01 2.321234559453298207e-01 2.535895562906131939e-01 3.338472600810891804e-03 1.744668552115012650e-02
1.000000000000000000e+00 3.648402955440264777e+05 5.595391844041530671e-01 4.985894953124512252e-01 8.894336222146302928e-01 1.360212632516686615e-01 2.527890751770105471e-01 2.609607591234127527e-03 2.582945448099770863e-02
1.000000000000000000e+00 2.137621368194801616e+05 6.047404787768585477e-01 4.196296336204023425e-01 8.940655635925451872e-01 2.253232417808827548e-01 2.924776800693205669e-01 3.998729540326829632e-03 2.494849393375427396e-02
1.000000000000000000e+00 1.121554813271215971e+05 5.816484364968902421e-01 3.511849127602920673e-01 7.452048770826561475e-01 2.330370496519977574e-01 2.939889649630004209e-01 4.313841461854921178e-03 2.528833582263502813e-02
1.000000000000000000e+00 9.779323985361153609e+04 3.963099584254780039e-01 5.358281561552508121e-01 7.198397533138950477e-01 1.492454647794246581e-01 3.115514865766319530e-01 6.542331060568597201e-03 1.959820596165011766e-02
1.000000000000000000e+00 1.131769712411989349e+04 3.038386028007412087e-01 4.355993764544116575e-01 4.532157117752980136e-01 1.099935254693005932e-01 2.749857337731923534e-01 6.864221956905066681e-03 1.314355314870289081e-02
1.000000000000000000e+00 1.343970272346378351e+03 2.355731297825212622e-01 3.366554735262127229e-01 4.757822915575790068e-01 8.573167434722191171e-02 3.020662533992188314e-01 6.652711113346441128e-03 1.299532093215863444e-02
1.000000000000000000e+00 1.167383810890864424e+03 1.508455948377225853e-01 5.078366596554786394e-01 2.783185585591331224e-01 1.100289149908393604e-01 2.846950246809175633e-01 6.619965521048607263e-03 2.086776890773129473e-02
1.000000000000000000e+00 1.158570867487818077e+03 5.390066627929503140e-02 5.932202610503887197e-01 3.401610374250145230e-01 1.423383494386635806e-01 2.648433498716624146e-01 6.891887038933424380e-03 2.375302366498666801e-02
1.000000000000000000e+00 7.333797945550130635e+02 2.436673387393637480e-01 5.001995205275308054e-01 2.025305000229753460e-01 3.139296054732849117e-01 2.984277235783137083e-01 6.469577790158553832e-03 2.222149925165927201e-02
1.000000000000000000e+00 4.341559201384663993e+02 2.729641525137688207e-01 4.168494486350036721e-01 1.992119276652429272e-01 4.438215481324875311e-01 2.691466916714396196e-01 7.479080365316105421e-03 2.326279362487293501e-02
1.000000000000000000e+00 3.476630134270099006e+02 3.034643399023926880e-01 2.597013892837217730e-01 2.098076485679088998e-01 4.053759780604114793e-01 2.372350547220681560e-01 7.615088031455694711e-03 2.213415249398403839e-02
1.000000000000000000e+00 2.874646952118984018e+02 2.481344939440296993e-01 3.679927947967807089e-01 2.438383899211779837e-01 3.632143693702145626e-01 2.397493771936796969e-01 7.317210483417845024e-03 1.874351221261432235e-02
1.000000000000000000e+00 1.856785992086871886e+02 3.132966969944951385e-01 2.792648289848437826e-01 2.717963787957494159e-01 2.587520120262152834e-01 2.275992885591219261e-01 8.339463374778444474e-03 2.596183660123917852e-02
1.000000000000000000e+00 1.737048348087054990e+02 3.061171223906152261e-01 3.458678732287019386e-01 2.928776994722580018e-01 2.780929516024369663e-01 2.549154460006468059e-01 8.244174876716199585e-03 3.076574377591084070e-02
1.000000000000000000e+00 1.322074551333267891e+02 2.863776264078767841e-01 2.459317274487140548e-01 3.032552203992088247e-01 3.108473999722636272e-01 2.231124260397546744e-01 6.833770806572408117e-03 3.056410413857198194e-02
1.000000000000000000e+00 8.644354042393281645e+01 2.489518607168264841e-01 2.069571536226141317e-01 2.472903702138399551e-01 3.125000913256241186e-01 1.786438647572330396e-01 6.997289661029386897e-03 3.545496980023207789e-02
1.000000000000000000e+00 7.427702595681130049e+01 2.720112351387024563e-01 2.518468074386938649e-01 2.397408918806051836e-01 3.616921500711596793e-01 2.004541734556069821e-01 7.206332090948544891e-03 3.634756570591760050e-02
1.000000000000000000e+00 7.390741113322235378e+01 2.629421447190511407e-01 2.567145019249899573e-01 2.085603877327437128e-01 4.268257471558494220e-01 1.951970592963774842e-01 7.051833890957101905e-03 3.327376124784930250e-02
1.000000000000000000e+00 6.942251485427821933e+01 2.575966354449228390e-01 2.798185648233741940e-01 2.369318071414303062e-01 4.189574716022587131e-01 2.061673554998051383e-01 6.488256581708319072e-03 3.341333560218054388e-02
1.000000000000000000e+00 6.950020626523667033e+01 2.633313492972026437e-01 2.161503418648361430e-01 2.251720493619740193e-01 3.469790257023146474e-01 1.907759239313508437e-01 5.826950405164356937e-03 3.882820621680861672e-02
1.000000000000000000e+00 4.926730203413026032e+01 2.647713089751296267e-01 2.535114806858379533e-01 1.935987269617263085e-01 2.857821873320883221e-01 1.950097721893192526e-01 5.329896058951233417e-03 3.334460155412992399e-02
1.000000000000000000e+00 5.025628433320899546e+01 2.472998605838636621e-01 2.046405134807480486e-01 2.336802475111631472e-01 4.476449927337476931e-01 1.754603815535644151e-01 5.385894698812847443e-03 3.990403414908952340e-02
1.000000000000000000e+00 3.153360518591360417e+01 2.312085697399437478e-01 1.772445568365625668e-01 1.932010329542220295e-01 4.965578075326169127e-01 1.528986361689325391e-01 4.723750496680043966e-03 2.873004931410858692e-02
1.000000000000000000e+00 2.204780822017076858e+01 1.842370451331204750e-01 1.580511161157873434e-01 1.144136545187789539e-01 4.522887539648113853e-01 1.138527318787109499e-01 3.520045096744348935e-03 3.215113396363270676e-02
1.000000000000000000e+00 1.781148829684359569e+01 1.634423196320063387e-01 1.350361141334415205e-01 1.327707162061798063e-01 5.190617288790829731e-01 9.674521783039619072e-02 3.516015055967691358e-03 3.100954549301248100e-02
1.000000000000000000e+00 1.477995972558957405e+01 2.031533741822498795e-01 1.800088777949058194e-01 1.705922330384891106e-01 7.109704410160768706e-01 1.395605260851473517e-01 3.745000551388228110e-03 3.110585820411114824e-02
1.000000000000000000e+00 1.414110454457849286e+01 2.316964959171955718e-01 2.160130726036352256e-01 1.915489910863503176e-01 8.761225496327325057e-01 1.634494880963764385e-01 3.580933526921112765e-03 2.420686737044039361e-02
1.000000000000000000e+00 3.461486211407645452e+00 2.347511151847677391e-01 2.143353744903559177e-01 2.079109968495136129e-01 9.783830782826656858e-01 1.699040150176563402e-01 3.384577502328962872e-03 2.403915011678644381e-02
