93.17585689756612,0.35713053659977967,0.19734225503355904,0.095642907606737,0.33253272722270183
89.07274189083081,0.3759293173300356,0.2606282512920728,0.004289454114146992,0.035387688339710115
5.711367187830497,0.3946360212555551,0.3230604150968968,0.006457760527863791,0.03374092909946294
5.427513087420677,0.36742604718467003,0.29956797784131417,0.006368193185241499,0.04227376056131896
1.515189959954662,0.4176765625702713,0.3280011020236187,0.007762520567370676,0.030328531419801935
0.7787177123880806,0.3398938244360828,0.2672947427993275,0.004570320602962219,0.045481045406452154
0.5138100547471094,0.28847910859932546,0.2206197621149032,0.006324045201501521,0.05835713523754047
0.7232508370489222,0.3242319909835511,0.25210572506085926,0.006519381713777569,0.07647856861916469
0.8230373799297246,0.3351509904814131,0.25663088954736973,0.007533609683273823,0.0534291220207877
7.955384253065168,0.3046444883322913,0.21823251015803716,0.009440371776982683,0.06610699844630294
0.4974428023921698,0.294975199207256,0.22691742515934799,0.0053229113742664326,0.0668090176287165
0.7030240593957234,0.3409521948597258,0.26393704360028986,0.00800290407047586,0.05350485786243329
2.573863748088309,0.27704954574218243,0.2128007374548288,0.01026321611862157,0.04293910455804719
1.7528082053042107,0.3862271749576971,0.3031586299770066,0.011492848954023714,0.034646093125506004
0.9661939536319043,0.3567454184164825,0.2716393973936798,0.011202144600740156,0.013284847002377233
1.5738204255109343,0.36367023357910716,0.2736015970577882,0.01305382153180722,0.017087920829535037
3.9760460450827253,0.33844296816734976,0.2641019358590237,0.014711342524737634,0.0073850010491038585
3.8881470556724826,0.3815774733361434,0.283883020850742,0.014134344275960543,0.02618964178544511
1.0955091026840746,0.3897236102104668,0.29946608119802925,0.013738601412604272,0.04562764141658858
1.3402509254636257,0.36721245171952555,0.2846651210744671,0.012872449795715687,0.0617539626323438
0.6286692918947908,0.3213169321559801,0.2411344917014726,0.011893854661218164,0.07161430499506877
1.1538977795026024,0.3838734150865122,0.2940253974093667,0.012453559026552551,0.06752457232060907
1.2308248421377517,0.3592302307591243,0.2737405904516596,0.016826930542964042,0.07265388451662971
2.0717452105902976,0.3123440847579754,0.2336049379922223,0.019385466786019795,0.07397346481304178
2.2583886066669367,0.25293485238520247,0.16913423004635958,0.019064987287228333,0.07137168845376285
0.2941051631227135,0.1784350041648913,0.10964169448995269,0.01823310660588822,0.09081344436650399
0.6393640269369133,0.1640606342934055,0.09238623228077189,0.020011833263721295,0.1024796172495764
0.3705627798740393,0.18616767299692868,0.11592176229530986,0.020284320826401244,0.10334780381089789
0.29709637220876495,0.2064905146978844,0.13492128753097885,0.018358347172303162,0.10860782656911995
0.7750919063372468,0.19941157711227517,0.1341073916929935,0.01596035142623604,0.11972138304006967
0.2987645783245768,0.2070840151021043,0.13686730370274375,0.01654926593249929,0.09973624042748086
3.1849561577986965,0.23967224841714788,0.15907793382972915,0.016155328127472498,0.10239456247858877
3.4094832053955133,0.2516434514316989,0.16949871796139462,0.016054172881954418,0.11638633152317454
2.5141461793410578,0.1539264421583286,0.09734159737338806,0.015630405245081327,0.1052720848678128
1.0930070239357665,0.13015955543203267,0.06206228712824606,0.01830612936055966,0.09334519733472815
0.6422446905953851,0.08595439100566608,0.021119006440024263,0.020164898933695847,0.09272408563115034
0.3379064140625466,0.12143772469729333,0.055858634749522004,0.021050498125324543,0.09651668550543752
1.2400890584667414,0.1495713963102437,0.08856264235678471,0.017841470806360282,0.09308190334202637
1.33487835205909,0.054761621179758746,0.0005862020524425582,0.018829258069230997,0.08920432484718005
0.3377814565425977,0.08331135957423744,0.02485429797209682,0.01656572826949801,0.0813962834301409
1.3533941513290944,0.08233123130028643,0.02031011119789344,0.015719652363274744,0.08038325587574768
1.0375744406772989,0.06702308145536269,0.00854215054157836,0.014062981560614819,0.06243664705829177
0.7408238697185721,0.1180038551619099,0.05357715490121159,0.016652790507380267,0.059195379686852505
0.4951104380571692,0.14681361358506345,0.0800200546746275,0.017343084321457942,0.058546200354561075
0.3308796830879462,0.11083468624638752,0.04797404844655323,0.01807612698577487,0.043577007375296586
0.3910849048699012,0.14905177061757155,0.08183982088994868,0.018175392745788266,0.0630887759694829
0.5550525376912214,0.06780922634632369,0.00943221887007771,0.019562946250876102,0.06916137707763537
0.3504193761222795,0.17769165580898094,0.10745317792797729,0.020870581347085884,0.05085383045827038
0.4340317176149443,0.10872296583187037,0.04010098513459753,0.02305538974554951,0.08246882402719599
1.0990961927943785,0.1177630467623599,0.052902426958924484,0.024115943400623025,0.09752543346118968
0.39078045085735563,0.19234398145827905,0.11629121306594598,0.025648532430291634,0.086204360001588
0.42310382625293635,0.1824298565989863,0.10518446593669939,0.024770678017801966,0.08480612316252976
0.4143547005086178,0.16317327719284183,0.08864231602586263,0.024035987559399487,0.09054430564270011
0.5493746453693145,0.08062893950978929,0.016096496356366854,0.020684881643868662,0.0976468544519862
1.0594239989676435,0.1551297772445041,0.08258464313275254,0.020505632808521634,0.08619618290500378
1.4462431066446542,0.11005133420172108,0.04964475399630533,0.021144404376546036,0.08569564481202471
0.3954623039918298,0.15838144466438547,0.08655109602622504,0.021902154855611984,0.07967143645643136
0.31221405711251116,0.155951806075441,0.08566806172143922,0.022471396172820388,0.07989026175343321
0.9663049009506033,0.14907478937492313,0.08224768644411998,0.02297171238912324,0.07933600283497107
0.416020627145691,0.1331681890526801,0.06716857499824035,0.021254036442738527,0.0798915599416824
0.316787058936949,0.14245448467242672,0.07202345043633333,0.02383361366134681,0.060808283179911146
0.37920840143068074,0.21867818797974503,0.14102495245283,0.024317560965819038,0.0795306063589366
0.40781872135430836,0.1849419415833739,0.11037481371358639,0.024998655808864557,0.06796902368711119
0.509497180029569,0.23482244765913218,0.1553904425529143,0.025092126283017834,0.06462205669664699
1.0211411408638913,0.18565968491105875,0.1150181031209489,0.02346353191173484,0.06320103200021591
0.5125924582018826,0.11992930378141053,0.054832504483340656,0.022037834555912485,0.06465873769934527
0.31561119880863014,0.12710036845626682,0.06126022058112465,0.020364125344096963,0.061769611348221565
0.40559036053968195,0.08493260390812152,0.026376744989066933,0.017541706294393493,0.07153530045797474
3.735600985610588,0.07435506401751188,0.02414732299661868,0.017697252197399326,0.05324836685633262
3.284532512357042,0.10448941047739779,0.053464593574235955,0.015504311159688713,0.03381863700106988
2.082492713068778,0.05541830600433186,0.006786651511814491,0.014802976947926205,0.03532301607422332
1.0383056896479947,0.14407722429478784,0.07723088070444575,0.01582337803279598,0.033067154249451204
0.6803095764898951,0.19211694043778818,0.11986491155195492,0.01749393611694881,0.028731012608664827
4.039957047664714,0.19167273303338275,0.13391308505951993,0.015497948695950212,0.021041745975911092
1.3194870640812955,0.22309443490265643,0.14793071557650497,0.015384375994028162,0.025896266164674404
1.4760793527566831,0.20029590693468857,0.13797429280471318,0.014722866004607219,0.020179456047484362
0.3088952141981057,0.14349421398954165,0.08156688361376649,0.01502413678780508,0.02895501591784068
0.34632785098039354,0.07958751302698394,0.023961525767408273,0.014246824592771158,0.029590913798577034
0.7450383866811958,0.07125306318803092,0.018430962021575858,0.014534688012824138,0.021396662622298904
1.316230526663902,0.09925940579658912,0.04597784483713291,0.014532808421400614,0.04542538636912653
0.4063856584859426,0.06637443035194796,0.009229661836998117,0.017457025776278827,0.020016441357432427
0.606963866284431,0.06618108105714471,0.006111938608744552,0.017029969155628644,0.015219646011415221
0.9479228208107238,0.06700882721557597,0.005611714959636919,0.017181203012382698,0.008538470467318097
1.5387380388434595,0.05376596771642986,0.0037228760672094632,0.015211693965034974,0.018439012710789182
1.4786814397753227,0.09254201222000488,0.029539702516915185,0.015576131620631416,0.012371685442931744
1.30858503761927,0.1093979695797685,0.04397309896220074,0.01690434958929803,0.008037299649719522
0.4309573236579208,0.059528690372591155,0.002224123897070697,0.018301275178371122,0.01872943055870068
0.34042721305098195,0.07656413063916218,0.015160077315182692,0.01957585590430693,0.01401228399861228
0.7833736168340518,0.11907431127170567,0.052778510740474766,0.018237620706660903,0.011442270896481171
0.3940426874236775,0.08382164913653481,0.022420680376805696,0.018189420001923817,0.036125898922255095
0.5128012519843632,0.10547497144801751,0.04347421341144615,0.020067934440974936,0.012261777756913488
0.6041253846946087,0.08079587982885333,0.023070073249188427,0.018148526336798122,0.0038436115846471747
0.45640513352122325,0.1412939644095101,0.07538366612672331,0.017125918930520647,0.01655902199368736
1.183860511139192,0.08532020005201295,0.029229818227336266,0.0180812251619127,0.014461090768901758
0.4026420749254662,0.1707805632833253,0.10120689515608262,0.01825345014434889,0.020979329713913
0.3526307189366297,0.21100714835365847,0.140805700802041,0.017300468264202038,0.015875192965658175
1.5417180758365683,0.15654556991801066,0.09486823022245774,0.018512141445309178,0.01967135090421885
0.29921114915693847,0.19007581549961666,0.12078846541988972,0.01790166868685635,0.04069571729729782
0.6886098904421579,0.1544429982519301,0.08920353900979701,0.019921884414603696,0.05310758626797413
0.5936302202691387,0.06185793728777354,0.005395645903208457,0.018253199999412374,0.057587390306501035
0.3049562211775492,0.14636672873442513,0.08124538738927463,0.017457171095532242,0.05625984568277568
0.3614696721232941,0.06412995917136109,0.007448700133982036,0.016628265585511285,0.04938899955280986
0.39505920088978314,0.07585802673672083,0.015731354439213682,0.017587025943474575,0.07020055420076574
0.7546314818665795,0.18756460097720787,0.12231987097904579,0.01697249012754965,0.0512552645459291
0.7486531659441705,0.1032427906408137,0.0448019080992407,0.017708134764839067,0.021087867767233058
1.547740496145056,0.1439260383136976,0.08371237981076346,0.018220001166714718,0.026768953524095206
0.6371176468000189,0.15754224624060498,0.08938474063957437,0.01701124783027222,0.018194350995387305
0.3998846385610967,0.0816188190236798,0.02011045689282319,0.018427615201103947,0.035214676354849
1.0117224796179694,0.057415269472604585,0.004728035893762351,0.01627828677739334,0.04385614061439061
1.7284012990847437,0.05184904853451988,0.004391368402189031,0.013181912686755568,0.060619743747714325
0.7310846402482044,0.08454506678869977,0.02896514812907653,0.01627034259517517,0.0660677457542974
2.7781961902763386,0.12033992473880792,0.06565066436452693,0.01710593238671752,0.08156189582320446
0.384037881063161,0.09584114667760911,0.03634525885810451,0.015379259369662827,0.07137969623908083
1.0740593392553168,0.06127209411276234,0.011274130348066368,0.013496325857045138,0.06918247375371829
0.3282348383286285,0.15769292281150518,0.09707007027547199,0.012863776804008662,0.05803963500731813
1.3595685916499036,0.28626692766728534,0.21907274321221892,0.009419779332770849,0.06022426934679132
2.23030217815713,0.25592887728162306,0.19399463610914613,0.009827345644520258,0.04994692585075322
1.3690314020768983,0.39652896274422256,0.3118025311188503,0.009557471004147026,0.04898077128503776
1.0985358791380133,0.3894458362494634,0.30539481138202834,0.007647212740831119,0.06759528963932185
2.0106566156901917,0.44245683666066893,0.3526875244810342,0.00781830340087527,0.08317727371517886
1.4254665863155507,0.39107159902117633,0.30361159905756774,0.007931636425204423,0.06244613770363927
1.6200569296159724,0.4280061223562884,0.3370870600310214,0.007956918791463022,0.06148937068471442
1.642424666160277,0.4300441707280027,0.33869757116626775,0.008259006744302414,0.05706131463612125
3.7257838021435052,0.445722737427951,0.3593431713313925,0.00928331544272693,0.039881907775957216
1.175196484999527,0.38016925227687565,0.3003603573373874,0.006743190481303021,0.031053962231332458
1.498473468918793,0.4134944431769824,0.3242992240115096,0.0075077016089660055,0.04464469910153365
2.1921292816855837,0.45811439850561386,0.3663660562973699,0.006366532161147239,0.04856067678019194
4.665592941459872,0.5253523963066583,0.41668765363138316,0.005637331536526928,0.055084170556148865
2.1975454887900336,0.439123659660306,0.35429698672621934,0.0045320640606854685,0.08479165854875537
4.631982092759179,0.5161042440706373,0.4229056844920445,0.0034883278557857247,0.0807599553596234
7.264733988038355,0.5568492525930926,0.45918324224647156,0.004876577403804173,0.09164397695699121
6.635437853534564,0.6001649406615189,0.4865804322834506,0.0041468566495647665,0.06919292745670905
6.767697490865454,0.523692584204785,0.43244749271773236,0.004852547924297099,0.08107320614844979
5.301524924010033,0.5483851902877347,0.43453675241482426,0.0071231697487140755,0.0802013438631464
4.7276985436010195,0.5536279685614163,0.4429487692936117,0.0069719073305627,0.08393565513133068
5.263007744068766,0.560340669531981,0.4546385127016754,0.005799592241558329,0.08274577381611277
3.8372854216051957,0.38314040384225756,0.3121260384768032,0.00469904058453654,0.1069085619161942
1.613975808313084,0.3619235455771279,0.28882526182918355,0.005164668011036496,0.11996741684749385
2.127295769298634,0.4338910763592137,0.33926546818231895,0.008101399890043472,0.12701674621078152
1.831248220998684,0.40580189367261116,0.32424619410633904,0.006731977938040056,0.11209405491219625
2.1910506337459266,0.43692916567422146,0.34435625410803283,0.005509006899600768,0.12077151465790521
3.7184044062984696,0.42562249496535737,0.32594769671468715,0.010491127093753844,0.12155700924424129
1.2090093172316365,0.3492043814004485,0.267880500155698,0.007169878461115001,0.11686573998293545
1.2214258852348767,0.3994427577315694,0.31370608561916025,0.007229659034390234,0.10948760614652633
0.9446263085296391,0.3681703140581635,0.2904361561371809,0.005518739535626944,0.13569171185853596
2.530576081829228,0.41811609592422716,0.3372233083519037,0.006012907657777372,0.14939185991514417
1.2301615315961683,0.33577786007546395,0.26397974682252756,0.006752044894058929,0.13992585811063799
1.608269045414952,0.40732446751799456,0.3162067067515615,0.009241494056501907,0.1329978250794375
1.7275831095518095,0.41136651678937547,0.32521580647328724,0.009947341418586919,0.1370828134307606
1.5473453965293416,0.42549148716030133,0.3337443069992735,0.010710150854481477,0.13857286774854802
3.774885479064329,0.4450948741374353,0.3445812561064281,0.008653687846928208,0.14583193686881094
1.5765911208311767,0.4251376013631253,0.3361383634699335,0.008385831084192809,0.1368639230153004
1.7794374075887167,0.4008776375788068,0.3113124191977388,0.007693187624094378,0.15227670640574487
0.7129036706787463,0.3396939335095394,0.2639645014035505,0.00522995698567876,0.17234297170721152
0.7312325051246074,0.3173193441255828,0.2450669779883381,0.0036054878404921968,0.1772761316662164
0.5883818401454123,0.3243049800975361,0.254839560313201,0.001872035598685053,0.1961780429093603
0.9859791866493286,0.2295952918259016,0.17700172956268995,0.0005142507880233746,0.19919057681949057
0.9873599479050167,0.2066223649930207,0.15650589135706108,0.0005490472296993843,0.21411760800870364
0.888692726538645,0.21022233382171826,0.15888170282905156,0.0010925173787912242,0.22795005445201436
0.30393214622784154,0.18410423387276184,0.13318635873301843,0.00020073808687235957,0.25390106469500134
0.44383073506148574,0.2173508932276278,0.16003331354873154,0.0009080003239550396,0.25212109670368205
0.4830352089565055,0.16783772565951424,0.11772585862508265,0.002561475427041158,0.2807321434925974
1.312548554282356,0.059793439847753344,0.011719296089653261,0.0035629326772872094,0.2749794878387254
1.3194589426070007,0.05308934403340397,0.0048229904643723245,0.0042377540967841664,0.2774842816994125
3.882048349762001,0.09521993424397113,0.04048240119058575,0.0038924290296633466,0.2531964376651389
0.37253891553631185,0.12488501425574117,0.07467642302661401,0.0035442471838512306,0.24206338326652832
1.3946778587453075,0.08526164242616971,0.04524400738919013,0.0025376632434337314,0.2529197929598014
0.9048638523879448,0.1059817841551392,0.05618868393050535,0.0025319214761550233,0.2395688388431743
1.504068482211635,0.17189357384731807,0.1262975001438163,0.000871304209288552,0.24192526265874237
1.0057333514769193,0.08632322736093423,0.0465120936790752,0.001228113208147497,0.2451875658040726
1.0231624483673833,0.13521045013248284,0.08420031353922554,0.0008129345652658155,0.2516210180710143
0.600254949861628,0.15827566322084535,0.10991191243347286,0.002275256877784052,0.2581734813171687
0.5278573652286281,0.2586736844624159,0.20089804945176548,0.00039671261794393714,0.23678680510556938
0.326488088635212,0.235373428054307,0.17471727682800842,0.004460790508997735,0.23038626217005423
0.30659785037895015,0.1863276811567724,0.1310896296021958,0.004400557231120018,0.2211058110793268
1.2999122043142803,0.1860369579764145,0.12724612296015114,0.003004028789227257,0.2097728724622823
0.6219836796523817,0.24814135773921497,0.18885394626357244,0.0037732435861443227,0.21623667989746836
1.2923921532196276,0.23276487300552634,0.17710756286500812,0.004136186656120888,0.219918403943071
0.4362460646011569,0.2832599966298704,0.21715491941388887,0.004576350098134543,0.22859785411232778
1.4841482516528928,0.25676437901238547,0.18668555978130597,0.006190250168673609,0.22904224535046733
0.6533819471440806,0.24885469568264867,0.18011413535955417,0.008038596561144048,0.2392322004333113
0.3267203052824109,0.1600067030170741,0.10689805750908782,0.005122127968954199,0.2552410584665794
0.3111193884757869,0.22190283361926907,0.16166798192257717,0.005486475648544184,0.26104285821899226
0.39488042957463027,0.08770673396427434,0.03996730533014671,0.0041820962653328865,0.2752875809966205
0.46748190331046563,0.11595777900520025,0.06410824367205936,0.005365266516027596,0.28950785614456315
1.699648285948764,0.16030602910931768,0.09877882237238153,0.007638184311938802,0.28078614042491834
0.42034208806168766,0.12204542494259871,0.069578391416772,0.0057241691155790735,0.27203814155838296
0.5238981916082144,0.07554942519680768,0.029501787056032014,0.0064994365533834935,0.2842127237497773
1.3539096722598563,0.067643702735673,0.016181545769674337,0.006289940385841586,0.27851669930625483
0.3705153808162361,0.1390574947333736,0.08724818994505099,0.006161542086732569,0.281471830373636
0.3624566260780167,0.0629012950262973,0.01645273407509658,0.00650173161548448,0.30271250603043165
0.34980367416494706,0.0861812542659627,0.038885296664895014,0.005546379786656548,0.30387816770556597
0.37937333806047313,0.050857173391539695,0.00417713619467925,0.00624047386770912,0.2927160002767602
2.9756057921967303,0.059143237608751925,0.004357335957486231,0.0078044873040694655,0.3066468557658309
1.0659445381134052,0.09497045233089435,0.036503945053649345,0.011802163043680432,0.2970384825410146
1.6939890117241163,0.08779864824988584,0.028377631248173118,0.012074172245314211,0.3052632131117987
0.6194764468815845,0.05835314429313013,0.005269810070512627,0.015271339528235395,0.3055748195442953
2.0985542289821004,0.07901496967689839,0.029557721788859848,0.013991856904869008,0.30227261545707484
2.2757372325058167,0.07118561907262212,0.02054642740679591,0.01608896352177528,0.2910443936454584
2.3763591414144876,0.11857586485060549,0.062409575038161295,0.018120241233550334,0.2844636396032071
0.36039392454311986,0.20393929619809412,0.1330888052246339,0.016663597532163954,0.2663134940473725
0.6029567523561121,0.19061009205633478,0.1206599034559596,0.01579862687786321,0.2548622290179202
0.34503032215577667,0.2456167424954813,0.17150376957915997,0.017218097434878534,0.2463181953099272
0.5881077882356035,0.18789165535433533,0.12488187833710654,0.01414227880804552,0.2306113961359556
0.4944242971664689,0.20984678513353433,0.14084141508489925,0.01745783164837878,0.2280054180767482
1.3712592551764244,0.11672770408864837,0.06015828380300452,0.016617932885617217,0.24750887003241287
0.5950530034437296,0.13204996908826805,0.07238654902701687,0.01602568380288013,0.2431579714572541
0.8811608375029645,0.14005060000206188,0.08067638059866124,0.016090547072720063,0.22015222799697076
0.8371363916000077,0.1810789948118273,0.11533631731011496,0.018537659461185407,0.21839245460770318
1.3857849826630206,0.18895296921478824,0.12243180946650582,0.02007890486126443,0.21808273829788152
0.4915678896615273,0.21210225728563306,0.13778002382196072,0.01845007720480903,0.21860423389003988
0.4854565928727799,0.17799628832113196,0.11049633807702915,0.019168317238831573,0.22149266711776916
0.37477375703207627,0.07292933883181263,0.008516001333805437,0.02241867956602656,0.21893385955025574
0.6137995667791707,0.08369388951752621,0.021227119007518898,0.022816264028250172,0.19991453782438132
1.570798109113986,0.08112102475255376,0.011543808375785856,0.023040772754544962,0.20888912922082822
2.5444309300646877,0.10730065359166926,0.04639596254635728,0.024098250535987444,0.21904919421941516
5.20843184335481,0.14558891317217615,0.06380319546453161,0.02544126639141757,0.23979716778457458
4.4439642070001195,0.21884800912437377,0.1506852977368075,0.024000216791470467,0.2569650062812904
0.33764961547255457,0.2543480309408377,0.17195613417590686,0.02365061699074783,0.2539133582825889
0.5897312476793671,0.33078314531377145,0.2380568502097621,0.025530350919926056,0.27000481854004327
0.8229030202527754,0.2946726009067956,0.20921198888470188,0.025374285672183822,0.27694656208565904
1.0602256104827057,0.39112855692308124,0.28865752311476245,0.02545908777293946,0.2826322252845775
1.5004546773786374,0.3844670048648865,0.2774791033190933,0.028206520774453264,0.27271067553785
0.675924431348632,0.3418278944751862,0.2423282974533484,0.029222291346175724,0.2810702456499208
2.5421541425861913,0.39905666724478933,0.30096429091788784,0.027459262385128972,0.29305128518043133
0.5883507223057427,0.3333804742982399,0.23745785701133704,0.028284809339973464,0.29552195003375076
1.7365991858969672,0.444101598887257,0.3293239198995144,0.02982518308677702,0.2970905964069692
3.595083637427977,0.30609395680632234,0.22396388866020395,0.026800460650993143,0.28471381724585143
3.0869612170495433,0.29985008717783884,0.20227485359439953,0.026348437144457358,0.2891091305033472
0.8051789420000774,0.29680716143000396,0.21069754051489065,0.025678026066995527,0.2866182531764165
4.034320276466197,0.34450258690214824,0.26126289155722027,0.023457495328096715,0.2742479015381796
1.9087138258485412,0.3345051298658861,0.2356025860277404,0.025162279502188467,0.291160221216393
0.9928650153865806,0.38838353853550905,0.2852945720611432,0.02767851140614681,0.30170446503600434
1.2668629946426406,0.4118934686706305,0.3069522544057494,0.025411925399604036,0.3053147753109938
0.5822176755409352,0.331584668823539,0.23936192399697634,0.024567631887546366,0.29219816600006304
0.5976914660633135,0.2924308644485586,0.2078956002533735,0.023654859219638575,0.30496252314045547
2.68745677352043,0.24427295480830485,0.1702686144765803,0.024460876152705948,0.3010419311126493
2.704708664742056,0.21530206722483394,0.12847467161104761,0.02603534128541335,0.31379243669962215
0.34666415610675394,0.19746255922905734,0.11761496298903777,0.028777955656019937,0.314519112254775
0.4281108118621294,0.1710768922556579,0.09294849956283714,0.026962388139150806,0.32085569874390024
1.5867299690883383,0.1739233918262929,0.09272607326327978,0.02643900425111709,0.32320291823813757
0.2957422701193798,0.17568509276034633,0.0987303613000546,0.027032514883119,0.3174541877252331
0.5011028471554342,0.13758907152450456,0.06109338488108455,0.02814438709902427,0.31722641037234917
0.6361187863877432,0.12680088616610785,0.05378362622587508,0.030138686578364045,0.30990286627027347
0.8719539074709919,0.0682067859538143,0.0012088319520670784,0.02949763162867495,0.3006625941752744
2.560283102917698,0.11876001464208154,0.05341382958940199,0.027688516258992428,0.30120728891133053
1.4803451304868838,0.08534889324571446,0.01908759745190753,0.029132822885772132,0.29565936756538524
1.7037652234145446,0.07694078176115296,0.011263193276635261,0.029670041124975503,0.3236725017593849
2.0398037910068556,0.09906785747466429,0.021277043436569026,0.029116837152993232,0.34716729331148943
0.985588099745703,0.10594358904285836,0.0290202629094542,0.029720255586503205,0.3486494224909859
0.7944456998325078,0.15132713124481426,0.0746010955884147,0.032364449679742134,0.34951599276524076
0.5092980296668329,0.20678458545859152,0.12402714854278758,0.031898767581960565,0.34884954529256984
0.4929437750296735,0.2764895730555951,0.1871894548091117,0.03014665579846517,0.3404031147786008
1.061657512156826,0.2755228320312551,0.19116366661150025,0.02766097662561814,0.32857096680062176
0.6955490331314597,0.13828385962189835,0.058291617256399836,0.030824687898414162,0.33593089010116456
3.2575708848303946,0.1247630900605535,0.04231678641487459,0.030004126403890146,0.3473262131182057
1.1415887882595046,0.14785053924452243,0.06707972091856705,0.0294831308771487,0.3606591795067057
0.6807770501174358,0.21799896340588643,0.1292559119653746,0.03174171923507465,0.3739536611978717
0.6441707689193797,0.1654481855504318,0.08406163782570814,0.029843954210572492,0.3867325648305777
0.6312767680417749,0.1489558255297438,0.07538832084754724,0.028772834879629484,0.38276632036970404
0.5506673708927036,0.10289931521138362,0.029362943336453173,0.02801349826947053,0.38749777707160493
1.468971643494074,0.15098868522923245,0.07990410867115302,0.02856621879274887,0.3810298256344487
0.815433838282917,0.15882733439636895,0.07799708924263009,0.029350040550712792,0.36831441267860915
1.6076067434442483,0.11682960958351862,0.04662087283143107,0.03092788510532823,0.35162710430390914
0.934487546663805,0.11107845756359334,0.031557071502883643,0.03204536852470331,0.3539324470772185
0.6100360870879497,0.09022232621941337,0.021873093779848647,0.028251396884029355,0.3450007303237916
0.31580680905901126,0.1333825157888342,0.0567133503828944,0.030470276692089817,0.35331763895307555
1.2721715261287958,0.13714279206146476,0.05497561847285912,0.03160009508851168,0.3456694407107969
0.9393663421546253,0.14115441045765165,0.06674719864836676,0.03139000077697092,0.33447555135071455
2.297199702355671,0.08539304373342553,0.018747523407662947,0.03117345340820511,0.3275128915049533
2.105255583872453,0.07529617894695068,0.008804974393095728,0.03141229047199083,0.33022022765532216
2.004897365755653,0.2075941157819993,0.13000118701074936,0.030808775608369032,0.31022169988576254
1.4796952840561304,0.23813762243786435,0.15481324286565845,0.032194212835050286,0.3139966175477345
1.2494047231949832,0.3117287122144853,0.21158101935668366,0.030800311377640638,0.30777629851639465
1.361472305213881,0.34765230248965173,0.23962077099194726,0.034137746958832677,0.30592033452599326
1.0025495703032843,0.20542160921867342,0.11920354422432437,0.03740310285851028,0.3087143209577723
1.3776391628740736,0.1487834569225496,0.06793292977338913,0.03838322116966516,0.27316327365808984
0.32717528106067706,0.1368895823015071,0.05062749063268345,0.04051507576682928,0.2886226726350295
0.9660065347816176,0.11138269366348005,0.030300200440805086,0.040680236160164605,0.2703723121201827
3.093562358983608,0.17360555464079505,0.091361094934103,0.04077569699396615,0.2525051265281597
2.963344421477683,0.2050773148687349,0.11806025729421024,0.042313856367069774,0.24039350344334579
2.2910909005247007,0.2232959759052044,0.12206811689241505,0.04034768821792131,0.2566287178164086
0.5517280566769494,0.25245212964030556,0.15061436278270818,0.04173546198497779,0.2578997823250548
2.161506055005758,0.2731463966033006,0.1684993067686257,0.03822871926103623,0.2581792367265481
1.5953051450350142,0.3649775774378321,0.2612134795288776,0.03638966427969072,0.265541841057296
0.9929741954614122,0.36611605080241943,0.25347289863398714,0.03801600830353748,0.2678428855406628
2.2141148847271683,0.3743106772391117,0.25690682142433263,0.03827352583850718,0.26075439401496325
1.525981623155247,0.43099438501857323,0.30749026266618734,0.04040758975785222,0.24676531156405013
0.8397162324079032,0.3605591208532555,0.25029046614258027,0.04054922790988421,0.24694166133364356
0.838506389655303,0.3496797689198064,0.23990755481715798,0.04204071650005617,0.249245336503738
1.5040528300532374,0.3817494979065866,0.2636894700842339,0.03975197641794846,0.2549690108007275
0.9672233988249808,0.3813449748248381,0.2686460889318993,0.039760839147488965,0.23960448106766494
0.7730741297815849,0.36664748546504666,0.25240179536725843,0.04258039113598198,0.24933265332757484
0.3877474981587139,0.28457424265599507,0.18291568226099125,0.040371521662206186,0.24733383144576296
1.2962428633235699,0.23602008293776022,0.1336506122691623,0.041864940601306834,0.2621798645641923
0.4481299720218108,0.1918079225645758,0.09996246030075662,0.04227494341396842,0.2715541689406158
0.9902829375267631,0.19777014637797552,0.10075826304237548,0.04131579699566419,0.27792254477200407
4.632718462858245,0.2884156164701878,0.17552794840382552,0.04168140871171688,0.29592670431877743
0.32670624954658,0.18829312665410353,0.09733870441348527,0.04074077712261098,0.30894277515762647
0.47481928490739,0.19400126169196988,0.0993970001899448,0.04109070769161775,0.3103683155874278
0.8874233582671274,0.27251292200954136,0.17760315449616854,0.038272377165798226,0.33618610918973835
0.7861662473662901,0.1905173850212058,0.10380982232677488,0.038736015347934395,0.3409794890102837
0.9154020759954705,0.18205608035204773,0.09752708999743134,0.037780035531625684,0.32810161849482683
2.3513939553780046,0.20017332460529386,0.11558147100684903,0.03934813446897336,0.32668417950600254
0.3052602134244366,0.15579985521798415,0.06836711276255604,0.039499619110739244,0.3522321456948606
0.45723128228352394,0.1590721750508026,0.0723874802204933,0.036677639475461106,0.3610764231597349
0.3664476074303708,0.13742337613684347,0.05424624586874946,0.03584485387592202,0.3745063883622139
1.0618936304272764,0.1363826989260027,0.05637781564091343,0.03783451790991868,0.37867289913962515
0.832076870857163,0.19998496128446802,0.10872878400791226,0.03572949439314737,0.37517577900594523
1.2819132406610252,0.14540241154634556,0.06805337896349109,0.03495164329346091,0.38755709032490826
0.5850508760632802,0.12722836126983852,0.052012819422476764,0.03211691732038938,0.38424024978519644
0.5689153772799379,0.1097145316696782,0.03538510891467431,0.03257460767357829,0.3716099611043773
0.34186931637023443,0.08289426513622733,0.009610958859761563,0.031303158610274794,0.40194913937876586
0.517268138335479,0.09838071118724984,0.021936791534803983,0.031497193263331405,0.42051967128380524
0.9815018370771811,0.09241974243291236,0.01764704812490483,0.02869395017708235,0.43789635663370347
1.6235983780081213,0.12567135063445578,0.05660114714535035,0.02909260517129417,0.4216304979164443
1.829007903932001,0.11999614423746977,0.04022781472775894,0.029686225058109784,0.42515940158749127
0.32812839996864906,0.1333898288378097,0.05655878720835469,0.03029698652741609,0.4236598589731557
1.1372723159499418,0.12158335428370781,0.04182123149571796,0.030885272945756912,0.4226076438096137
0.5179293007686868,0.09226316632780071,0.016687697455790726,0.0311227770734599,0.4292392759704756
2.1910331819470956,0.10594848136450571,0.036591703101021264,0.03213734619523835,0.4305450696813287
1.1674028022468474,0.18913798988708494,0.10254185555604423,0.031265754283090544,0.4265644791145232
0.9589011535427021,0.2440741747014821,0.1594000189476748,0.03152450696066183,0.43816890966004557
0.3065175400792828,0.23119470889365976,0.1431232242564653,0.0322094814230451,0.4695869657470229
2.0137066685116967,0.22259228994413127,0.13883352334072196,0.03558659305827667,0.47687747273184283
4.0165749874530094,0.25401528976184923,0.16933119259452337,0.03647186895429464,0.4832372356278748
1.3219192780237397,0.25621728579282416,0.16661590083307065,0.03620295872595856,0.47617317848747
1.796903622084349,0.1914885144458646,0.09852412479710025,0.036278444138483065,0.48107073939159595
2.27552959706662,0.18911194926267652,0.10641469580225729,0.0384461423600141,0.4902675920951336
0.48339961776896373,0.1336048830239791,0.049894442707992585,0.039663740902393003,0.474469552004166
0.3172059279910006,0.14307463926573621,0.058620911899087615,0.038038556967586824,0.46285154025647474
0.7268690052758328,0.0909510399510765,0.007722970974351179,0.038104996081553044,0.4640468896106176
2.813846036943939,0.146890478951072,0.06536131284947279,0.04211191073420668,0.46432241835522453
2.428538052610149,0.18673122049819071,0.09873329913737197,0.04432661328043065,0.44166576427913495
1.0244274856156512,0.21607398920673135,0.12187700812827429,0.044539554580361664,0.4397601003405502
1.113505563391949,0.2021315030224295,0.10998273332076539,0.044151410908147955,0.43074168857509154
0.8756580650932114,0.13261760648979465,0.04531187480791862,0.044987027698651566,0.43500069862598323
1.8477746772049741,0.14622993786831315,0.058497315969364014,0.046675078711858116,0.44384203137257533
0.9962647491621441,0.21882220603188163,0.115674570131646,0.04540050956741534,0.44132912773787913
0.6074837176514667,0.12702144089851636,0.03959771985423215,0.04458056233200869,0.4658004601540621
0.6047597009063045,0.17003956234869994,0.0810391450484214,0.0423914203122885,0.4893993395230681
0.686484746618904,0.20395099573009093,0.10970943105470275,0.04472906558760506,0.4839608515366222
0.3494542819512145,0.17849364845830426,0.08570754064779093,0.04387885612508851,0.4789920678628564
0.31201740161930425,0.15156421238623025,0.0602398657790138,0.0441464703387747,0.4646548137289653
1.0735698636209319,0.2426389879748332,0.1418675418352142,0.048507735816235124,0.47833274900543044
0.4875936144132035,0.16698060789623498,0.07105753983756191,0.049118584115630685,0.4742765952498405
0.31521826070227277,0.15314572995401046,0.0546630601098389,0.05066261166861068,0.49782279284632486
0.4690305909850476,0.10172858490593487,0.00904443388204329,0.05116932931907382,0.495864574434116
0.4341144602545574,0.13066389617625238,0.03170512659528282,0.051981728792667624,0.487717640458263
0.7378563343382852,0.1966387964942548,0.09559374242458266,0.052588660248983295,0.4907557884661936
0.5784162972646204,0.18101402594324895,0.07591993191254885,0.05268895482533921,0.4872546135472793
0.38536425373303246,0.2018907328600198,0.0997343660200779,0.05143212275135066,0.49388784082513704
0.849623543812031,0.21110313904192146,0.10425591096230788,0.050431680018202744,0.48982387722328236
0.7543054005499353,0.22881417703791188,0.12521094680011524,0.05190622128047495,0.5045113420653364
0.3177600350015065,0.2565377857136411,0.14715885810715285,0.05144180037927511,0.4891147085617182
1.316277319981562,0.2660975209512584,0.15225732728429855,0.05024067159039162,0.4990970506616018
1.2019217485160691,0.23727847056183693,0.12830051541969514,0.0488368630619266,0.5011357266200355
1.8166004731881817,0.22589394677154592,0.12938288136783285,0.04783583154051476,0.5040877021012452
0.8101837746815356,0.33584117841090233,0.22156888333258273,0.04920555418944754,0.5144931197039682
3.156937585559048,0.4131423101062199,0.27831042827606045,0.0494419708264376,0.516043093808283
1.7676369604842783,0.41332314389783315,0.2831987292645383,0.04771926578911765,0.5454753557373468
1.9372218218583788,0.39709992639230235,0.2778401653945783,0.04846397903822041,0.5431292851708233
2.4110389897000615,0.42869651580144585,0.29439787134314516,0.04836402521137901,0.5642618459398275
2.28320331236439,0.26391696810897103,0.16336147191408643,0.048696593516403576,0.5754979253512259
0.5762039681725302,0.261661064263612,0.151084965663608,0.049694434073162215,0.5803632233504588
1.0495610587017672,0.38842443023545214,0.2613211953170703,0.05033516082550706,0.6080701247033357
1.1183915593918565,0.41020672864406604,0.2851530491472659,0.0475149122146085,0.6059869913608593
2.7153771519330077,0.42857947355316817,0.3078775798714443,0.04654758934236965,0.6222192448588398
2.63452490646947,0.4132391106554558,0.28056141752141067,0.048234533635341414,0.6158774637852419
0.836760381369065,0.38086381856461626,0.2606741282121376,0.046660684759421985,0.6213310191155839
0.8367243045957619,0.3732484226205208,0.2561540613524507,0.04557103321378338,0.6181400880788506
1.4088963792947435,0.41311534327214977,0.2914225131049531,0.045965342495150885,0.5925624912924318
1.4816281150001598,0.4077901790215288,0.28593009310676804,0.04762398484665761,0.5955338471228432
1.6155219788532686,0.44583572214559464,0.3169218842234315,0.046622257399351975,0.5779917379234634
2.1814481916784585,0.3818216532334253,0.2669960307789885,0.04707648749175766,0.5749296449301095
1.2710909636086896,0.37233484836051733,0.2484373327421432,0.04781216213221685,0.5776011737361303
1.005294754642354,0.29013877427614493,0.1764381047383333,0.04807447813671166,0.5683979435877784
0.6217863642347086,0.3344102805465765,0.22149951360623668,0.04683903243123208,0.5868190380484857
0.36810488972923094,0.2825791695659441,0.17166548450740177,0.04945876505854752,0.5906792291582045
0.5528718005158911,0.31943389792391524,0.20319219931727012,0.04928448231184345,0.5687330604754739
0.49447445698112785,0.3077456837715209,0.19234748381590958,0.05008347621860367,0.5924227325699045
1.4489519516018843,0.25700963798621473,0.15321057859295006,0.051013664766015196,0.5896905390075371
1.2086538132156417,0.34922321426792746,0.2282822006234272,0.05577282320969231,0.6083647144624887
1.2926994237358316,0.4218557649149707,0.2845342652311826,0.05642439350537187,0.6192625950687931
0.8984190873463818,0.3933587398230697,0.25979040602529535,0.05818117526558056,0.6056400020823068
2.948010129575498,0.4294239515020828,0.2984283032324134,0.057781540301787726,0.609634761692893
2.4124699870436954,0.417909750655067,0.2877257420324514,0.05763235197437739,0.6012385860408201
1.0642092934919118,0.3724125506481968,0.23756881857244394,0.0597906583236001,0.627304045651612
2.4968289750965456,0.28649461126738285,0.17085929081283174,0.061913156979657914,0.6387358137158127
0.8594223037802148,0.31337716972941865,0.1880443549525548,0.06428671688132548,0.6190721439397067
0.446832841142109,0.3101419734277442,0.1812480428258215,0.06597996856051185,0.6341216401953347
0.3609193404496089,0.27918324820506213,0.15598111881283427,0.06227547496271906,0.6471822382279774
1.651138591974599,0.2194667205479039,0.10027627353509763,0.06036934667745392,0.6378948459203749
0.3940063334932526,0.20946757224152315,0.09448331451455186,0.0608750830025203,0.6347097071561804
0.40225801254943117,0.2054068418979526,0.09358801339993629,0.061086530248539446,0.6098476068778333
0.295184001295921,0.22552664359754562,0.10778260012281757,0.06327974678890974,0.613413136967873
0.7116912446905698,0.1577264690533774,0.049939761884849505,0.06302615292131483,0.6191227022507277
3.624805213908089,0.1201762010862126,0.02016889249381327,0.06431763514520535,0.6135025013619158
0.41027710814884155,0.211905659804195,0.09631924799205221,0.06431940053978562,0.607389810762479
2.5315664634434976,0.19030903117534254,0.08332146994944785,0.06351763415546256,0.612005393677623
0.5563296070300348,0.17138407962568178,0.05780998374299297,0.06240925974460745,0.6127563445842158
2.634079877396811,0.25532017507394544,0.12843096840430723,0.06264056143480275,0.6029721030037176
4.474776839187473,0.1877855197995581,0.06793980594852522,0.060751292929044305,0.6018399549127452
3.0425300632471792,0.17390512717462506,0.07304790212334882,0.059684392454029844,0.5990478707466524
1.986332670464486,0.17961437105879416,0.0659602639157674,0.05828290426584037,0.6035419244745702
0.7786730201772931,0.10329717568332752,0.005644548257046744,0.05749334604514462,0.6177640572452312
0.4318308578993535,0.13369939279450013,0.0296507236103455,0.05692045278312638,0.6162059896206106
0.6563182895347547,0.1325865054300581,0.03009821496461942,0.05958415363910825,0.6082997851260914
7.23103907110548,0.14985662673097686,0.058592601785890375,0.057536114960899255,0.607090663772622
1.7355988769168693,0.12066397174256865,0.013666001386905297,0.05738690660587256,0.6035972868354994
0.7200764739137776,0.13881149149596275,0.03928436424510895,0.056320204582119726,0.6014731808768322
2.0083636027756016,0.1415055408368297,0.03342629260161834,0.05620272870021569,0.5974653312774588
0.7816252001215227,0.1539576117508228,0.05477444250104415,0.054889423986581906,0.5963850850202359
0.37163602128328227,0.15365031003629223,0.050519414898529694,0.05683438126338056,0.6121027885126369
1.396086088588929,0.14083941774830352,0.03513819227290421,0.05493246688323094,0.6002814644493499
0.7325694333898746,0.146055580277526,0.040631352152359,0.05584567066326021,0.5896168927346028
0.9265480636851924,0.23724164819427584,0.12882113457386377,0.056526035318124904,0.5835564119622502
0.4645511752922886,0.2280303309228759,0.12091298164452477,0.054294902754609985,0.5799794637435496
3.7619106876773296,0.277220904723844,0.17269656804721115,0.05374722457174428,0.5837227535731726
0.8240938385846285,0.36639657565371564,0.24114570474546115,0.05192553365039794,0.587823553081486
1.6761745315813976,0.31952243096613936,0.20612902929759924,0.053582839128463615,0.5894966280466756
0.6813628689697927,0.35543625466644574,0.2328799973520138,0.05136073640785042,0.5886394854349317
1.7401741412475484,0.3281299580879129,0.20355423249371182,0.05281185107710647,0.6038113725456352
3.759673538976314,0.3956957040402805,0.27429852781191627,0.05505696221779674,0.6025938477925503
1.4051431720087422,0.3043153528519666,0.18194821563502067,0.054238749447555655,0.6019401637267776
1.3271159222151705,0.32171890707335354,0.20561914079614665,0.0551464639909826,0.6071726048768125
0.9571821598310193,0.3304236483254225,0.2137248717971602,0.05327593455693389,0.6128276126034212
1.1737165954002076,0.37740514674720543,0.24738122362432508,0.053863374565952554,0.6281628416094596
3.143211209167861,0.24795633829685865,0.14616508543660808,0.05332357611519642,0.6288271212629983
1.4697570246386504,0.2169386795514417,0.10637420778292928,0.05216451227337495,0.6016277544892781
0.7254502081133869,0.24741587381408742,0.1332728297514748,0.05435860898617723,0.6167659675638383
0.8365466897363749,0.2929896002108796,0.1730643386844637,0.05465663731712283,0.6016285796088201
0.5208027555236331,0.3020121622264953,0.18548408777067488,0.0550288540995478,0.6097811075502235
0.6017652653361495,0.21258855968390206,0.10077419288676037,0.05622745086086692,0.5979631786645501
0.3184806319277572,0.14111188324512486,0.03748204606747903,0.057255563989761046,0.5840588904290878
0.2950966992836436,0.20022264116320487,0.08699293511602882,0.061324082171663706,0.5884475432054875
1.6205290678995856,0.1773942167328729,0.07279096576022868,0.060522731890178115,0.5871030659879501
0.34266209840027106,0.10373428169452692,0.001788168250368427,0.058985532969466084,0.6126232504974033
0.3573381870452216,0.1274585398066365,0.022971440467317104,0.05858535654238085,0.6176727486463444
1.3814166880899736,0.1476527142472694,0.035291559642858024,0.061108340451229065,0.6209611147563584
2.505575118927206,0.1415310763389776,0.027482595139342234,0.06154144708915069,0.6370782718995501
1.050804377492542,0.181233457112231,0.06735934360063682,0.06018157218175257,0.6356498263481575
1.6026985704538692,0.208678392464499,0.10312257176339981,0.05842824295711764,0.6480664207862153
2.244559569861997,0.2562345067183733,0.13561866768116543,0.056699109443604574,0.6610972508453445
1.321370396582584,0.2359230569289747,0.1207556093468657,0.055108745680638775,0.6612644486245717
0.5197562524593834,0.28005665640326793,0.1635847181685309,0.053979783499380186,0.6640819691532107
1.4133592155552077,0.34119973022275374,0.22661954137062668,0.051050606200869375,0.6407326267307673
1.5646385139309,0.28331427240172447,0.16768421021501434,0.0495616621689057,0.6624894695965126
1.7350404669553405,0.14890317817152765,0.0598239276099702,0.047614794385702715,0.6468541160718173
0.3353009390926693,0.106260281176773,0.01481023553695314,0.047826252920175664,0.6411000084148439
0.309670310753444,0.16463573343128865,0.06753716793390588,0.048208150462602586,0.6494191338051623
0.7052986237294204,0.1323798885021799,0.036635140956073,0.047366916664888604,0.6529108207963165
0.8449690368265643,0.199217153477632,0.09841961625628545,0.04557990856633566,0.6573462957121167
0.6243315226908001,0.320039355500555,0.20783167264838337,0.044636530205288655,0.6424651320525612
0.49556636569741663,0.2656562846783054,0.16419060985790535,0.044255626923930834,0.6221397478595754
1.853838722205541,0.23666099281209108,0.14276315951558086,0.04411405994404025,0.6077706822977373
1.062202821949889,0.2783193222453925,0.18035081380257392,0.0414044829378995,0.6226661182712231
0.3590708773315267,0.2416889794000543,0.14274022693519595,0.04138871743653379,0.6035334098915532
0.941157378349558,0.2362345706660461,0.13930985184099937,0.04493655174435095,0.5970563533057823
2.9269331101255767,0.22718900022011773,0.13416438087320007,0.04625097179058477,0.590881669393401
0.643879869650885,0.29169631331834994,0.1847614919843102,0.04727512401024975,0.584538746810715
0.6504954291420514,0.35578594858359025,0.2376401968775153,0.04775793323759859,0.6033865606879139
1.1013232241252466,0.34049672645110607,0.23054081911899915,0.04529603263857692,0.592370979098878
0.5538324690284504,0.2913231927429162,0.18647470913927994,0.04467350726832527,0.5930252530277585
1.9847007181320142,0.3614082244968452,0.24149511008629893,0.04323587889112779,0.5923369935325872
1.356776423891943,0.4274335255682273,0.30512389648547267,0.0413844364997545,0.5931111546695856
1.3321088560417063,0.3515683054028931,0.24586238015864026,0.0399685004899036,0.5822161413439348
0.5098252775930303,0.3074956071715924,0.20430649256582104,0.04020067521244101,0.5773835687097989
0.4228266181624331,0.3020226342476306,0.198830653922772,0.03941288929077438,0.5823150800299054
0.7312240803425402,0.3379201176368288,0.22436706600917092,0.04345801495693206,0.5817949782497269
0.6616084429682905,0.3389771117063115,0.22450155060573893,0.044759078701542464,0.5941743089803488
0.5312298491620154,0.31426288660523294,0.20378349044558036,0.044133343385429485,0.5878034793096469
1.964318096269307,0.423054056102244,0.2928706846660113,0.04605200829193452,0.5805178452198091
3.1972524990820816,0.354516501692802,0.23286727322506354,0.04387207744097668,0.5967332169062761
0.36772376265658285,0.2807834179286903,0.17836339899161555,0.0417633266417011,0.6019572527764869
0.9048920897882254,0.3835090512893655,0.2677666002942725,0.04059133222392238,0.6180110271446494
0.6743692301635604,0.3106010249555108,0.2041230037226987,0.03953943350656828,0.6248649758244171
1.5220011997648453,0.2721804371584595,0.17963998504719303,0.03785471549145337,0.6227790426161546
0.410975429131563,0.2843748532582635,0.1816497200891628,0.04034823425734001,0.6165160854636964
0.35401577162063697,0.2534068154961757,0.15332769870129614,0.04320481791371211,0.6020220980999349
0.4249092763577991,0.2774500107609659,0.17596532031124623,0.04216635722238379,0.5969114898417136
0.34412461509007064,0.26110402226158524,0.16187167710210498,0.041117503617898774,0.5995884654349712
0.7671338742647896,0.2547818024920592,0.15304051317464182,0.04069776570916339,0.5979042275420252
0.5006667146863261,0.2103318194268006,0.11399983102375572,0.04111837657267934,0.5909569686885562
0.34739713631097124,0.20188051582545313,0.10704618524283246,0.0414889602914942,0.5917907738617564
1.5515726521942819,0.200847947462692,0.10192406630938314,0.041839932994601446,0.5797777042671339
0.4338903348267395,0.2019016080091735,0.10896771811060402,0.04240869048251771,0.5669496413059972
0.36679888635783814,0.09024118292465708,0.0038027238468056612,0.04341678197812076,0.56041655994038
0.9070045840667289,0.13323940345986657,0.03573669607593525,0.048433732534418635,0.5645959605795238
0.3056266010008843,0.16111609350465642,0.06331457770140095,0.04952709415210109,0.5797614711146922
0.5457604769375806,0.23841977506263182,0.13384473466738783,0.05097510890649627,0.5793926406754568
0.5891757562326869,0.2743289450024371,0.16304616133476446,0.04892761783729152,0.5667222489935675
0.7474829161557109,0.2929680858735012,0.18254221940834972,0.045249575948531115,0.5690374176638724
2.39440315534688,0.3155469287011178,0.21052875436140256,0.04706955057265933,0.565201824747585
2.6588673678578205,0.36264992807824686,0.2386722950853825,0.04598781495951133,0.5618217821010812
0.59874359769363,0.3375007096402018,0.22042065152153922,0.048078386564410734,0.5667763827638211
1.7632041594710322,0.33346769058014525,0.21181973712986835,0.04905450926111393,0.553033651702668
0.7294752537954784,0.35778849628606646,0.2407496989869241,0.04772696533086343,0.5721270995868801
1.122378418554081,0.31742580831359535,0.2009631187342002,0.047291826132294795,0.5768171282033262
2.285951328946908,0.30298532412613044,0.1849449853592024,0.04827626261800757,0.5876660933765621
3.0432109374175753,0.2804077180572442,0.16291963911338966,0.04942954962810283,0.6016117285533239
2.010054880811568,0.3163392945820582,0.19344654175610848,0.05205452954084553,0.6017081057950864
3.9723560068421966,0.41508322016396876,0.2787158130788127,0.049536281640341,0.5994600336807916
1.0523503220271035,0.350988671910355,0.22883167249518616,0.049339421942068695,0.6308790060243984
0.628005361123066,0.33368069088064206,0.213458299658673,0.05135529619770469,0.6190385560712003
0.37912069241686136,0.29232152077411305,0.1778916972215427,0.05216089457502507,0.6325800474799307
0.8963377398635954,0.19959089577702893,0.09376801735239651,0.05050689642263605,0.6129087123118929
0.7348472145256271,0.2678640201288641,0.1590902132310026,0.05265295397247306,0.6039692609623257
0.4249707123190392,0.29999498001869207,0.18611795758825936,0.05003891725988449,0.5746786728402962
1.3077799060571587,0.2959297071241393,0.17904828624798322,0.04985574607921028,0.589328631209574
1.2455425890305514,0.4103731169417713,0.28348736081319237,0.05107177906809193,0.5837330434860002
0.8369136421827259,0.35028684526323495,0.2304559125724991,0.052828187123670226,0.5734175582806387
0.7906981150399859,0.36971379574311464,0.24494887009667715,0.054053585702168075,0.5746317212019113
3.827851089850527,0.4446460445719576,0.29734676413529093,0.056858467143725645,0.5828795768473417
1.7991365126506258,0.43989632680317603,0.3052083045063099,0.05595542482491647,0.583078452863553
1.5537663031815505,0.4451106547941932,0.304438151562931,0.056714637300123105,0.5866642573480192
1.5258174106430034,0.44539530413161,0.30625914216114375,0.055727246041191114,0.5810965522629346
1.0349142297750809,0.40564280045052215,0.2723897441122259,0.056939015093052166,0.5847675149878369
0.8597713581196211,0.37422968973612764,0.24009054262487953,0.059944990040934946,0.5780189975623213
0.8881082087466098,0.3358190309042136,0.2135870156247012,0.0578961949979634,0.5695102166008688
1.159393027530389,0.2870560875929399,0.1770256352009278,0.05299308800656554,0.5984432201058434
0.35601766025772447,0.26620282052866434,0.15407027748054658,0.05233111886323636,0.5789322585791057
1.6937925741511446,0.3784940591487829,0.24744156268826764,0.05315125566844907,0.5823111554422356
0.4884462477682373,0.3208784490224318,0.2028977393361056,0.053111594032483625,0.5786288070469185
1.228943587396516,0.28929524205722124,0.16894223928785007,0.054401019622180864,0.5783755637555553
3.1292441087555125,0.3778757099091409,0.25790720354028324,0.05511512556051636,0.5628626382303588
1.9337404704948224,0.36860274039495255,0.2333702666760369,0.05814869251175878,0.5771216013172874
0.8445618798750003,0.31365232956594613,0.18874094940556324,0.05728844260821234,0.5662144118327639
3.00418752444249,0.33327394571618807,0.2006980224118329,0.05822829625837135,0.5746783104380915
1.5697105207309525,0.32025140178147626,0.20217686869135562,0.05803846749127376,0.5754181379569935
4.86117250941043,0.32151564881750433,0.18676617782983773,0.05979808460820445,0.5494433341129611
3.2868324164554656,0.30618713391315,0.17628443021577547,0.05861030694113131,0.5617087501449818
3.7317762455451646,0.3976152906922617,0.2551812527313221,0.05859257268702272,0.5812469324492846
2.419167925354684,0.29125820516952844,0.1629442130643312,0.06008093494100981,0.5851261169413537
0.6903693221261394,0.25646316627886995,0.1407947131872943,0.06092088328965094,0.6115506782386311
0.4820796076110412,0.2718700385930777,0.15050220707111572,0.06387393600992916,0.628815429240864
0.42760474592478465,0.24173390976613718,0.11949882841525733,0.06461467801039665,0.634714910178978
0.8751343168951305,0.2750791804622074,0.14745805445590054,0.06451806583495064,0.6320766459934822
0.6544487693188198,0.253495767566912,0.13474427206285722,0.06429221396580606,0.6431526774833085
0.4136206630963421,0.1866945468608217,0.07034635050208064,0.06447954718682432,0.6419016673562827
0.3713108938806473,0.1506925170181307,0.03629037245817443,0.06635466551115715,0.6485378608353752
0.325479191710828,0.1557577138241167,0.04153345161588638,0.06627912426980963,0.6651023472344736
0.5965440127639271,0.20651412382462794,0.08535087160322335,0.06645288409098567,0.6714069525898211
1.279526782146858,0.22405264589878204,0.10657718169020625,0.06823724679964704,0.6811481947925175
0.42409034890764263,0.22137654109486907,0.10112629037778634,0.06821013918207758,0.6728810768516503
0.5336211987386521,0.1466617275635867,0.03722978463052412,0.06488687518711506,0.6630103411687278
0.2958566660985628,0.22604839518390035,0.10851148957919562,0.06298883498954759,0.6496964388284984
0.29265848527071725,0.21863762706168646,0.1024952269203258,0.06259115851329651,0.6758908262383863
0.3342203034492588,0.11823174221073202,0.012190958939477109,0.06188498747561207,0.6724442517696068
0.9288055677707006,0.12092145884651613,0.012781550440061094,0.06025237480758058,0.6861471954477052
0.31556803307013553,0.15201780395319706,0.045676384784145346,0.059356396305455625,0.6819775417855867
0.8740924351036194,0.12194811274823701,0.013459248386558632,0.060670675765245215,0.6776739095469231
1.0078182660175092,0.12099221620538947,0.020970976846087647,0.05924864942465176,0.6743882430173155
1.3241724733379525,0.19265809775582332,0.07494538652858115,0.062331652896267985,0.6731991437234488
2.9006841423519134,0.11917314766201903,0.016935183921987687,0.06555005696437113,0.6878672778522746
2.06072834390875,0.16535523719172288,0.056230597639158664,0.06714786815119743,0.6832297718764782
0.3804618056122548,0.12602836188666186,0.010801142808048683,0.06938427737066326,0.6705342963811047
0.31771320395440794,0.16492478301202013,0.04832186033854711,0.06879695109304967,0.6848595416071053
0.560293419183482,0.23180535392047183,0.10722087404243069,0.067415852686584,0.6796013348603959
0.9155576726360714,0.21289502116462097,0.09667281417485986,0.06707840368544571,0.6779882990065148
0.9670214947049408,0.2018375244273469,0.08089151659888498,0.06553472519169588,0.6988263424130293
0.45714317784879394,0.252735207660585,0.12899773781851281,0.06851376612873894,0.6967852873326086
0.8885029672456414,0.21384018277249364,0.09906005737564891,0.06543286219090062,0.7065303528805011
2.5973179209814816,0.22434330711444747,0.0968353553656437,0.06687218022053955,0.6972434654081925
0.45068442940716197,0.2285345272167622,0.1057451211809876,0.06648366041895402,0.6920265208999801
0.5211016847414087,0.23989808971312343,0.11988712069285754,0.06652917602995043,0.7013201990358499
0.29482524885656514,0.23137378592157418,0.1124530344004515,0.06405656123652761,0.6981336834825875
0.926743163315829,0.3974106989579073,0.25815920720000357,0.06307041559609243,0.698999757483794
0.975597335665051,0.3641787718215205,0.23575068973709723,0.06027330160291959,0.6908024992031576
0.5543936887017606,0.3358483937315952,0.2092092325501615,0.06041120239105649,0.6951813400570849
0.6215177955491553,0.3426507996866303,0.21400956755820386,0.05911692241501194,0.7048368141277064
0.8024076593941101,0.3070026769142251,0.18261664534382877,0.0577481828574246,0.7173514921889167
0.3644635995333744,0.2885624042795296,0.17088356654371015,0.056069464119419314,0.7126743249444282
2.2950975180820277,0.3419246567847937,0.22486933872064344,0.05575110112192246,0.7259031129875797
0.7413254603537305,0.31640787378730734,0.19567403760486063,0.05316451547724342,0.7205332768100715
0.6518922573420151,0.3490749992359792,0.22580824189301948,0.05287206940831814,0.71206961365401
1.2567745873537106,0.388892791622256,0.2652173974298312,0.05221410122438368,0.7063964375613436
2.1102840295911394,0.4458558435174319,0.30427318959392013,0.05468856314311445,0.6944130120699397
2.3116054206932675,0.4888171473603923,0.3444551313671955,0.053867159722741136,0.6758253818139249
2.1386842749011628,0.4242064651400375,0.29554749122692114,0.05413421074451286,0.6766035961273009
0.8936065724042646,0.3371723725843846,0.22276223749487334,0.04962735672408272,0.6662735474242129
0.5588720615988565,0.2856216811790384,0.1776260146746813,0.04875975749079467,0.6457659454548771
0.3335066812818905,0.254328187350333,0.14832426065141438,0.04762051635999866,0.6206893145468761
0.6667332693833742,0.3445481622041984,0.22786306300640874,0.04939676340354696,0.6355758099550176
0.7360524857940409,0.32677219501506166,0.21461376250514472,0.04810446689233058,0.631491393262056
0.7625936801601064,0.36232325338921956,0.24315717199038242,0.04942941538826234,0.640319521913942
0.4848566824870103,0.3229156343694892,0.20919732584050826,0.04798227741380515,0.6302476623991567
1.214355175640364,0.2232361363845537,0.11719044558117013,0.047415868661000664,0.6380689006225224
0.7532707735575442,0.19360830264134618,0.09160468958212566,0.04766646345937837,0.62337208580007
1.1862200689749334,0.2094482787552332,0.11511847558073057,0.04587811855691724,0.6035818410653248
0.6705951668417135,0.27816445820925306,0.17445701896775986,0.045870719648383865,0.5953460607602177
0.744302675498148,0.25870254804520393,0.15260069839984772,0.044790967559803684,0.6005089095193173
0.9390292162595641,0.1840184165913969,0.0867594699835869,0.04325172271869132,0.5709457215555566
0.8742618935124968,0.17954063004671855,0.08926605267073329,0.04380461549722447,0.5635198811434708
0.6249500284066477,0.18350094534234537,0.09124497122804655,0.044527680191615536,0.5843290373468206
0.737916822185498,0.27898139607468,0.17510232750048904,0.046227485450807015,0.5767959999762383
1.5110542463350853,0.25333991789956717,0.14368465931803082,0.04706044543616308,0.5673949010509206
1.9722713324729453,0.175094717483853,0.08369262479074663,0.048069417023612226,0.5808006972129454
0.3310441061434123,0.12015542118252664,0.02672520636872259,0.048511148241418396,0.5719016689128763
1.2967923699478752,0.13919594037944213,0.04963068303001225,0.047926983852187674,0.5569109036674708
0.3280044405672836,0.11884058253810614,0.025961206566731787,0.048378025001752714,0.5676676256742154
2.234848178074878,0.1121782042789338,0.025442656422503054,0.04928222609523256,0.5831342874933816
0.4381062555151538,0.10979978296647429,0.014487407573364178,0.050107143729914067,0.5663064537022668
0.33102949305885004,0.17044696360181824,0.07063855862076157,0.04996578898377477,0.5649965896824352
1.3743816202144024,0.27560490652178754,0.16171965538075384,0.04906007829179106,0.5543681161367885
0.3545821934695149,0.25986266795345464,0.14889879795459157,0.05178413248029272,0.5586393016716439
0.5168451976036174,0.2835821715722352,0.17380578891313606,0.050582312739929296,0.5665690480993792
1.3395429452410232,0.3275771886511274,0.20447969111146624,0.052254972162692606,0.5573886997613724
0.47116427677572875,0.23058876775094778,0.12570363268476548,0.05175700519123337,0.5485858655799876
1.0225795347499365,0.21577349865319487,0.11376724070361924,0.052570675557224604,0.5559908880533673
1.481654800464382,0.25888661485925163,0.1406920890693725,0.05522463581271729,0.5813096568341252
0.35854311907542585,0.26810343443798035,0.15526241724774087,0.05283244166929267,0.58675234300771
0.4167847582225472,0.3041593806920364,0.1847450676704115,0.055446729004532146,0.5973082437569862
1.0168889382487627,0.40196440918658033,0.26853469639054534,0.058051342793708764,0.575040702897116
2.897180659423039,0.39983112272219606,0.27099557761141846,0.060427386779407566,0.5795115508700724
1.104887282829504,0.381726870860722,0.24973932259092804,0.061482712848291536,0.5862577061649114
1.883411086607135,0.3044094783368614,0.1869345354463499,0.060273826116091216,0.574012731750526
1.832624395073672,0.3897188594145035,0.25707654750964865,0.06341554967057028,0.5544873166459094
3.432958170742022,0.3989479756339145,0.2659088661678653,0.06599157978702626,0.5275085659943218
1.2984799687775854,0.40888155353602484,0.26583122603393483,0.06315032463182833,0.5245729001251868
1.9479412903690116,0.42271331469490864,0.27853657286427025,0.06041203396244119,0.5359226174286549
1.0596374056744642,0.40972876698200505,0.2739741327995891,0.05843707537796472,0.5231805412118631
1.1411989352061238,0.3540047688459033,0.2242507365623182,0.05639482062135096,0.5252206105809557
0.767625179258978,0.36397681112406466,0.2404615990589528,0.05365560940544835,0.5166993385687431
1.3490732434160086,0.3054129972550486,0.19530899575530675,0.05118152425253604,0.505955043705835
1.1091479209436543,0.32920522735083374,0.21493479568654916,0.051440293869681936,0.5109019527096188
0.5050128551179633,0.32987965671285757,0.21070179124873115,0.05248742865092547,0.5239347247992201
0.3184089324722243,0.2527196518421248,0.14312214895929382,0.05172519413677973,0.5172877801154078
0.8344473291257269,0.25397269208605266,0.14338671152856355,0.04958225923043506,0.5147014302398042
0.7444674918800079,0.2724826980148024,0.1643662274670947,0.05139784232490699,0.5048911949417804
2.3958004200404903,0.33963463168064645,0.21438347336681707,0.050752195557740326,0.5036302465785079
2.431956084237004,0.24749200516805603,0.13034861865652908,0.05381546396384746,0.5151137083780296
0.2948120366818643,0.2126538856162003,0.10593482534941524,0.053747484068994426,0.5281336783019895
0.6091764583528452,0.22767522587884811,0.11352415158171099,0.05694703053733948,0.5450289556381861
0.42416395396091316,0.1639901144569881,0.05992867877259093,0.05412002973413234,0.5469453060524869
0.30673411117954685,0.16223289457832613,0.058330621696983394,0.055597155316617144,0.5363145679488059
0.3328768463952445,0.16045440511192458,0.055938693783647055,0.05573915605236042,0.5397712082616837
0.3512208682534029,0.10464530307066405,0.0044514959051937045,0.056368427775767185,0.535688680429998
0.33476422490162594,0.1409240659869168,0.0388901232492543,0.05629839619750958,0.5311554788660331
2.41464411625656,0.17521784658859796,0.06524555643596894,0.054309588756428384,0.5431006672635648
0.37364353340358847,0.18993553743354777,0.08504377192483038,0.05532009605926273,0.5353540640350289
0.31599028663926954,0.16135760633525761,0.05407761508370196,0.05958965240701174,0.5158147053200195
1.4013136958795107,0.25765804377926915,0.14616381714858737,0.05867600832891786,0.5346502634038683
0.8297656820619136,0.3041955476273707,0.1867290578324517,0.05725371008957896,0.5405821110774824
1.516835114565366,0.32825628656242917,0.20889208454403735,0.0581021601063025,0.5384378594544126
0.3828577009660698,0.28635906512210996,0.16626938148863243,0.05809985662339816,0.5366430492112354
0.5856900196659687,0.3038367718284378,0.1801525950124891,0.058292282108676166,0.547919407480628
0.9343096705718303,0.26601809225951345,0.15402231729560176,0.05687932723383893,0.5436116335480347
0.4194901324061742,0.2311599537672001,0.11782798667966005,0.05668112430675442,0.5440357043457094
0.3187758729507869,0.25109250138277944,0.13879101785449782,0.0555019575966562,0.5576629791072817
0.6681369679370346,0.3015564895277012,0.17972112228933304,0.05625966949541123,0.5676958456358572
0.8830556429159022,0.262673437050008,0.15061713017367978,0.05718633797455159,0.5796985386489655
1.0969908983488352,0.2681911678413837,0.15387678759019552,0.05953895837949576,0.6122455173862498
0.6663212526033904,0.2547565595351022,0.1357621910811899,0.058711121093028985,0.6104650306035438
0.9701533571865829,0.3231370703360569,0.20191857237248037,0.059073759237889024,0.6103481299146882
0.5495575160802799,0.3102776754057542,0.1856586988713823,0.058783158566861636,0.5994573395961779
0.9435832077667634,0.2979714517891879,0.1788325562700765,0.060273396190791716,0.6005386422730911
0.5974107439988134,0.347299718686214,0.21721995154849033,0.06043957272332107,0.6064477088705149
1.3548835807503454,0.3286915374480777,0.20703264776697147,0.059992331126366295,0.5905314737942086
2.901285836519529,0.3685977473007294,0.2290369599755221,0.06086196422178605,0.58931043721077
1.9585889402996655,0.3195109414301873,0.18910927614837952,0.05945619585425143,0.5861586555102338
0.5411241589043061,0.34202184181902084,0.21313901922818018,0.06086776556178285,0.5825939515617741
2.2325012269183993,0.4235031623082777,0.2874204559398648,0.06229381066023691,0.5737372835455234
0.756213450609709,0.3723574927205559,0.23616511778347782,0.06527745202692027,0.5485056584027294
0.8704078840367023,0.3366241498921949,0.19818552505889717,0.06832818781087925,0.5504247782515264
0.48765195224587227,0.32164859953716396,0.18940183697682594,0.06590605887818997,0.5570379995052023
0.924996923322762,0.38219806115285077,0.2391534077912085,0.06777025729569622,0.5499525365497954
1.296166829537249,0.42878690898223704,0.2803138156696304,0.06711554731871369,0.5693151718563892
2.4066663413357454,0.45537701408390546,0.3102883987758355,0.06612540066913936,0.5704564829786106
1.6607910838913813,0.4522145925726538,0.30366259615501223,0.06698564519536009,0.5892029825035446
0.9187510434986234,0.3851138706795808,0.24678357027784947,0.06640767342160812,0.589865723653656
0.5032302609466164,0.3296885182821464,0.1978382916085213,0.06468546210253709,0.5928035505621048
1.0450056084256254,0.30349448379731764,0.17971875889109434,0.06465633265090628,0.5760146034864767
0.6332092939082195,0.3210466780629375,0.18876729833958789,0.06491284669542673,0.5790285771080177
1.9065332649496445,0.28237847115510495,0.16392469456783765,0.06406835112361345,0.5475318123995414
0.9139158193954349,0.2692945914715524,0.1441549910057593,0.06248715074037168,0.545718360804511
0.7527505641290019,0.3698267699214947,0.2360202452579524,0.06324632644833306,0.5441945366238009
2.7068780504307854,0.3899568292141914,0.2474970756831545,0.06124165958846278,0.5372181682342417
3.0073483722215824,0.5013769890874555,0.34460485447588907,0.06143462031883915,0.522710997514849
3.0289291955872497,0.4979088052406863,0.3526168100888389,0.05874829749040447,0.5054306518994193
2.832421598533878,0.49930675315692036,0.35185472314347344,0.05979134747897531,0.5055201420117109
1.7527099741318026,0.44411870503667356,0.2971567918282783,0.06162933346415302,0.49418722170324925
1.9175596829934214,0.45543972155068185,0.30609775790458044,0.06228748203782067,0.4988264408551631
1.4949227433385155,0.443040101856106,0.2975566767797545,0.06198268621347519,0.5049833859056585
1.6357871598186446,0.4320854512832915,0.29318094369875597,0.06129329415422511,0.5053915227534118
0.7514619923997677,0.376208676947197,0.24279531195719312,0.060685278841557284,0.5098148274487596
0.5414769376922216,0.2963988691839036,0.17241856114752752,0.06362138173320207,0.5121792989995598
0.41778736834937996,0.3070812655827863,0.17966927074106512,0.06438449434051025,0.5145413516983212
1.296207966548659,0.36762906928224104,0.23590800293494127,0.06433392758641057,0.5174871612303594
1.569305942534337,0.41307497353732076,0.2740408480038184,0.06504176201746374,0.5164695696099567
0.6865226816257008,0.36671050930923227,0.2330934521831274,0.06267308656466548,0.5106743898490427
1.103100217346235,0.3701593088096003,0.2341191399653233,0.06104518532841247,0.5079888666181441
1.6164234219693037,0.4359431931991709,0.2948390738783755,0.05710202158436196,0.4821896008378642
1.6632460477163273,0.36905918361546797,0.24229285707303047,0.060080129472056376,0.4818885877450891
2.0343483579317123,0.36018149304427405,0.23769770608645807,0.05797467818062709,0.4789038196046244
1.2364521728608706,0.3221716439292121,0.2034008393551019,0.057494755295532,0.48630048329651876
2.4119184604349475,0.329315771386524,0.20956793021029083,0.06039321497892185,0.48722084046708514
3.8528069337393873,0.4622591691686848,0.3240428851710379,0.06124676907688819,0.4773044907623085
3.4792887507099044,0.4678790802197332,0.3283355864357779,0.060661812422287666,0.46708899681716837
3.97126860048303,0.48675625926770116,0.34550651881405464,0.059821949850644957,0.4605691361604404
5.72907583731422,0.49156785185466756,0.32937124642020243,0.0626005490183836,0.4571158281063849
3.122598140044099,0.46572331420664687,0.3105378670889236,0.06337817015848245,0.47489487662770535
3.3716767901202167,0.49483477227947004,0.3464776881348681,0.06400079342579376,0.48900816989245327
2.2152276598280416,0.3886798711050747,0.2569574442723611,0.06356625944901217,0.4688876694908498
1.39301743351041,0.4324088803864084,0.28484246153737774,0.06520453263162061,0.4531037436484598
4.9341282765615135,0.5840423146291287,0.41570574989091363,0.06461786506106851,0.43360986441892074
5.72015719519199,0.6008642720040509,0.43048094359085876,0.06510430487088328,0.40116265494589165
3.44882033391797,0.5388673524611308,0.3763699669411827,0.06636115260764175,0.4142701044291043
2.5786314341051946,0.47124683867931577,0.31235651345437704,0.0678347033394971,0.4020755815314959
1.59702795699913,0.4499366244592521,0.29884450584466676,0.06637095268815132,0.3970878824787767
1.2966015510641409,0.4326882060414854,0.28250227106019676,0.06883541587073265,0.40264391108390324
1.3750983780686754,0.4087719906919858,0.2636606519018989,0.07126138593234385,0.4050192643843339
0.9982536778106933,0.39073523832525464,0.2421277411292351,0.07204808113651222,0.4078796184146115
2.943756446308666,0.34158363370862593,0.2065359177329539,0.07544980474610131,0.41038492724030556
0.9779515389659613,0.4022963094681469,0.2493663175548027,0.07565284453358437,0.3934300057318588
0.7621702938025352,0.36937611741398196,0.22542240503256422,0.07398113877076586,0.4010097959959071
0.6211645673584705,0.25516209869379214,0.12192777774792278,0.0732472921360274,0.3830213683890458
1.2186718758918953,0.27110905941532987,0.13235915977239102,0.07524965823612462,0.36661891268561847
1.2261556775332718,0.18800138071813172,0.05690169563905127,0.07650460450999555,0.38549477675585736
0.8701460449869384,0.2608581282315967,0.12205896377665555,0.0774205206975856,0.3794390629998709
1.2249162325794583,0.2836402218812852,0.14784819922484643,0.07988649834521727,0.3789706998535129
1.8056728368202286,0.28534746465434147,0.13970264014948947,0.07941140988738365,0.37202389492478727
0.36366215247329736,0.21990476203460396,0.08415388389211786,0.08102460250078021,0.35435167313825977
1.0771960944139052,0.1978886834540716,0.06279098630362981,0.07989985424804433,0.36535957168768046
0.5610719349238824,0.18745556688844237,0.06222193546303951,0.07724574540469849,0.3648671474817178
0.5386489746426981,0.12367888848831406,0.004126057063271522,0.07691369645102036,0.366231970429516
1.510296571414541,0.25798546829276225,0.12018282331216523,0.07517590387915521,0.36936379091988913
0.6054694627862371,0.17175714643632245,0.04613614588650705,0.07429897105292087,0.37065242098935625
0.3247403464965041,0.162871831560216,0.04179620251980444,0.07242988866681598,0.3797120509850161
0.3218269305694226,0.15678500755769786,0.03925155310926495,0.07035755941924869,0.3873139913662615
1.4600923804193264,0.12620826064371174,0.01586275156568634,0.07034590793462803,0.37643772198993347
1.4681189799572993,0.12591902144217912,0.014831751028339366,0.07113185265177009,0.36671871625311925
1.731187791887116,0.12148465772692298,0.011001980518842248,0.07146778842815964,0.38291611056387137
1.902645277519783,0.22678411425910333,0.10702172309786437,0.07154476628592789,0.3830453427045613
0.3229447808352421,0.19156305154577968,0.06609105796899609,0.0739846402566839,0.3889647843105395
0.8659203257076096,0.1269036194417787,0.012613254054121802,0.07267410225218679,0.40592812664049555
0.5260535682641787,0.11894915361240482,0.004409824954545168,0.07217889115928272,0.39910836740690875
0.3083988044555081,0.18968116080904293,0.06434452195189992,0.07431473502567233,0.39648551857899766
0.3455297315531617,0.14707466791755658,0.02415433764324129,0.07556502328434717,0.40749812558596926
0.6388383600063792,0.19818377572049745,0.07827105475081068,0.0711879480588,0.41113063690418195
1.657577284171175,0.15608680771799366,0.041099286394949135,0.07298417906265535,0.4096680013815436
0.32714007491624414,0.20596958575002913,0.07973102270022421,0.07323186647728089,0.42445728895152013
0.3452422555607874,0.21492305062005557,0.09021348994155838,0.07266290238200569,0.4331010112631585
0.6881318299305355,0.21780803801117857,0.08721900637657279,0.07442954755657225,0.4480427261093034
0.7032837158352259,0.14602898202229328,0.026047684245488242,0.0762684527927427,0.40715288810916767
0.4747779723390297,0.14016665835853725,0.016798915539782383,0.07560924241082927,0.41380976245720824
0.4645366539404684,0.15686831222055114,0.03387769868071645,0.07373139265703814,0.39524444590847074
0.582978905860669,0.17692573103112277,0.04800679287446147,0.0772495395120479,0.38215246708689166
1.3341159899382138,0.18030577120307548,0.05623346886442543,0.07924343947203741,0.3845138828763681
0.3057144816191664,0.2208689375582024,0.08714960064377415,0.08061844245523256,0.387198311750159
0.29522882548004814,0.2153769487628574,0.08576329378044764,0.07669269215594768,0.40542120634512757
0.9772348559355161,0.2102910710205354,0.08785722268475679,0.07372170069164774,0.40549108907187453
0.7196255062101209,0.16047067276308402,0.037185221774898046,0.07259883861604256,0.38766249738360276
1.0355513902100715,0.1384654476870612,0.02332919903677292,0.07309449532642096,0.3944139136573911
1.540215233095519,0.1235002070196503,0.001264819110350323,0.072854470353969,0.39740771933067537
0.3477678049551725,0.15194391510920327,0.03108140437341655,0.07456346180299078,0.41999867627658094
0.7710634640579059,0.23475601234996774,0.10184369946161277,0.07467754880243323,0.42659803029089044
0.5645220044557293,0.19216096235346397,0.06806877025576519,0.07570108204533287,0.42248229652126396
0.2953864955882558,0.21960997882136105,0.0906128649454767,0.07526306129138824,0.42530607509962004
0.3653027791271793,0.29080935923124823,0.15443706962237827,0.07442014176322016,0.42116618687600677
0.7292958787420645,0.26059731925408375,0.1295712344032163,0.07615484733319883,0.3820053679571449
1.6803328047369261,0.30222912930904217,0.16934860953278066,0.07575341615560698,0.38131138992428104
1.084790631198195,0.30035581081648105,0.1647072203984733,0.07726246460298505,0.40369788273134655
3.0849437479325528,0.3394621673663787,0.20415613069832575,0.07625068321547789,0.40172195667050586
2.527914308940307,0.2769425094831132,0.1483968922757755,0.07616551998753905,0.38761002916328874
0.4418513373228284,0.3037409294255345,0.16134172471827726,0.07826428806551498,0.3951441448933003
0.43113535183439883,0.3201382190719142,0.17929812792692454,0.07579672470214834,0.3902916485739707
0.7210048353914572,0.3722148833592765,0.22641887506499203,0.07300281474274362,0.4189715047084531
0.4913362231782687,0.3336640092185626,0.19685758682225254,0.06975501384081907,0.41903606193287435
2.22389415606985,0.4650695401861612,0.3113217393146802,0.07226723092572672,0.41297157771400994
2.7612888061952083,0.46756840130000654,0.31468725983152135,0.07273938269454629,0.41170776224833755
1.1971247746082043,0.41003880548620697,0.26026805464427943,0.07030033655788177,0.4199628281099706
1.1181575629283234,0.4174132159435955,0.2699168809047227,0.06998095731557906,0.4269855580425009
1.6081410740537077,0.4125121984198677,0.2576991203490759,0.07343509938457585,0.43289412527517096
2.3902936089997073,0.43722840174391614,0.2795430614180339,0.07114866683192611,0.4051579596153018
1.3784067971870446,0.4378372628230387,0.2874942664622097,0.07003939990203699,0.4139088799256501
1.1000608993121705,0.41683003462428214,0.27012231119270397,0.0680496633299015,0.41556879535084373
1.5209212242935124,0.38074075174887817,0.23763918508791915,0.0655738574832162,0.4351381691971318
1.3137677169665343,0.4098758032871299,0.2652329073866109,0.06452424591061161,0.4268284220247196
0.9388253792371063,0.39681828797117147,0.2572740333972164,0.06481121173398745,0.41685293311949156
0.7560667732536741,0.33766425046859266,0.21013355589832594,0.062267690211685205,0.37672166690820186
0.7760014585022622,0.3038966631130911,0.17497512265087653,0.0626438499303084,0.36783268485176884
0.5532391380663203,0.3272870047980989,0.1967577763064087,0.06567047383704389,0.3759576021394098
1.0616483234421203,0.40316206589031556,0.2654372636753939,0.06256670710293538,0.38118929585887174
0.7430837248071617,0.3705496095733766,0.23605353414830657,0.061604962582158626,0.38757677228677617
1.1319495421169263,0.41648569452449424,0.2755256157940478,0.0629849192585083,0.38392748920081887
0.8331854181370263,0.36228304707245657,0.23063899767143287,0.06291836911587825,0.413016850161184
2.2409552329337954,0.4462265723522483,0.30321395586239774,0.0650371693088913,0.4245819594235765
3.8399118577277203,0.5152934526286671,0.361211651344429,0.06666827299832012,0.43463972910482024
3.7976370360315084,0.5394159097123994,0.3749323808848719,0.06346486093565315,0.41995082678229234
2.615803618444298,0.5053066130598515,0.35310764209164835,0.059859412920613815,0.4086439075926375
3.6538943264636696,0.5445140387753225,0.3856611326704919,0.05972483148140506,0.4103312952419178
3.2896473277731566,0.48334036546924986,0.34275532204398435,0.05797047723518782,0.43905618024938975
3.841506338540932,0.47705324063273535,0.3264528292978736,0.0556898330945847,0.42500495120050874
1.343476307859116,0.31448397796849337,0.19674670658140123,0.05776156851635219,0.4377035004968412
0.5814286645582536,0.34497777456887624,0.21586888030037996,0.05981522773871195,0.4536934413118495
0.9398921762934548,0.36552817517567593,0.23086458082528988,0.06081602727804463,0.4420379998896503
1.5015031201280824,0.4441361527257123,0.30044474278165134,0.06026881604064325,0.4415864603400821
1.1928406576235462,0.4121364199055624,0.27267167141428894,0.05985064855842977,0.45521416551039573
1.1561218549339771,0.39366789489483145,0.257087738585248,0.05875457456327738,0.44027338017878365
1.091620891151708,0.4096876159701955,0.27425694380290316,0.05869178643196601,0.4255447937584171
0.9697737890783936,0.3819554028739729,0.2484297155421002,0.05780871369753317,0.4071378497046877
0.6407964703764492,0.31513121109498055,0.1942761526762647,0.05378088786037499,0.4161227463379924
0.6778165811602307,0.21191506251012654,0.09785142520584444,0.05821653965217752,0.41090508935900344
0.34413468041322304,0.2179396513139357,0.10345280095461898,0.06190247610762085,0.41136908002851913
1.282522356304277,0.17895870388868954,0.06138335901907412,0.06355020732017047,0.41916435491039655
0.8684270058035842,0.23778571512719054,0.12299232664728166,0.06269655368649794,0.420914357432138
1.432443598489893,0.2326408615175951,0.12041777493333836,0.062212956888359136,0.4121098433756096
0.5538222652571063,0.20052793128133797,0.09007808296770396,0.060954423860606864,0.40388466393336925
0.3092542852628674,0.23418610918906316,0.11470866126738662,0.06469917294115893,0.4148888591123189
0.8037827421613647,0.21368564643666266,0.10018777452379672,0.06373822014629231,0.43260487514821666
0.432629568586067,0.20839609991637698,0.09273848102251463,0.06480851284860174,0.42642388692861194
0.38112800729419904,0.18925287652859907,0.07577295094014147,0.06411067022576271,0.412995894054519
0.35302494688688135,0.1691994630736854,0.05642234206710146,0.06499110920290564,0.4190806490596356
0.5107933768082242,0.13500255527790733,0.02690792110162637,0.06430461827421671,0.39651259535167044
1.5514134165461182,0.1688640322712141,0.0489284956175651,0.0663806169219064,0.39180604611792724
0.31340155513588547,0.19370246824746437,0.07521724897329497,0.06679782728673923,0.40184329685207254
1.243042206355049,0.21135784947846634,0.0869993323430009,0.06719809505443651,0.39037647156022975
1.6496480961954496,0.3373403482338298,0.20847515796786065,0.06683637183367935,0.38346121094254176
3.4128320507614984,0.3663899491764705,0.23820405048554713,0.06568571349890628,0.3809738259176802
1.5635720823333685,0.3492636421501776,0.2195094401614402,0.06580214179486854,0.38638416672747516
2.0550644903592077,0.3152461182243586,0.1791697927940658,0.06550163244706936,0.39939722606617983
0.8321725433538278,0.2819182135295996,0.15810862320400104,0.0665924636730489,0.40566910087165686
0.3963776049084835,0.3043583155899508,0.17173807701965094,0.06971049938861734,0.407865039853898
0.662141932491376,0.3022615704060194,0.16695880944074787,0.06986158826138411,0.41183164099456027
0.43562818041820855,0.2799779021459459,0.1478441552155723,0.070397753399681,0.43192018733985077
0.49714008435405826,0.32462127546390784,0.18946551351169896,0.0684112785034652,0.4214736846642362
0.3061438351660613,0.2500608329160491,0.1241315212819258,0.06884951319358232,0.43256525028926535
1.1060717300778955,0.24351794505051574,0.11016452328366921,0.0732216983191573,0.4251250593516055
1.9088998641545185,0.2745941581360288,0.14725719829653391,0.07401986028565528,0.42826900934082246
1.4538391470520566,0.2235988050506308,0.08875174019779766,0.07615182802972363,0.4040714773630219
0.294140122340813,0.22505172842975796,0.09342356212327925,0.07755415945195303,0.38927861385374773
0.33211813772111604,0.2579448118552684,0.12050703111044064,0.07910589715733632,0.3865146191799635
0.3291542214946306,0.221855695997336,0.08859839407990588,0.08041803526845422,0.38639655834234726
0.41361319980209543,0.23668179645213905,0.0995098251310295,0.08032898377321805,0.37291757336684983
0.40564101420341037,0.18938341288491284,0.060093358299917445,0.08029457676603388,0.36916676945931165
0.7103108310239727,0.12393067367479828,0.0024272488641257778,0.07961694032744232,0.36074737648481553
0.5864617843935018,0.1567284042901921,0.03058701325583573,0.08105345273287182,0.3486757052943764
2.581471394195051,0.17452038931849334,0.05187060530981612,0.0808327340275616,0.346124463400335
1.1144257161134585,0.16588654380419213,0.03892176385326107,0.0828707761044132,0.3330813657530326
1.9326042841490674,0.15245351686444056,0.027644613134094248,0.08375887722998826,0.3362957020347132
1.791734374546469,0.2348094783762043,0.08930561799945423,0.08507430475863192,0.3273952260018432
1.6983992716116987,0.23712713236137264,0.09042417026384206,0.08619473610975475,0.31967383698729634
1.1486776083536154,0.301062284104455,0.15582126803442303,0.08707865852420626,0.31991513457167337
0.45816307243980503,0.25946282089319295,0.11614006324454387,0.08744543702761333,0.3119109400636782
0.7755452041927485,0.2960999394002804,0.14671675746558235,0.09065185855556208,0.3022835822273151
0.7458844537697641,0.2869036240491198,0.13780606424523548,0.09140562860219985,0.301595808097628
1.1312893705853795,0.3473212045269459,0.18975189886610394,0.09329179820180619,0.2913488986094608
1.1733848950246382,0.42019712588900815,0.25020685750544513,0.09366839798795243,0.2987121961875046
1.5820913953083608,0.35713053659977967,0.19734225503355904,0.095642907606737,0.33253272722270183
