49.099990245494396,0.14788585814687596,0.09629885266704027,0.004015548233127052,0.27572193469032535
13.868781794347539,0.15761780828782887,0.12562369227394757,0.0033428080128885696,0.052142797765442644
2.4708948753816964,0.19302154791506873,0.14655503749142532,0.0015791144268479799,0.04238025141412035
0.5951444823163191,0.14367239858229436,0.09210433452921556,0.0018909972897907814,0.0559259660410395
0.4086239732426102,0.10639620497323483,0.05752225702847963,0.0035690568311431622,0.04254836716814755
1.5892839332756254,0.1276026240279001,0.07249587362399687,0.004426712285076227,0.03445616554938556
0.7799526003027002,0.08990850316757851,0.04068162552170895,0.003671401751091202,0.02555830024482949
0.5622584961430661,0.13157662133068293,0.08152204632935939,0.0016407702491896986,0.03470836695641152
1.2650646538307921,0.24136100127674578,0.18871271683589913,1.0530775774268957e-05,0.048571118059704786
1.8848224830748237,0.2754957368073857,0.2065396242684464,0.0020006613627943167,0.0371140260117173
1.8031164701684081,0.3033762875532919,0.22673283142780729,0.00649515742135473,0.056496642525660126
2.19280344847073,0.3103520454322082,0.23152993438933153,0.007100041873136518,0.049714280475721996
2.0909875832933555,0.40503135427134085,0.3246880961998625,0.006466618374881957,0.05063530751838719
1.1410219148674858,0.38874262938491533,0.30522155077805935,0.008250894189698734,0.04158398443580978
0.6398945637161271,0.30926469496604553,0.23562665418413162,0.006362345346438094,0.06261463404891525
0.5644288754107981,0.2809364943063944,0.21115377239414104,0.005915935586381083,0.0731294695631263
0.7597262086408325,0.22291101355964799,0.16048533607228924,0.0041007259468126885,0.09009426680003632
0.9525746268603048,0.23513142108485385,0.17490879394099762,0.007482222186710433,0.09215101273505255
0.6170655118706654,0.1823805600374391,0.1170742588216746,0.01180204325516742,0.06991697870420355
0.548320763430979,0.13847309686331075,0.08080962072496595,0.013171903142942759,0.07147067254860265
3.447620358534716,0.15540288493116802,0.10279676901268545,0.012978800799729377,0.07127226359272215
0.6141570414321804,0.12261492693325504,0.06537558227640582,0.014410019940422297,0.06588319886885582
0.3370205490974919,0.09552816990213196,0.03758022928845706,0.01450651563826314,0.08535494417258747
0.7052906741565389,0.07853505479515203,0.027077476655074834,0.01249954248040468,0.08245253385983849
0.3166796573452875,0.12315911879668204,0.06187410584980757,0.01570971899306326,0.08139672592396317
2.0621352075469233,0.08146485035561332,0.025784361665108266,0.019926793549677593,0.056553888367982606
0.7581332622836207,0.1438295163778753,0.07678168074025507,0.016856069745711952,0.05655258063343069
1.7170548024888634,0.10918391806908737,0.054112073823232444,0.016449789026256875,0.07219214810748949
0.4565338430585129,0.13394316463488903,0.06938964793576445,0.016512593105248056,0.05752466632187269
0.3093768192685412,0.21640052329921336,0.14391869011778924,0.018410454528438727,0.05176329613447548
0.40927555314362296,0.16744415129673867,0.10064281373061819,0.018866359986366387,0.03266798831928051
1.7456589628640558,0.11954173164262402,0.05975940007386637,0.02035071133188219,0.04115245877483622
0.3848514498366779,0.07253065447905321,0.00968388484019022,0.020672935846932878,0.05269493528777225
1.162283961191837,0.06812558658668603,0.004445312564453013,0.01889057929112238,0.05431932798751002
1.07968319719491,0.08249013761555829,0.02563101520667503,0.01881609587748078,0.05777522483419454
0.880920563318897,0.16115295037073335,0.0872856281897969,0.021660926538678515,0.048231290181356905
0.7381727596811632,0.22287399637563474,0.14946746736920544,0.021380524380035303,0.052781857254314876
0.30345710343766485,0.21285445342110124,0.14009866306970725,0.018966735122234974,0.06013111494547784
1.7438898987930826,0.24537821730920412,0.17273292222316905,0.020851136310053732,0.05786805725096915
0.8701226699955608,0.24547542498851427,0.1688034387723875,0.022526345843397383,0.04354453975917115
1.8721063331294385,0.31240199197819096,0.23250814473661374,0.020015412670820562,0.04557975268668759
0.8173425472994301,0.3213033477335209,0.23120194477585376,0.02067878633456243,0.06669100736223668
0.9429325900232864,0.255459256709595,0.1727277248699796,0.020381460065654826,0.0834070012760723
0.8249386475349589,0.3356865167843235,0.2426841121761455,0.022059881737645018,0.09730162615733372
0.7875892155891044,0.3063419161805167,0.21831122461666347,0.020385676987139743,0.0644884525906472
0.8263558545586944,0.3118153976010866,0.23188911788135227,0.016957856718405443,0.06507214007483161
0.7075872129842151,0.34272718961632603,0.25754327739115,0.01459201790951439,0.06325628781364181
1.7143263978894003,0.3915603698447012,0.29570719355447606,0.015236647902385424,0.059680338305411355
0.862182836277502,0.3514350368056385,0.2695640053102679,0.012524615065311873,0.0659835027850876
0.568504633058306,0.3216884942654044,0.2411318952768685,0.013189584283502656,0.05925024557899049
0.40445250264842886,0.27323724282652645,0.19898089002197997,0.01392573595566452,0.05475555176245528
1.4369357401694114,0.18088987096974327,0.10923287912121125,0.0161546248338767,0.03858904291796278
1.0287043365732844,0.22182022081955954,0.1547884857674715,0.016022197954191898,0.04063420401608986
0.34916048967641977,0.0836538236235804,0.02344160470912829,0.01861384133621296,0.017954300574295617
0.514968624719185,0.059242137468899836,0.00035665943348285253,0.016788275608430662,0.004966764001234761
0.9760417010216195,0.11149906179507557,0.05246415511873148,0.018375231585269505,0.024593510216864154
1.148830847358974,0.16302794441596657,0.09619006733112004,0.01368903673059699,0.011828207568113678
1.027143008542896,0.08335674253637503,0.032972869710825775,0.012100790546140463,0.031002318353037312
1.9331817517507528,0.10244127968946748,0.041215069539478025,0.012201253265985377,0.03863919316600607
2.1455961850388037,0.17720808428105156,0.11998636525380676,0.013334913676385236,0.02739762393560131
0.385748407740511,0.1763500138147889,0.11493455272190514,0.012428330310392095,0.030242760850151585
0.8711137231795292,0.0749308033023785,0.015569560463574314,0.014773069599022878,0.05337449215310922
0.34600878375904626,0.11593254351903345,0.05543841243314559,0.01648057742440185,0.05089735751413361
0.31424897326346174,0.12754209652335657,0.06312598910526684,0.018851138335700547,0.06263805884495185
0.4366162996315378,0.08872607718470972,0.030506204287565078,0.01716537445991546,0.07812876290928795
0.34008364356452925,0.0880420162143526,0.02823451272776203,0.01771517609559184,0.06913211705864922
0.6981916974154488,0.05742424271303248,0.005320144062128971,0.014653538889907903,0.07624267099960602
0.4661348511683585,0.057587072013438094,0.0014097926644380358,0.01451656214201638,0.06720937186923115
0.30973746772399086,0.13805211122687244,0.0759356742409804,0.015173884306626206,0.07547956513671496
1.4964317867945767,0.15257170746534193,0.08396434549792145,0.015859817697251186,0.09558233377581325
1.0592020986386839,0.06526700224648568,0.003990088803520753,0.016959966641188214,0.09231733924921379
0.32344017662041746,0.14018658434644043,0.07532207512555973,0.018579332131552283,0.07619237292170941
0.40646697699250023,0.15969054878992428,0.09429139874788382,0.018226023978016787,0.08682612802354528
0.3628453847982661,0.25609816261786367,0.1800404308805833,0.017737381376071986,0.062190466925677416
0.3435955039959512,0.22878736990565451,0.15351728918167323,0.01857395779207345,0.044715688900619666
0.2940841161200314,0.1848935780792041,0.11540750475720084,0.018424982421192594,0.05187618338930145
1.1960846996094263,0.18698729472713038,0.11283064510690599,0.01857730818377009,0.06126340353358251
0.9912860533980894,0.26473052021112076,0.19065689720207094,0.01807845384514295,0.09333204241594122
1.2906792014282695,0.3038171360490093,0.22693614409759755,0.016711886083707356,0.07990492418705035
0.41864339201690143,0.22330318826072287,0.1514319150662705,0.018280654858867616,0.09271600722302366
0.6409683974038409,0.3307455602810946,0.24249801099723037,0.021081368321695992,0.08059192582186213
0.5890644934237035,0.30214767209942184,0.22071894848209567,0.0186379498010604,0.0797709054673214
0.5395737713037144,0.2798280074424621,0.2033967221971517,0.016523208440071775,0.08406962316893765
0.40417341589826306,0.26343012684728845,0.18768763602525854,0.01694326608808959,0.06277271219425266
0.4079824107358398,0.22703308130922584,0.15377496641205624,0.01613617590226798,0.044618373496677466
0.8397841048806082,0.08307262293950865,0.029006451921000737,0.015245346352304368,0.05933213411603826
0.29892043160723625,0.15615392503770054,0.09529194095657985,0.012525857312705732,0.06224751046058721
0.3015373773064378,0.21645222772030925,0.14988612421630373,0.01204981784920223,0.06359516020535066
0.32209060668373546,0.1802377930377153,0.1190582201179386,0.011198672972550639,0.05265271149844991
1.8181761487447838,0.1993150006979592,0.1292687855576368,0.01191703802104468,0.0457746247230348
1.7934365469633167,0.20191326030245324,0.13226310658792245,0.011278427992526797,0.04166245742670237
0.31282229209550444,0.2293118559700067,0.15887726835372196,0.014385484761391112,0.009762606259078425
0.7034389419332626,0.28172908537667046,0.2077083316172481,0.014520218458484002,0.0028756704572272043
0.8072955412678388,0.2527488914434532,0.18252791314362748,0.014873258313344727,0.013693723455212947
0.5773154476286106,0.2626529243330743,0.18992947698036242,0.015123882634507297,0.006604835120321595
0.40549652090007826,0.24664156097210613,0.1710546869225895,0.016411233985453202,0.023862405137479087
0.47877458600783407,0.18412420846921426,0.11778484886976304,0.017199810672601956,0.03620902853874607
0.6118116927012734,0.14734442431256523,0.08011922467252572,0.017132419957216982,0.004384626886526653
0.3696545943053571,0.09880983426667121,0.036649388670315246,0.019727191475174866,0.00203752455882325
0.33930556263878237,0.16949265315719386,0.10013178196349312,0.020588298623831686,0.002314906731063609
1.4422807082579716,0.2384941514007532,0.16787484258176077,0.018767131802138258,0.0029862841974737315
0.9180399035403358,0.25914948867704235,0.17673502128350171,0.019575925919399703,0.01718811445524199
0.6934859599551961,0.31625570075996445,0.2345971399566179,0.017157057841079928,0.023307316134198106
1.1537701689093107,0.312795664071301,0.23555679972224375,0.015292975699425388,0.03825991245884861
0.7953434173593393,0.3085107094682105,0.2307048947864506,0.015111935026475383,0.0484145962430011
2.2305759360842297,0.3754532965473053,0.2917773878293083,0.015306010310648117,0.03687532520985691
2.7845763738328713,0.3917154385121563,0.30706299050428565,0.014898284395632098,0.023106481011549537
2.357705801944456,0.4582774883003085,0.35506872222711305,0.013771862170537748,0.00633663744052658
2.709709926934891,0.4806070499016873,0.3801710462603753,0.011797507584943644,0.004458254902959211
1.9521952372150253,0.4420838156399538,0.3472461759866241,0.0087008056250698,0.009234467093603697
2.117327116315139,0.3590641973173208,0.2725250894049645,0.008766426061504651,0.004542634578097219
2.3184334751628275,0.41992963177474624,0.3345564524227257,0.00934595223200746,0.005818627311891587
2.6288098333013226,0.4457244104474459,0.3570446360633387,0.008478863153669709,0.00048403064026976503
2.1551482246774585,0.4549612187678945,0.3642164985351298,0.005901963433112405,0.013967534287895385
1.1242065007724578,0.35882620911667096,0.28189703481602235,0.007537383597344687,0.002797365023503886
1.552411610736836,0.40598500787350594,0.3246558224914823,0.005021379844704673,0.012938565878844871
3.5556360964063054,0.5114878101270748,0.41216409545837257,0.006286119017557153,0.016971769415308386
3.5840234864489027,0.4910938262695756,0.4008824727959637,0.0031197450012076396,0.014159939757459883
2.2376740240900603,0.4135193236545971,0.32751262674263965,0.0012640227701747485,0.0065790809916999975
1.2059492501822198,0.38448886634356255,0.3094961996572745,0.001160087602622699,0.03619226928401329
1.2564093876126465,0.32945436852606114,0.2562331241830311,0.0011472931321191385,0.02250254334547909
0.5753153849288835,0.3094625574401769,0.24126547488468114,0.001405953929980154,0.025013384166014695
0.5059362808793474,0.3045521073395789,0.23902001088703784,6.663148122776938e-05,0.03491858661643607
0.5934353976736839,0.31752117679964,0.2501044383516686,0.001715693912287493,0.028197162779067406
1.0604807929234876,0.38025935337207306,0.3019223384500163,0.002034367272650906,0.025494385620856652
1.9186961529926725,0.3630332611351067,0.2915979572402514,0.004100575263450947,0.014342031387729836
1.8055314841270977,0.4243736033123242,0.3339690297989504,0.006132309456367241,0.02708109039736485
1.6090170709766696,0.41956133298494874,0.3355425448011748,0.00488317607853648,0.012126034221114825
1.2287188130106013,0.3413777766759844,0.26823606347191936,0.007063787452718314,0.0030578148845401987
0.7175419396937833,0.3349693485784263,0.2608813846582953,0.006354987194249691,0.0050534394003655565
0.9257528941180203,0.31114332793696675,0.24451823484965318,0.003957260632374547,0.0037440548123735037
0.733317132901773,0.30904492011178947,0.23534463182713442,0.005890967898055603,0.0076639583516984345
1.0716640894841027,0.36157615079403443,0.2854923184299174,0.005952919945497319,0.015268754625273767
2.0581214083907233,0.39487303905217624,0.31574473517824414,0.006919783326691993,0.022482173385856598
3.107120336103774,0.5002649210635687,0.3988455730043444,0.006956656825926325,0.03131205600093089
2.991997857881713,0.4963598607947356,0.39993279363288264,0.003916748928576668,0.03578447623048164
2.636623858787142,0.4812493164663052,0.385141820679773,0.006390811818667852,0.034882606177131
2.9855801939110855,0.46208764119814977,0.3640076662692445,0.0058947901389124115,0.036405748656320305
3.3191893945476965,0.4200416846789322,0.3421845739456384,0.004437958391973348,0.04310249074268545
4.013351819376613,0.3407721090537066,0.25784707847872995,0.004684791735225143,0.045168600756542845
0.8428259937516778,0.32051456375811055,0.24887000788765237,0.0020705595556376054,0.05136068981628359
0.5828137967236605,0.27737900803707316,0.21500445271012453,0.002856567754942178,0.04739266685367097
1.265934040764145,0.27162236910509646,0.20981774140122397,0.00558473064454032,0.048006251853348766
0.6711907946058477,0.32868412266842895,0.2564121847135015,0.005380463382911288,0.04362401136613566
0.8299524967693884,0.31062624896304675,0.2428348283256877,0.0048280703950231915,0.04417659898396756
1.6553957643871022,0.23800942695347516,0.1712190139425081,0.00464674420309106,0.045766876073252576
0.578347148034308,0.29318450381168,0.2260086003197686,0.001914179235311351,0.05754472006472354
0.6612907351047074,0.3319699269242447,0.2615906927288057,0.0010012652769227056,0.06061286661488856
0.5703832985408218,0.24985243650357566,0.19323776321640934,0.0005745943866072322,0.05960995490445589
0.6561983764296434,0.2805438079370123,0.21468591649148813,0.0015208166286824424,0.04506957084451776
0.790233720387827,0.3484207799448508,0.27443113344910564,0.002118527774507109,0.03466895679433614
0.8321562202804375,0.3323471804675204,0.25837388018315827,0.0032048753393126685,0.058100168908665054
0.7325830438549897,0.3137302029080412,0.24276153638162973,0.002666513992377343,0.05316306202034224
1.7928912941938302,0.2955701851510956,0.22265806538778288,0.0037198408699139754,0.06737472619532829
3.4302847478886367,0.3913001079148746,0.3063028032316518,0.0007196387814740464,0.0609302056002483
5.552613052511536,0.4192184807714404,0.34859297214062124,0.0013698531864027516,0.06959791357318955
6.797004349818394,0.44135750847929556,0.34520934470920606,0.0006543933956492751,0.08406559207732084
6.277032804692364,0.5439646616782496,0.45101840835985213,0.000832514254600597,0.07625206714549852
3.577583588092857,0.49520134857112025,0.4046676602840469,0.0024252144580310356,0.0725197292897009
2.674262332567461,0.48048360782689276,0.3882152949450168,0.0034215493245493634,0.061723854693097796
1.1847221387789677,0.355839160214821,0.2797482681645618,0.0012189456242001741,0.04026291219711494
0.617953747271285,0.30689438197049823,0.2351430906246957,0.004847670779472206,0.021999795280369286
0.6476547379592746,0.24545494370075516,0.1846027858642232,0.005741329303548448,0.03790927486403649
0.6346783681686767,0.2530404032955211,0.18629344991364344,0.005562908668912082,0.037570672785585096
0.3148831223782353,0.20798498491218947,0.15038172268756525,0.0033157760070334193,0.03650715031614
0.35274837095974904,0.2543354750262204,0.19248576350893662,0.0026532561161234864,0.028649192667668598
0.7174489892916142,0.32526291757747616,0.2510556976206027,0.004833853283943179,0.006821187743991399
1.0146140067712162,0.3048641506243933,0.23374430777020527,0.002666110253048032,0.01394420888884192
0.41532145068786397,0.2742901336978947,0.21046031839003107,0.0018696651028242846,0.02229560317545102
0.9151732949566349,0.32827205265575193,0.2567881824121057,0.0007435214783896118,0.01106166919586711
0.5768982578690748,0.2912149877912233,0.22815524947054863,0.0015240030186184942,0.02242196918069477
1.5741302117681553,0.3505384666365535,0.27373549795657326,0.0013310706293751737,0.039775177155798765
1.6645561515028284,0.3548518351215147,0.2735550644820836,0.005094754966891867,0.02869605072223648
1.4752852639541436,0.4033175428061785,0.31421469162796695,0.008257972984902256,0.0021248970077369263
1.3243066932381338,0.40520703798245983,0.3160566267065085,0.009478727628023719,0.008247762113821699
4.126236217972011,0.3878089913773734,0.31043467402989755,0.010789512746840566,0.014053083149537442
5.468504540699766,0.3083779566906788,0.24374407305311355,0.011171753910950879,0.023061959959832103
1.4798329099955438,0.31156109105300533,0.2309606584935605,0.010143605717992419,0.030933177685805394
1.0167846593692147,0.3802648025511239,0.2945643937768943,0.010142783487867063,0.019775884791023955
2.28564724458771,0.38757603222240594,0.2944975726361418,0.011372271424964362,0.008480829828821753
1.9251433126167927,0.3710589033506676,0.2803542324150383,0.011861966616345396,0.005660320634020782
2.6198565280005375,0.2669670477164755,0.20111360799092332,0.01313773273834799,0.016324494603910274
0.46456792444431,0.29605116414898575,0.2176995700489813,0.014055304990799065,0.041278817044694924
0.6480885722865423,0.2747503109782453,0.2018691704292444,0.014177275455798102,0.05286286955026473
1.2266894540996383,0.2679808317426747,0.19881825953704677,0.013365040930386995,0.05957941774605102
0.39927402186164906,0.2797828257463398,0.20158191536007675,0.01653685467091543,0.07417033594195925
0.9078072463570376,0.3713043399923392,0.28093427133044724,0.016792944752051103,0.05526074482687485
2.204554698539065,0.34986816445260016,0.26760163025657013,0.017809420760533993,0.03983162654984507
0.7835483259673061,0.347142651451299,0.2609643220914183,0.016918702793308274,0.03157606646953483
0.3761699103321437,0.23103188068210834,0.15640839489308833,0.01734561714842019,0.04290174197695015
0.39264326202827277,0.1737381763914625,0.10769956247711865,0.014523525124554047,0.05138890377299728
1.095736883049272,0.16771366266647972,0.10234937660737801,0.011912803443032395,0.04757178443220556
0.6575904613626666,0.13291589835581516,0.07302948427196568,0.011017271833852198,0.04940159660287938
2.3003832455718927,0.17556109338622256,0.10815617730489815,0.011008973056624202,0.06147088429609662
0.6057352047747478,0.09995264908231775,0.04982482715593458,0.0090990330060574,0.0758580993797687
0.5058796701582986,0.10933007921284914,0.05381417408373269,0.009413608712526571,0.08599837190748977
0.470311478340459,0.13637204192618205,0.07740223905028527,0.010623196217764181,0.10625352203418453
0.6644868112801572,0.16734883197950104,0.11225812469934088,0.008447430167412036,0.1089517305865598
1.505724706338579,0.180737282647865,0.11708013146517367,0.008040973631900605,0.10959046833490614
1.1270509739191545,0.16709848409324168,0.1119115256545317,0.010068386775576473,0.1378343544552183
1.110752620918396,0.14182869813813379,0.09111633865073096,0.007852212190932496,0.1280997411986951
2.0275327763927984,0.24564689831774603,0.17511404688890825,0.006927966161440503,0.1310845398515679
0.6671379500394983,0.29147321802103787,0.22541817345793594,0.005117068012427106,0.12908453253533406
0.6025461860866914,0.3163904703221255,0.24429281814223944,0.004463142404662765,0.13547663619406927
0.4776516554901498,0.2969404195710862,0.22759604037898679,0.00474376166197316,0.1227560767053901
0.5235358319664584,0.26685516728051895,0.19636716604685506,0.008412833532973181,0.14189169301647492
0.7020899752759954,0.20570257495933963,0.13885477462258983,0.010649777850146433,0.1424590343462878
0.842510296161921,0.2447180738043789,0.1781691676466181,0.01242237522104929,0.129104610767345
1.5226808922637112,0.281218074836056,0.2125891267763167,0.012027181248298194,0.13619073153710595
1.2346865800969815,0.23841701331400839,0.1722815137470923,0.01394070581289422,0.13699699849517463
1.6373400800755173,0.25458363889870184,0.19170816773890148,0.009754021033379938,0.14877952221728055
2.0202523328510607,0.2866422209104505,0.2202315080646363,0.010240784357707118,0.14822549009052166
1.8077496454258457,0.2871494959134298,0.21987699545536943,0.010586667320419324,0.15964971198803599
0.3174760722678653,0.23056082856215987,0.16421054527432496,0.009968522537800952,0.1641531304618961
1.2216609624815318,0.1952671528008259,0.13855208734273958,0.009081125985647334,0.18031488260041575
0.34494019269097487,0.1346944272827803,0.08061927018420706,0.006792018185204715,0.1736439212248911
0.8230267201817288,0.12441566508687646,0.06865595854470996,0.007141328569936255,0.15492326536797868
0.3416856988456702,0.07846686895127883,0.028462395473046458,0.008002071252153515,0.1692667173208996
0.327830347280758,0.09894486469706901,0.04427276962776418,0.011281422267326651,0.16426551448881443
0.3434015928995963,0.0741017943593377,0.025254636200824077,0.007181733059651371,0.16135182508494994
0.9434263091516492,0.08729206947556167,0.04317023816515936,0.005295825300214655,0.15734260151551266
0.69584373256187,0.0933787184143065,0.04066003893444736,0.007193926611168125,0.15756334533970104
1.9311382905077736,0.2402781740649899,0.18040177360629125,0.009031680631914509,0.16018328364181664
3.27341496379141,0.2937862877431957,0.2142308310896397,0.008413539638566824,0.15331214214311015
1.335941874805736,0.26954571552547973,0.19543683040702095,0.009074095515730907,0.15629771042416235
0.7562832371008413,0.27556234513682937,0.20128033345791188,0.010211841535151341,0.16705574638049306
1.4741409573897037,0.3082734969964216,0.22798112906520956,0.010356754586641155,0.17630728994346934
1.1364695027471765,0.35657440980465877,0.27319430182477583,0.008711882495849917,0.1731525065582238
0.3530552838261177,0.2592170614286658,0.19203905612968583,0.00791242059606336,0.16510618425034945
1.5526893056189834,0.23899806466451434,0.18036918128338947,0.007071755791616958,0.1545354684629466
1.511705242423576,0.2780640320162746,0.21480123713315555,0.006954028924819521,0.15230826845743548
0.42869047142844735,0.28716162393919503,0.21626227914057103,0.007862437963086107,0.1303714496070589
0.5573599371292485,0.31874718215406256,0.24185492433273342,0.009753001949401006,0.12193222821501344
0.6402706668842298,0.306442462843405,0.23247747397716728,0.010807931386873684,0.1398940606060065
0.6999082035432793,0.3248119867139499,0.24604178839577842,0.013098879845308109,0.11101706845472713
0.7611540507050745,0.3331460026057846,0.2508563096893414,0.011926099796714579,0.11894221622451771
1.5693329972994616,0.3754409757454597,0.28629788149836805,0.01084450806852717,0.12651279732419024
2.2788756977592803,0.423353105535811,0.33727737445560835,0.0095763092987501,0.1453776191031764
2.2870849479687037,0.4292078569561826,0.33486769311554476,0.007757665635256705,0.15059206866618866
2.18484061070515,0.3832127557968895,0.3059954830693748,0.007532719324167706,0.1820834526581276
2.9342954411707405,0.45413371138252867,0.36373066526066195,0.009888800783675586,0.20164230626784918
3.774847019380191,0.5210120883487008,0.4169285858341339,0.00995888052704014,0.17910876216212415
4.840131783681903,0.5575367729757854,0.4463330503706523,0.009908782789257772,0.16816127265435088
4.938688988840599,0.5353028751406668,0.4320320827962151,0.010089301104083397,0.18241205351603618
4.6157659726414035,0.5002677775599963,0.40449082762615185,0.010073799095957816,0.20055397312554185
3.1796377079152287,0.4868045479728299,0.3801022363025179,0.011639467041563318,0.21272257975183873
1.9866867172005527,0.45162340115599564,0.3561119325030617,0.009003599235012224,0.22435386026968826
1.0952088365011563,0.3902436391217935,0.30617002378719016,0.007839545195840191,0.22415362967033306
1.0002557716599767,0.30917614556832107,0.230731751747271,0.009689492544543866,0.23106618720237349
1.2250766009051772,0.36904115015506433,0.29105922981339316,0.007553228863211775,0.24454495814872076
2.25049209510684,0.46173317578879963,0.3630126278907204,0.00975995052774414,0.25601721131913185
2.0181380991557907,0.39274172310257205,0.3171023725203748,0.003773744314180376,0.23875905363157532
1.279159280235268,0.3966429247096534,0.31710693174099447,0.0036926834429682107,0.2617287498372907
2.2051392451827962,0.4172859533455891,0.33535182952169046,0.006302200162736636,0.26439690805894794
1.5698664620480707,0.4229745390449233,0.33195356582381014,0.008346774481203838,0.2666124429437178
3.4181486486764197,0.46448679002416715,0.37486445366102983,0.008330641588099633,0.24255539342583388
1.450333993819613,0.39200191695431436,0.30687382429126897,0.005421644974091588,0.249032870541673
2.567985346594761,0.36323369255901955,0.2819254908549183,0.0021826385831864355,0.25825242784298297
1.4915106491715218,0.35330523663923374,0.27619662506991904,0.0015470318921829438,0.25675183418090763
0.4262802503458521,0.2870730302178501,0.2199423901149841,0.004560721279861053,0.26320008655565347
0.36446312074160264,0.25888135812256086,0.19549168373034864,0.004556938750877151,0.2481916222061674
0.44392102307554104,0.23114282388459323,0.1667437877729777,0.006616009668124166,0.2620039589255553
0.5904998314354485,0.2599663563501631,0.19136448507011294,0.006935115246957759,0.2700121654933785
0.9038769984709606,0.3048051704816839,0.23646838417918747,0.006674518226271001,0.27625601823253554
2.800322395098326,0.2930805880471821,0.2289397224585277,0.008695890924345959,0.28569850152490794
2.3646677775833704,0.20146729970003863,0.13489570956141578,0.0074171656732524285,0.2820805736030676
2.8871734441356653,0.1663669228870212,0.10211500333649348,0.008044596937663167,0.28266331217922186
1.6846070244624503,0.18204510801808366,0.11653689495101521,0.009494704339995946,0.2881276457635566
0.3105163309155567,0.13402969290564787,0.0771302843867399,0.01040453693658927,0.28812885528429294
1.6908627293438363,0.12400351589164302,0.06151104204496302,0.012070420280456668,0.2789285539326086
0.5280594689658553,0.07522580040214154,0.023031386885012217,0.012719650650177288,0.2658718278710246
0.4567758766439477,0.09912482707363374,0.04019904808495479,0.014052119869479405,0.26807115800722536
0.9350889774253811,0.0747290018082782,0.022573271380456367,0.014305224832092175,0.26634301040789965
1.3527277475485036,0.11472154775227243,0.0521774966884257,0.013588955289677579,0.2864404402374834
2.4227581583729645,0.08231314803335787,0.035863912005980464,0.011309323332803801,0.3040540304083917
0.34791785674992887,0.14731309156146194,0.08637477677682534,0.012500703666558732,0.31236714528749054
0.3767817565563867,0.17447814061903927,0.11468372273311425,0.01102507005281321,0.3199910273401966
0.4683694820616832,0.22331263637407292,0.158981038576526,0.011086944657867321,0.34470770493062025
0.552841581729489,0.281286889307365,0.21103979371091858,0.01027054213781876,0.33033144672655784
1.8719174743597378,0.4034870478901424,0.3167175255109473,0.012915160369056775,0.31454691891950726
1.3479630268243594,0.4069410110065778,0.3180423674356163,0.011657962768494016,0.32354261634980586
2.663271659888714,0.4637490309075988,0.37179259067805276,0.008366627408092811,0.3350655763696067
5.117098316936863,0.4470716603168442,0.3634690105295659,0.009269037942034904,0.3458757384729967
3.0419543411852237,0.4868278147471531,0.3849657089646912,0.007397517742180276,0.32079754190592746
6.924947209517918,0.5007444297829481,0.41140135077344486,0.008164292615563014,0.33027130395876086
6.979003647002346,0.5103113713685206,0.4179854076924794,0.00941821817810815,0.32485438297302144
6.212204107364816,0.5104117404952829,0.39871742243291597,0.007315436179467857,0.3188370578629214
4.8039507278666775,0.4903764242447007,0.40332838328111825,0.0036202210131679375,0.3049360482293839
2.646841549943033,0.4833177242132418,0.3864817073904239,0.005455443246488838,0.2999412934024482
2.6105733572638474,0.44802372640710625,0.36115394013226143,0.006462527857599127,0.2960917686271088
1.9151022243278386,0.44899301485689536,0.35554003143097906,0.008180853730158127,0.3008098621734973
3.837750194469083,0.4600815409666904,0.3600081444677393,0.006184961666826253,0.31122000249753273
4.649496648078248,0.5412421955615158,0.4411873037680876,0.0035448189359028903,0.2649663485557913
4.247323419635897,0.43275158064690417,0.3571391844669027,0.0018826630443466617,0.26603263884222494
3.863988294222693,0.5246066374781352,0.4259873041590386,0.0031054762454075357,0.2554599156602656
4.245454559598006,0.5308101614964121,0.4244094071799937,0.004622309231383521,0.2480416874017824
4.624668872943899,0.5046857562564226,0.39723081542697275,0.006602780379095365,0.23254407073222969
2.484151799509537,0.4320489615572383,0.35022460819894147,0.0041255545981253505,0.23218315565968894
1.815361252836957,0.42264579444134037,0.339577184514416,0.004732063701959263,0.22883520682751404
3.357893002885004,0.5118133960289892,0.4105480531163827,0.006609417983709049,0.2356577238001178
1.6643215146581867,0.4250004618309905,0.34012475796673175,0.005066252476572554,0.24569689906475645
1.2030985471030604,0.3748836375191443,0.29384632674097383,0.004141794977211122,0.2736473390954728
2.020271982611515,0.3624178659190177,0.28048760748674706,0.004009141421639077,0.2580843031837373
1.2908420376413008,0.39902907150760314,0.31583985315641644,0.0038509074144337783,0.24260590842015695
1.1604145326202786,0.38904705950923757,0.30707400220602044,0.004254250385201621,0.22456784700638696
1.0306954411335523,0.2768286382639762,0.21447446126068184,0.004836916976536715,0.23058282683160716
5.326103596770488,0.35776187133053117,0.27052196924650806,0.005324790175166352,0.23655940762513877
1.3561259341473044,0.3793973533110746,0.2987460851195883,0.002596930997773996,0.2600166859127059
1.4023961802888991,0.3898166522282851,0.3078882720469871,0.002624905623149033,0.23996962306929606
1.1517355061144308,0.3754678475537325,0.3023718458869921,0.000792719034233636,0.25434884243270844
0.8198061099239564,0.34807422961878565,0.27525615020149213,0.0006798942671210357,0.2727302347711897
1.5814495063823815,0.3189189938149589,0.2456049522482779,0.0017050703878336727,0.26802538282695965
0.7332904557381762,0.34767343894966884,0.2741156103851744,0.0027250398432864136,0.2710214581639564
2.330006255860696,0.37374266849581,0.29130832632023285,0.0024075600173780218,0.2398164596299981
1.7695977513969166,0.30616918063411913,0.23355491139877918,0.0021777973489619006,0.23713142975718376
1.786703882781682,0.2842567557852268,0.22711578574479938,0.0005973465673473558,0.2490044990181145
0.3832635572615543,0.26010224915736474,0.19948398359507533,0.00034050477321032383,0.2431832289781208
0.39769088963212096,0.2732475289099421,0.2114610184355234,0.0002492995663691929,0.23018693468489387
0.4612097509584706,0.1822167372026202,0.13128752398854687,0.0018405248904344285,0.2243606959145279
0.6984074021132639,0.10842973018741967,0.063973452191966,0.0031160126817228167,0.23092904229008923
0.4752434835633965,0.08983626916741333,0.04252736034370094,0.006410767764876531,0.229104875795204
0.8505763403461627,0.06736317011232314,0.019508876081297755,0.003895954049182058,0.21722991971034927
1.5374114207724343,0.17071272357133438,0.12288934114003072,0.003315530273713255,0.2368141574268654
0.5819110283185731,0.22065999485572638,0.16427139173936556,0.0038849524869979052,0.2367056094455338
0.8371974916882927,0.23367643482012965,0.16976350935622914,0.004189276405380159,0.22425553442022522
1.3083570044813624,0.2810936680985343,0.20711228714995653,0.007648397306484851,0.21043180925352753
0.8568282058195331,0.36450703342810825,0.2849920077937969,0.007054057624972625,0.20320930870934942
0.6843335389204416,0.31702684551398114,0.24474813338965104,0.007718817544147608,0.21802119500221417
1.2769505577587068,0.37263743437606317,0.28988724077180855,0.0057586465724471445,0.19674859783847598
1.400031713013122,0.4132803625381226,0.32307534489148576,0.009378535478680977,0.21144578771027037
2.3284397611269356,0.40659476492457164,0.312457576462384,0.010132196978748053,0.21623344428309002
1.860427125850671,0.3253642783301873,0.2531611714151205,0.010586023134841135,0.2219516643857454
0.7762310054736524,0.3536376670580494,0.26927794103369856,0.012322514535640063,0.23086404528227034
1.3289899325859391,0.3385145405758181,0.2622013116360097,0.011366731172533931,0.24754795575727817
1.0241256141793198,0.2568563897881032,0.18352322652324987,0.010589949944891045,0.2715035878744366
1.0004966032641587,0.23815665132111058,0.17538067106581945,0.00992958259705402,0.23009864757440032
0.45773675361616306,0.2378504411771807,0.16655589620173494,0.012796517302360217,0.2255392213016987
0.8507267680114313,0.18084866832903662,0.1156009132142312,0.01119071502847237,0.20441543351342634
0.7291275204490028,0.17200595577424244,0.10684055009420274,0.012387416145871298,0.21229568829206158
1.9024246075853704,0.16168904039880866,0.10387233699915135,0.015057600613243733,0.22096980261394578
1.4613344087921414,0.19413606964261287,0.13247473643253682,0.014812252449304347,0.2149011389506037
3.8633607366960696,0.2400107579047044,0.17965046107047689,0.012924952476682513,0.20658979085600038
1.6433964614752523,0.31614843047010144,0.2404006676440757,0.014965632746309753,0.19955709843628225
2.4521998053899114,0.39695926670029963,0.31347334681579353,0.012368097265838145,0.20996533497301367
2.051071236454023,0.39170791232237984,0.3101859220625627,0.010151402362745249,0.2171090065998168
1.3458478558368312,0.29811472725086197,0.22150527482972993,0.008175373543447675,0.21846616035593802
1.557678005289455,0.26880704689844304,0.2065471641565556,0.007229070112297987,0.20255459029009973
1.9042184708095802,0.2112190134907864,0.14721731983113098,0.004444016117723931,0.20847175979054183
2.6704122746588346,0.2702257900149528,0.21409630543502894,0.0031340650110012374,0.20900723102910077
1.6810769269463708,0.26136941969705046,0.20525435166422312,0.0021803823632294793,0.20940145291835469
1.6218959988946053,0.3250532527858877,0.2620419104986885,0.0005837450957746405,0.20335410452937283
2.194854115729867,0.2639300538514589,0.2085435082075814,0.0022336359064884627,0.2097352307644712
1.481153619983696,0.24278885450399545,0.18737005608143273,0.0032107170769460425,0.19074374292000582
1.3835670141955123,0.3669329571289406,0.29381567608242365,0.0035579926489737426,0.212315686391999
0.7089356117240717,0.3146721179458628,0.24591604908461742,0.00047796846169108126,0.2001027382126925
1.2250645690479431,0.39884414202209295,0.32019559156271776,0.0012120775905949041,0.22242898876906092
1.8549911378490223,0.34470626109657687,0.2791943274537456,0.0008294002554727878,0.2305843550737101
1.53180699594977,0.3431727999319915,0.2651956298719514,0.0035600200704636667,0.22900478131414037
1.334031607130892,0.40251396632907605,0.323633500303922,0.0019257495974987079,0.23814171598025707
0.761727290109083,0.3334393244076085,0.2650639466657361,0.001378188635475825,0.22837414294287947
0.8098581739495824,0.3487861464311156,0.2758263941399112,0.003559359181775696,0.2312596716013845
1.0003826845545123,0.3314986076668927,0.26437218799589585,0.0017498143664727093,0.23765772903969995
0.540963357159397,0.3093706342141912,0.2412206056293903,0.0017697762504477602,0.20368118308058397
1.923073113394069,0.25775945064553507,0.19147282343054559,0.0013793000943348587,0.22472211832560945
1.140999529630875,0.2291397112159916,0.17643807472485232,0.0011351381580404563,0.24915606954748265
0.6451470550080526,0.2474694959927741,0.18540060623741814,0.0014509427722946707,0.26546190354375576
0.3361560279725609,0.24782219118234228,0.18803051759595632,0.0016692348093931494,0.2685499053098586
1.4305376266332885,0.28370297630236624,0.22534635062465053,0.0010285010548515797,0.24869414693356318
1.3351333630569528,0.26740321862161714,0.21011930405643675,0.0017671450942579455,0.27193041016291586
1.1366390977177947,0.3052136209656321,0.24408816222534363,6.075117768146714e-05,0.2706319868559851
0.6672311118817238,0.33753671995666307,0.26646687485555576,0.0016263687416474776,0.2750627028931373
0.8308144529107029,0.3596397853000018,0.28726918685252467,0.0001415333819354955,0.2809327501648074
1.2042024523626298,0.39827324766819905,0.31753128658115015,0.0032973848991901954,0.29518034626259093
2.554896619983757,0.4624318903020761,0.37000924461921597,0.0017417608994885162,0.2893174184503358
3.599749412598084,0.42315648464365585,0.3464952414646795,0.0033714353499098536,0.2938028826635645
9.712933272380175,0.4119128072176067,0.34575921236957263,0.0036723165197609614,0.29722975211219255
1.4330722029811047,0.4158545676340285,0.33206389317245855,0.004057918726041835,0.28742178440637317
1.8118894860038737,0.4379543467251547,0.3522488758386189,0.000905066736962854,0.26615083672588424
1.423912509417769,0.41544109162872433,0.33187166064584467,0.0030080000869226586,0.2524537044489193
3.94536382316321,0.48932326783375263,0.400268052329988,0.003682961910990995,0.25173864903799903
4.231058254861717,0.4950790794118422,0.403085384430938,0.006274419521390913,0.2507757822763667
1.9215799859551712,0.4318987320530149,0.3447227540590655,0.007461635186130201,0.2554221643216964
2.5100186799164113,0.33452474245261826,0.26447694368380886,0.008529967228518513,0.24019865660560197
0.7610046781800132,0.3020287861882789,0.23237286049037778,0.0077875005829973545,0.22862735272425241
1.2760445524964765,0.301734443980202,0.22516208018268832,0.007873986812061985,0.2243044525637102
0.8542016444906553,0.2810532897011975,0.21469192843224358,0.007744435073291934,0.21379309190598764
0.7142798180996696,0.19069547473476386,0.12780999366990886,0.008208983986830986,0.23015884851897356
0.470865626655667,0.1104032178004081,0.059231319149543146,0.008650325488836465,0.24811064212498643
0.6448303247320841,0.11572087157117948,0.06441482727252522,0.009198193451141085,0.23460739387644405
0.6579333431826843,0.08274321602311846,0.03434294274235865,0.0089485923097676,0.24609031109854956
0.6890887148642921,0.07069921133815768,0.015200025514041423,0.01185337081348462,0.24229757293822773
0.3763994713833522,0.11260619732230354,0.05695959625862426,0.01227637492411848,0.24743813466165185
0.5410060857965187,0.05278695076002327,0.00210120127232144,0.012870091221366299,0.24956856608495312
0.9660902321741542,0.11054913353369461,0.05910378929229887,0.010884530024756249,0.2417685310662334
0.44119827835695447,0.24062915475390875,0.1734100919851852,0.011780575122639896,0.26679480918587156
0.5982364314516472,0.1878406594743919,0.12864070023969004,0.010339746965975859,0.2611397379257994
0.35417897305542073,0.22177692401344876,0.1575078178969921,0.010302766892925117,0.2687597230101466
0.4279018655557396,0.2206288502679968,0.1521048262936337,0.012034482837646228,0.2665844714785749
2.2471265511388814,0.2030256035666249,0.14745892287829318,0.009379273919530662,0.26673895250170176
1.3195131691560031,0.2419680833858897,0.17157338568210773,0.008595916039771367,0.26779155149006717
0.9161218898604624,0.2757791353932568,0.2103847517646199,0.007701778058379948,0.2834877605450805
0.7849271205148668,0.32205112730971497,0.25470394641319055,0.0024393947176727035,0.2962027634318234
0.7879193346317578,0.35083120220617925,0.27945650303356157,0.0011426259945329141,0.30167436022252675
0.7649995916477578,0.3132059148723265,0.24122183390843566,0.003608520837555457,0.29075284673358237
1.4070576347804868,0.2997541094440235,0.22823702775102728,0.0026498732952324124,0.2781195617070118
0.7784842901894811,0.21927875422034265,0.16423274814570238,0.003482201154265458,0.265949563196542
4.171255855257948,0.1255879023409886,0.08764475563886547,0.0019335191251463163,0.28389438837668557
4.433217350205399,0.08250577824179739,0.029646411626347305,0.0025090387938130196,0.28720662490826326
3.0395835099209623,0.06002332038871349,0.009904598465975339,0.0029696936472846376,0.29024366850857414
3.3810842616123296,0.13340086402680174,0.0784870673414,0.001213562308848903,0.27365182473692723
1.9287996756969346,0.04313877833829531,0.008108855323021774,0.0017493659140913323,0.2989555538781503
0.46383992572513516,0.0743787744067196,0.02980148898695305,0.0047553107680658405,0.2884013261799919
2.48474814113777,0.16211650297632926,0.10092102115970475,0.00590399683538132,0.2809073308878456
1.3800345860191483,0.16352839131162028,0.10223577103900153,0.007682593082155396,0.2745738450713789
0.7073896705864257,0.32527987945194436,0.2542771040054306,0.005168651884857611,0.25994180361831026
0.6189809105396005,0.31628031618262914,0.2467381244319902,0.0045061858546533605,0.26103347555981055
1.9880317436923467,0.42179601377121295,0.3417557743544183,0.002561958839101627,0.24850816502241196
6.036586584302729,0.40920926364852495,0.34079336403836363,0.0015097946311457332,0.2599822199527146
2.186556715658707,0.29354051202887665,0.22148799295598823,0.0024178709301960794,0.22822127718186855
1.505262083328778,0.2164246281863781,0.15163812265878798,0.005385976981464327,0.20363791383081012
2.9681934335644633,0.22384096756118746,0.17582343021413577,0.0007710029820620573,0.20046910544827282
0.603747160321062,0.3132414322576771,0.24661294762591662,0.0018701982435987163,0.21701741390907386
0.589026632656301,0.3049817093281317,0.2361717292594512,0.00540440685592208,0.20348956744724803
0.5800395936707045,0.32130445065332097,0.24866353927424606,0.005002239285600305,0.19271497266609766
1.2431348473823889,0.36119702593031133,0.28795148140034327,0.004120719964246068,0.20285543642485587
1.3875999786041646,0.36975846944563284,0.29394319277929465,0.0058684748571608235,0.21302011225270323
0.7296980391010506,0.32527114835262444,0.25185910767218656,0.0078071695087025645,0.2046954395912553
1.3952807618404353,0.40784152474149543,0.3242131609376534,0.006114207187489723,0.2058377550346817
1.0181362080140275,0.3820901703221464,0.30110123562630703,0.005497806040758854,0.20225670611600297
1.1877288320547357,0.3796207730165172,0.29823113647051147,0.004129037914372009,0.19461885665048895
0.8554558457344399,0.3623732998123407,0.2852257223815161,0.0052103602872285125,0.2009688391299889
1.738035422677306,0.4089678221773237,0.3260216329185176,0.0071988409276325304,0.17035344275525174
4.175528572546241,0.5086894172674556,0.4148679481925829,0.004625670770925101,0.17224824686712326
4.993189359167283,0.4865607399604682,0.3961284641836924,0.008354328970255348,0.17418533924204493
3.6927675688973496,0.5225002773117838,0.4202737711664325,0.0061145128410435646,0.15853758029832857
2.266802545790631,0.465748555005272,0.3724850953047246,0.00497445795787645,0.15551354901724085
5.267589295935616,0.5044432138071037,0.4148954746000213,0.004176682928462599,0.15044897498156384
5.816621992815445,0.5131267087518137,0.4225616827383244,0.004538909709260191,0.14066365743255668
4.556174881687113,0.519172421121247,0.4114601917911732,0.0055236418158793096,0.14137634863709253
3.8173670922777188,0.5248871726159939,0.4253984321433108,0.003271485916456299,0.13552718113826048
2.4950856786774405,0.38253315320968967,0.30889524443425875,0.004734932488213547,0.1475722691675423
2.411514065691587,0.38603499411840475,0.31181023930707386,0.0045472445502637866,0.15046396703975934
1.527242974932392,0.4168664040253652,0.33126055546351285,0.003555592555681737,0.1441588295813971
1.735153597210355,0.36727807760104864,0.28894330596553813,0.0004180075490941896,0.1205473114991427
1.3353669805112176,0.4028022964689364,0.32105029772859106,0.0018984755660406355,0.11464567539421569
1.4437123563740675,0.40590469568470555,0.3277658847294937,0.0011875644804652341,0.12516374310960354
2.3516318018031646,0.4482810077210194,0.36552717289058595,0.000945070570280271,0.1324338764925378
1.9427209387937359,0.4193255572197944,0.3409429642090108,0.001146373220640749,0.13275782493581376
1.5290653671856314,0.3429878900685316,0.26745851442494123,0.0010941862216055204,0.13032036686943982
2.194060903693383,0.22555217834715136,0.17386139210999946,0.0029104902604914595,0.12371922184350534
2.384784991536317,0.20717808051762893,0.158895090921652,0.001800089347990729,0.10196235984357549
0.7250738767590759,0.28561454512380735,0.21881836825211637,0.0015998752356649164,0.10138520385271332
0.599918532131779,0.28205087614507485,0.21936002408333635,0.0026508093872818325,0.12401524387060295
0.5635224750819547,0.27809530034036933,0.2103789510313109,0.004152368861727813,0.10128639963481635
1.94415899786995,0.39236113122490945,0.3162498438881495,0.004038983903525341,0.08810788714197476
1.2303305486226068,0.35294340880276304,0.2795762017516132,0.005571748895651018,0.11469122047955935
1.5312603873277397,0.37574996277772377,0.29441872085104254,0.003030027855208529,0.10063909602287334
0.6552798757215208,0.3062759669176607,0.24164217654329484,0.00135952939619766,0.07363217807682992
1.3981629390472523,0.3940170795522259,0.3181548966324913,0.0012377210659470714,0.08757858349340779
1.822719479310347,0.4379162488069663,0.3527292708375893,0.0027746729168314837,0.11103077793215822
1.580132426984115,0.3849772169697804,0.302644544041218,0.002830433485306459,0.1033898274132602
0.8082208603326487,0.32099660151732684,0.2474499966020943,0.004105592617821583,0.10441655404336707
0.5107382056944937,0.3086728915835211,0.2394747223183403,0.0036040920500310797,0.09541551184843763
0.9222824743680033,0.3340793926737476,0.2622979487297665,0.0056927474467995546,0.08601457517583797
1.0196199350454647,0.3815336803112743,0.30118446046057273,0.0050643707344227365,0.08383659490253782
1.6342594038343983,0.42183977688952284,0.33852037833732906,0.0038955725256337136,0.0694070319839935
1.427997674156991,0.40824498934473175,0.3252078288694361,0.0021687272858543732,0.07349688766900339
1.0178726474698856,0.36715813627757676,0.2935231793279036,0.002132343464652337,0.1046954058816923
0.6326825277850079,0.3304876057581615,0.2601065496928285,0.0025196831007649034,0.09815676520986093
0.7955717006034551,0.3441399428263662,0.2747181429273968,0.0006739609370603663,0.0994678145272951
2.3701208272991674,0.22137615374658748,0.15902732744029902,0.0008954970208846757,0.10287028374668465
0.5276756424416644,0.24349573861058477,0.18354515461285764,0.004514564322038259,0.1067781359540111
0.30540772859618504,0.22000587529714902,0.15872035687093863,0.006183474210025057,0.11453589316769273
0.39863176946630524,0.2720130269464057,0.20518710372060062,0.006557902374375733,0.13134758717902634
0.34295414830563375,0.21538842908448136,0.15538342694318089,0.006548481316441523,0.1380747685307337
1.0827190314254582,0.16884966855862213,0.1174821158274314,0.00591821636854989,0.1084859493845543
0.39276832546544416,0.2207765276656024,0.16166605297287068,0.005488247348366161,0.11775972705516105
0.7070217879965165,0.14756758241691603,0.09954262009675521,0.003349441224505709,0.1290505888681333
0.3273405395262383,0.14226066202965304,0.09241755588757482,0.0019902640765539804,0.11345687067067797
0.6451717655761774,0.17854509547218606,0.12441539940917212,0.000835093913725782,0.09733847882670547
0.3324848898559358,0.10566218026299672,0.06020010790077017,0.0010530117750614206,0.09299780048359758
0.35938122267824074,0.042131309546828685,0.0007979668507957088,0.0018521873911565934,0.09202505472576801
0.46675782627452667,0.051875466558095204,0.009887364860062555,0.003768185947801505,0.07261129569110807
1.3282808493937839,0.10411981311349167,0.05325311286399062,0.0027596269570520707,0.062095911892493416
1.330434787274534,0.1777600759261288,0.11956673955031488,0.003172783649278151,0.05848720869273619
1.3409675568075254,0.1789281723441428,0.13218031118229479,0.0009505541061719303,0.07745260879208073
0.29721608793358695,0.20487713694711648,0.14821311559482503,0.0034729547953071564,0.08934136468046981
0.34026400951117314,0.18969520242066576,0.13755134000884656,0.001380388796132444,0.09503889511521216
1.1986223443579642,0.18958706729116817,0.1417055586417125,0.0006621946170340646,0.0891499629613903
1.4883612967658202,0.10526397442108291,0.05574087135855289,0.0009967582367168871,0.08075554075091006
2.7618477957726504,0.12900096940431843,0.07530188763955031,0.0011333062834147176,0.09662446433918116
1.687912069345734,0.19512646761527308,0.1375945335800451,7.858207914994593e-06,0.09340380040908605
0.3627863317733916,0.1758071317024758,0.12553427698860004,0.00112055243584645,0.10000067394690768
0.29320794045431786,0.19284236729070486,0.14047643288440728,0.000314112278016602,0.11998464206906816
0.2941523368447193,0.16955105000687704,0.1188849012650721,0.0008241339757381753,0.11295719823992052
2.1507165548097174,0.13438219125054446,0.07851581993989937,0.0036588139855207365,0.10569983973610506
0.9226061038675543,0.12791364092582977,0.07231293526179634,0.006367678668858813,0.10120454669647679
0.6098220712954289,0.05073899620546331,0.004806656134034221,0.008568174626782167,0.0944318758061517
0.5763294971415187,0.11682472462341427,0.06706836001407171,0.007223755656000587,0.08750359024600841
0.3878641266744473,0.09179015219520681,0.0373470482759702,0.010617778289159436,0.07773492640421309
1.4869841066547609,0.06488590151314005,0.008579616125718482,0.011081955947484122,0.08563081072411367
0.3491359345460621,0.05152640171296871,0.0022234018054192234,0.009511755608445588,0.08973984914900145
0.3565649272006874,0.06250064570150683,0.011425793630658196,0.010074582550743862,0.08303754310754098
0.4316737427386058,0.06014506962653906,0.008421523146763973,0.010096921548538976,0.09549274145352173
0.5929006625008825,0.059875041746083275,0.012666743735894593,0.00912998993152636,0.10299258103619853
1.5833749389970304,0.1464559995076997,0.08460638887561779,0.00948534997259121,0.11393233413086293
0.3687997513630917,0.11263163326268846,0.060793106819566324,0.008348626295038184,0.10659871959227699
0.7879309983997609,0.14468130980879196,0.08331451607566696,0.011002375228639404,0.10803451364017254
0.42489356778636167,0.08618020089574216,0.03504006075666144,0.01018112047147134,0.11092031667886017
0.34309774269866306,0.11703998636113792,0.061106351523050176,0.010361330883608789,0.1124076277765688
0.7294362704601752,0.13091598882588987,0.07768030702166784,0.010156196378307404,0.11465734780538153
0.3041844266819461,0.19861375198411715,0.13840767271529272,0.00803966223153868,0.1143761183151467
0.30394728911318025,0.18797517396529959,0.12656388376128888,0.009409873445471189,0.11328560620800605
0.31156590605148937,0.141255420471118,0.08458443586139588,0.00928520828826713,0.10404462404391619
0.3507594365989191,0.1460276551997076,0.08980445321055888,0.007767916980950673,0.08275226483810916
0.368898999767151,0.16202807514105802,0.10255882698951106,0.009297234785595833,0.09062168767128712
0.7720505053753092,0.14553663164357192,0.08638085453012045,0.008731942223284057,0.08401641061524168
1.0002869184979435,0.26630508112762086,0.19953278637119387,0.010508705329744343,0.08491802988010405
0.7480160592208203,0.19685371181621955,0.1293518827988509,0.012039124201370635,0.06065302185662717
0.954652726222678,0.18406357409816493,0.11726578175052312,0.012060649332075422,0.06156474665660818
0.5257894994036151,0.19515106614343602,0.12763482396159748,0.013102745228452277,0.08383452431388176
1.3148730890192812,0.1413611202679699,0.07539151381379704,0.014634853591285945,0.09692928511602927
0.4273315815896262,0.06688796863298081,0.011049732334665496,0.013744071812184934,0.10799361022241132
0.38956585418184464,0.16552958986032837,0.10468745415635865,0.012964790591503923,0.07928016382713297
0.38332993910736896,0.1645158224770771,0.09998393326081981,0.014017851729967161,0.06655302417623317
0.5268035982817446,0.24996505077152847,0.17627501063326043,0.013420030646152043,0.0697361890480303
0.6741332990273458,0.27751228838108455,0.20267560793531042,0.015976547950076,0.08705096684094958
0.3494623151989445,0.24458814493860917,0.17145606580266673,0.0162632146149922,0.09418601708497075
0.3105417699058575,0.21550626108492618,0.14666254615421925,0.014969181296707832,0.11220447671582838
1.288353651751628,0.27898807415400206,0.19806357226730895,0.014960935564231236,0.1349885400138649
0.9780862441828205,0.3112005031609864,0.23358835706759934,0.015442485286999253,0.12131728325049651
1.1912774361143361,0.3861014277741541,0.29492680878651206,0.013359798381065649,0.12522796912979303
0.9195650695233792,0.25281156910287095,0.18598749738546405,0.01199989249518344,0.13410197015377306
0.5815266982854161,0.272826359824274,0.19837173725716065,0.011451649597955027,0.14213423953217413
0.38501824297538867,0.21605786569329577,0.1507710812293591,0.01223584817385083,0.14747532263823768
1.2491692109538406,0.22163885874964737,0.16012713917919177,0.011180527599672375,0.13318594165680436
1.293823002990091,0.2510758415567243,0.1846852085371099,0.012869803472656507,0.12476852215668713
0.4489811191533744,0.24880304133226935,0.1777720563018619,0.014615703372819517,0.12671430334562764
0.3217238446417768,0.2016477002987344,0.135183226452243,0.012828940430023934,0.1390403684895442
0.41471139276216945,0.2622552964608501,0.18821775813461303,0.0132779503975765,0.1290303282200544
3.747846883272924,0.19113576292755852,0.1179292797265855,0.013491305962892632,0.13049695437392025
1.7587134058298703,0.18030511132837043,0.12101293195314851,0.014418051216649345,0.11615267695446169
2.6024333973556955,0.20745206394561694,0.1474013493108332,0.014043421782960771,0.10955111057960862
0.720575077630381,0.19572674378742838,0.1310985833570928,0.0154528776179592,0.10893448682581214
0.3397791471968541,0.20249833154694546,0.1341419063124702,0.0163774294989685,0.10264330604581247
1.114651530920801,0.2707409210407285,0.19165475315745725,0.014465557199671481,0.08962582422934111
5.189180438104077,0.27679050228416713,0.21274430492645596,0.014205426011017725,0.09469370222659289
0.7153335736785217,0.34423962713381373,0.26107561554680614,0.012381917941720456,0.1073090166919214
0.9417979435372988,0.3392434693731218,0.2589095422453233,0.013697509193832015,0.10439819999557977
1.7251234409895286,0.360497113270316,0.27061550945309243,0.012949660262207566,0.09945705752848066
1.9472579401816248,0.4241720906356995,0.33232129433595703,0.014056928319770118,0.10808330954144396
3.063332718281211,0.39106908857312916,0.2917587098990162,0.015866724749024112,0.11183005544186629
2.2702264498508122,0.3466225480037335,0.2675031127499242,0.015416936525374124,0.1096988766967171
0.5905872578219363,0.32243029772023146,0.24179868505923907,0.012701120513337386,0.12370046223399321
1.3422811465567825,0.2680044015358529,0.19130647097580694,0.01183680181669912,0.10764331780694111
3.400875986883822,0.29719225798293003,0.23200650657639774,0.010209658587137294,0.11828115650098608
2.8688234984289345,0.33811898634312604,0.24840971343909876,0.013504418110168554,0.11476669107501762
2.4825505291562044,0.3501304172995439,0.2733227980120949,0.013025757206265882,0.12369332579565681
4.8362314286592065,0.3664352259448118,0.2913192823391707,0.013112027551910106,0.1369597566440035
2.898458529987883,0.49651283673072166,0.39071842960843994,0.013198940055081028,0.15599766186017996
3.6677407965294773,0.5033847536989016,0.39981559393631333,0.014422546000362316,0.16022926584440758
2.958505580868172,0.49911138310858116,0.3913326092045244,0.01535142408273587,0.15411469219241525
2.82813485742824,0.4604803107767126,0.3642237349617444,0.01412946766535087,0.1297975203844155
1.8651932950468144,0.44022576884455505,0.3383907840112703,0.0161721181373336,0.10800137545688271
2.733690146700255,0.4830779276940346,0.3795460594361276,0.015214962532810976,0.10935915466345665
2.9172932541066126,0.4930846802950181,0.38637334716858884,0.0166212126744098,0.12851197980567539
2.5762142902675857,0.48280068059978254,0.3777438340179703,0.015171505653253361,0.1345037231439875
6.984783866845614,0.4231195328673174,0.33990978410539335,0.015776233487863053,0.1258511460785659
2.1684148534522008,0.3867772796712412,0.2904912625352228,0.015108061461418814,0.11719935984782143
0.9966651238423906,0.37798386844031606,0.28580517094518393,0.016478384536766203,0.11631311670307191
1.3919287695188838,0.40308932513437884,0.3110798517711153,0.01598213044126304,0.12334812973402354
1.406082422544826,0.35363471872491437,0.26352813600887315,0.014907318972484524,0.1311121841119472
1.1826745669361984,0.3885863772268052,0.30000400967204266,0.01421658985615955,0.11776312893181047
1.6360888602022023,0.4003211129543722,0.3090420874197546,0.017107667845844172,0.1366502905961443
1.8015844326061623,0.3962460778471644,0.306625200766672,0.01685136363735014,0.16234779600732194
1.2093869806975739,0.34561443860208274,0.2603036828989949,0.01898693068171509,0.14997576647293745
0.3205698249877067,0.24077714085372764,0.16684352589905477,0.01679231402897432,0.16280393671095938
0.47035200901422985,0.30214907893377185,0.2190562082608077,0.01912100865306798,0.1496476435670582
0.9045342863078298,0.361337526365483,0.2716101269829755,0.019232142109072294,0.1585789940645821
0.7645401787608243,0.2965746886879584,0.21607949205063695,0.019646710005346145,0.16072999846133576
0.40982777633861456,0.15987750554118302,0.08978813761554882,0.019972609662816054,0.15983660086167562
0.7568644655764206,0.08437471242243452,0.01969311776347417,0.01976043266500095,0.14880447387283469
0.7448346127456199,0.07470528029186672,0.016165372432865074,0.020057729740768315,0.148381212429481
0.8151937913418885,0.10195947816051483,0.03574479095715724,0.01967488080899344,0.16339986082395153
0.43339506521881904,0.06399660972432941,0.0052501462680313304,0.019490767945474424,0.15893642006290767
0.4087429885041571,0.0743417402991791,0.014449912445786292,0.019703478460638812,0.15495307928158006
1.361596669156207,0.11240490327162649,0.0525523922256249,0.020228174330117046,0.1479209578375692
2.9357060457952344,0.07400303805467182,0.0030868624556232294,0.022920814513700684,0.15633562765995937
0.45954160956784645,0.2054867651981279,0.13029589077523535,0.023970587538298446,0.18000134332485374
1.2175484454312056,0.3054641751539515,0.21389685747211756,0.02279528016601535,0.17567646812225732
0.5879256520842121,0.31526109046977707,0.2290618861034355,0.021649244119006712,0.21344366963808062
0.661841473152835,0.3161907797067853,0.22851713396276194,0.019729209269680945,0.20080210760109318
1.0716704570335236,0.28203225286378697,0.20214287947734633,0.022172597815560767,0.18724295781147854
0.4682519822302455,0.3034251067956597,0.22027458034391223,0.018436914910055044,0.1900630761811046
3.924053313421645,0.39718493117345,0.29415149479751707,0.017577542352781184,0.18994934384321147
0.893469020800945,0.36966562257172425,0.2791184923853166,0.018097374092773153,0.18521729572172566
1.0972596359345421,0.36294735118659777,0.269506302219761,0.018361052018439874,0.1723711066856889
0.4793967717119121,0.30757891517694286,0.21941677284825456,0.023023056028443862,0.16474349113742404
0.5968013856861264,0.2898822647093799,0.20170556295415465,0.023407980251603712,0.17230968590005022
0.7463993076140125,0.27827419280091614,0.19296590287013424,0.021133095143645107,0.18207582002285977
0.8163363277998685,0.30839826735265025,0.21800118426109216,0.022575606322802512,0.19559975372369492
1.2034853273714232,0.39582005175245405,0.29956742186232255,0.02084269854271545,0.16882154251145418
0.6490436781026709,0.32461464242908766,0.23769791443191773,0.018211699655281213,0.15142425859118375
1.6577987324861942,0.3105409011514742,0.23234557300112965,0.01824354154531328,0.1574089793595406
0.8868804411534807,0.2745486586902997,0.1980382153965456,0.019032212101389206,0.15167851428516255
1.0678076525822688,0.21783114385608293,0.14134076026805287,0.01804014807979693,0.15368322282466845
1.0241321689472354,0.14884262257495795,0.07923843366180719,0.018284640788581167,0.15009371707173383
0.3456901221593025,0.06847981755921499,0.0073853022893764775,0.02002014542294615,0.15228254458448287
0.9263420099133571,0.07334024750700696,0.016448713571880387,0.019117733193154306,0.14881705591718156
1.003258261461587,0.059127709014203264,0.0029478883869388135,0.01965652696284707,0.12378095779484619
0.5408445072954668,0.08480861457895747,0.020618821061665845,0.020054730886397372,0.11766311749864272
0.3262622191197413,0.10670864591225926,0.04318620067907761,0.01940860560821983,0.10935533399423032
0.900242370657141,0.06848912071208679,0.0007951657348973656,0.023582881358803168,0.11508459442765016
0.30820933970471026,0.14288897926797167,0.0733340601132527,0.022324729247756966,0.13380256817821284
0.4174882498695649,0.07672292152744813,0.013421084596264149,0.02053520085449296,0.09916626420112998
0.8668090454094235,0.10446572802790759,0.038011762272248964,0.019514962840559,0.09694702876207875
1.0282053102461561,0.07914962994262797,0.015358199844282203,0.018482292577750272,0.08394089349150788
1.721336429028079,0.10375249449426852,0.03634024700348652,0.018676130432863387,0.07562434317409976
0.9196956994032409,0.08951010488238267,0.023718431985914064,0.019947626512442352,0.09310170998250202
0.3258084141878502,0.14012847605712625,0.07463131139151233,0.018018388870528198,0.09462151625361429
0.36290055265242976,0.15160126248460987,0.08092390224981527,0.02169253805500715,0.10107135866177833
0.509274863110596,0.08452954429680923,0.016498118185925795,0.02409175745237167,0.10959061305382797
1.4726479381274973,0.11572572983371913,0.042817204376933315,0.023647592974473806,0.1099892518040932
4.326924600573863,0.12332160294462503,0.04352933320022872,0.02618767740032738,0.09175906748559351
1.1932453917458878,0.1253068566550477,0.05693935549204256,0.027247335297362753,0.08686118853820027
0.32945246732445566,0.10324594908518361,0.03221805696421035,0.027602833832034677,0.06904809035584493
0.7397648931676679,0.09032261534605893,0.02036560431881688,0.024585368685758162,0.06856548578990089
1.3674494173691112,0.13348419546522403,0.05540986282430237,0.02742469810486275,0.07855572074270176
0.8187765875186145,0.11041988631285178,0.045179094173735675,0.02422843062028701,0.0667072753896393
0.31272504489354597,0.14261249752794938,0.07276314693337672,0.022380451538554728,0.06540907071631508
0.39975150523349773,0.172855003259622,0.10023144249217669,0.021211797190465127,0.06797001719222188
1.4873344441707412,0.3254170473617828,0.2324066317119946,0.020932965853071972,0.04555490868796937
0.8876598570694202,0.3353112569287856,0.24920650419329526,0.01986511970715329,0.06815289984417286
0.46865132855107106,0.3000711072291384,0.21400678752946603,0.02152013191977009,0.04799392105686556
0.48151409249647453,0.2726279337557118,0.19390554676759816,0.01941492010013279,0.0734851729356779
1.0855550828142604,0.2226702140411462,0.15368641473106343,0.018103854835283643,0.06863895786732827
0.8045589854845228,0.20174565505060416,0.12703243770718728,0.018607878766294036,0.06325414280806407
2.361951993944433,0.25660968879141943,0.17601890631608613,0.015246934500133747,0.08209887224384654
0.32872018349125764,0.123600369733117,0.062471271961640484,0.0151809386314874,0.08237435844423044
0.2978503844788732,0.20040759351518445,0.13192175480332896,0.015956214558333993,0.06522713553138625
3.042432201761393,0.18617184381142532,0.10895032135272202,0.01879279898471635,0.052550937134519915
0.7771762660359299,0.2544144207259485,0.17444002169049294,0.01818579576803109,0.05052017749368256
1.9019536057358073,0.24172592452589867,0.17138591378734352,0.019295955664848114,0.06292270679370446
1.6315667125639115,0.19188346700184805,0.12921227644354558,0.016350985097569624,0.06661914826157905
0.4097282924546663,0.10993937718430458,0.04776470995176284,0.016632131417669227,0.08270535766687308
0.4438668989334975,0.08779913933057955,0.03376480622751517,0.013094957844284577,0.09360060147674265
2.0584318305507527,0.08648355781804373,0.039927892243202555,0.01039913619055459,0.0884386913615257
1.1388735531399907,0.10975804383313943,0.06138297097048593,0.008321756751886102,0.08369244837127202
0.3471575881002794,0.14083217982241863,0.08485527183582753,0.009932817519372687,0.08419821447521615
2.038189510336167,0.14915542237093357,0.0838968548575737,0.011878783903848694,0.08130180803561554
0.32616324964949056,0.22815793401481846,0.15801736437956096,0.013774851854132433,0.0784729488503712
0.8339829686125005,0.32895514893196953,0.2477217874469717,0.010846794711726766,0.0640959136543485
2.4063672645181517,0.2854988231907072,0.20589033591045244,0.010667150854825367,0.06956965753396689
3.3798431276110765,0.2809067358357164,0.19747529889428814,0.013763171285953404,0.07205026841820968
1.317084169980608,0.31745209107388467,0.2342380698435192,0.012511978518646582,0.07796988364717267
1.0735748873143065,0.23337059004512267,0.16130584142593832,0.011762494684412988,0.07945065995225133
1.4538409738641103,0.1918096460467706,0.13026764650246575,0.014838009892437892,0.08853379171611771
0.3880774883515102,0.27252391063373627,0.1973023398487817,0.014787537084251864,0.0910964815266619
0.3900922681394797,0.26288779307457494,0.18824817880931372,0.015788726915267625,0.09143766150388882
0.8027526147509987,0.23185445132045185,0.1647921211015799,0.014254092054322876,0.08149594114191172
0.9157869449526387,0.28496691690379544,0.20530821357360451,0.013966046462690361,0.09872013712344024
0.49566638833263954,0.2850596399169217,0.2121634657579452,0.01186240559853954,0.10129944312349512
0.9645986847490856,0.18727729154749062,0.12437784158348131,0.0078043373307229566,0.11612296330592606
0.4983742123470265,0.17365111213549825,0.11579523020827588,0.00571653336362525,0.12353598653911935
0.6523534471044022,0.1665464682798622,0.1072116518621792,0.007281298807750065,0.12986664709102533
0.35282706228268723,0.16015954462815266,0.10319058124698602,0.009281590248080573,0.14576753054290864
0.789927732911269,0.13175045038154293,0.07868958166020523,0.010129666615344531,0.13389048943744433
0.33770648027667,0.24800779103922058,0.17880226856478953,0.011548935642358473,0.12804129413891957
0.30887239931648286,0.2274273357499984,0.16086583401258708,0.010933208586068699,0.1382602575809429
0.3302301253792937,0.24369308681972926,0.17371500048522207,0.012841882712239535,0.16173253163070714
0.4818161089231415,0.20395320888328147,0.1400563838636798,0.01281533670600017,0.16980894915131706
0.3758684538407652,0.10359946998878648,0.045827928548790364,0.013086124023176634,0.16681007221740365
0.4344487562744093,0.1353831725957699,0.07786747285114692,0.012700926010971093,0.16331427533255383
0.3501837457617795,0.061258912459497744,0.0047795209049694976,0.015818125113819255,0.15665975372084695
0.34619593308192903,0.06699186118785166,0.008240579443743536,0.017759145648082276,0.14797671076829388
0.7330557705545588,0.14204985584806687,0.08218173581643115,0.015882267233117583,0.1551875711434362
0.6971395051611067,0.14265340841496474,0.08365124301346134,0.014820058084534715,0.15230204710857498
1.2382919562097283,0.16121218914070842,0.09598611260849188,0.012163773495636914,0.15661167507949592
0.5341271380811727,0.1828884631395426,0.12056000222735316,0.01368293325306721,0.1724882577378615
0.5862397846741134,0.20671898767563138,0.14148315697176234,0.014409188574767992,0.19069972371539323
0.47339884714994523,0.2269842117568962,0.1556792438723041,0.013875616655753707,0.19007770460844958
0.32263520310977006,0.216381072014926,0.14864311985236778,0.014029835591064927,0.18336639987122194
0.44355336344387314,0.2290558299340237,0.15551804803052224,0.016098546804498584,0.20377575329474296
0.4026168500682033,0.18757150650805166,0.12507702439177282,0.012623751842284101,0.2034121544102229
3.0352793939151796,0.0940988743787578,0.030764128460110687,0.013575441008435472,0.19310727857427945
0.34327973109007115,0.07000931529043389,0.012741657908286443,0.01616796125737309,0.17414916834422378
0.2995599222404988,0.1741127159921824,0.10771056714219257,0.01605045416570918,0.18674669260016946
1.8996426591481375,0.14217399427575564,0.08487805305491439,0.016304661953000874,0.20822032331099988
0.3975378843748617,0.09610446461135697,0.035899258115551,0.016004122421044625,0.185685633667786
0.47457825264384285,0.11292913654387068,0.055382682805152156,0.014868378492739174,0.17013037665535782
0.40473784032689875,0.08672753962633883,0.030862385516863267,0.014728603791348813,0.16616360629432547
0.5732296306595938,0.0713134333022623,0.017194793891088175,0.01515422349252822,0.16476687575119364
0.33830148420189693,0.08188733124493054,0.025090898221472063,0.01499248919758659,0.1737783343428814
0.38755823232971753,0.14006752893670266,0.07903152573055644,0.015502966957517787,0.17944181731547848
0.45055931258216547,0.08490048340708069,0.029746358529858734,0.014503739590570427,0.19466735053781248
0.3266198569799402,0.10936605885848669,0.0522878239926925,0.013199353677575975,0.19116412437928837
0.44414938447671126,0.17225802197489787,0.10773682948685168,0.0164485765789188,0.16049524002099202
1.0473382734270946,0.15746096645592925,0.10034033797034143,0.012717866075741158,0.16763672448630407
0.5385337717569052,0.14905463483472753,0.08608805809831334,0.013138605450022867,0.1681870170113038
2.3216101527530433,0.1793678804235753,0.10882856558164064,0.013813331079452828,0.16078035820834105
3.425424963458783,0.16230543949540166,0.10741726775725324,0.014650164378488286,0.15386581115974296
0.9677505962974704,0.2027181404731999,0.14018323928390672,0.013463117696652482,0.14331587232730672
0.3659932999086985,0.16630166055556156,0.10602206812902182,0.009734887950285553,0.14464194107571873
0.42259169975530664,0.222307827130298,0.15626623702554693,0.009341981223868664,0.15751912413271282
1.659372253220305,0.2641309551967982,0.18837722465680656,0.010709888840670203,0.15773566370575864
0.3075673877921541,0.20236788768457692,0.1418548623560098,0.006978814943028398,0.15164081093306442
0.6661142186161588,0.13755324720414788,0.0865090749654919,0.007136514216742519,0.1581223012248271
0.38643394498231637,0.14150332539028945,0.08791982327528913,0.005252366720588894,0.16737018934719666
0.30002124582051926,0.1537995295711374,0.09797251556164407,0.007770479458716466,0.15000587147441935
0.3239218935932675,0.15368418574517645,0.09990658265427727,0.004876241197878982,0.1506917007585266
0.4738001885658961,0.14061078217578452,0.09258540415608144,0.0029226616934673877,0.14963219429291205
1.3021346054686262,0.0963961528282451,0.05405106985845575,0.003775889547380483,0.15283648735138383
0.3165871244547235,0.12172389158423592,0.06995836296510909,0.006708395440514587,0.15272668245882495
0.3379918096617961,0.11314945775453791,0.06132003227874168,0.007919975625748837,0.18184151348693306
1.3244741132490994,0.10981862862085119,0.06236950723489093,0.007879249497911673,0.17357837163269207
0.373346497566298,0.06779244222367105,0.021793250417556122,0.005872710795367034,0.18247224087349737
0.4433168767455401,0.05599157556112179,0.007247675657603168,0.007348122353415355,0.18795270292702584
1.3350198547157601,0.18056293520314787,0.11940760193651145,0.005893121061269806,0.19378734635619044
1.3730539037743015,0.32036090930608396,0.24919943923620888,0.008906284275026561,0.18528852204163343
1.5282387886970983,0.3434329307017658,0.2614327312573587,0.007622960693566981,0.19710637866415204
1.66482201720098,0.35832548767666833,0.28902062759855984,0.0020422374328114435,0.21882414011207568
0.8271123918907419,0.3466639069114213,0.2756944227361199,0.0020688727670473022,0.2103295470270638
2.3796898297602396,0.33539648964136304,0.2723746490440106,0.0009107788251883485,0.20289345175899404
1.5170844176420348,0.35862847351903404,0.2898844333635511,0.0009414035518365096,0.2175059708553823
1.9076077987132913,0.2766028566401092,0.22093306921974076,0.0003477719267005494,0.20332755141112516
1.3370276315324297,0.3094679396774034,0.24545951004054137,0.0030383871633591036,0.19109946146995418
1.0164303264722392,0.2638211391092205,0.19936576492128358,0.0007610638247410682,0.18987228771030026
2.3984219112095677,0.24643192754947985,0.17953138148945746,0.002581995746557788,0.19458219729977505
0.7760259647346004,0.23548707753959897,0.18121688026529317,0.0008253979890132115,0.20091800365024434
0.5577241325335329,0.2800737049303504,0.21848173395931336,0.0015589838024084811,0.20816113334919917
0.5549968292013484,0.23545280931971135,0.17592211543518244,0.0006010874354114685,0.20944167132442348
0.30944518537484883,0.20860573170229987,0.15314968349405234,0.0012118657428473838,0.19909095953489875
0.4527698083891878,0.19346698591495043,0.137707646115851,0.001803661115106611,0.20541725819997567
1.269092080555028,0.2042614301155029,0.15481716115585734,0.0009047729014336149,0.22609950505287954
0.6132094863194018,0.10585067632149997,0.05929136920702552,0.0002355968128830801,0.20364506291842047
0.4071621324384864,0.0984099996805748,0.052487450602446854,0.0013242081197942098,0.17185424796328416
0.4875127469531426,0.13565432986422718,0.08628650502696383,0.0009262717233760756,0.18111752410797013
0.7697816924773456,0.080831188278881,0.03968267701745248,0.0022330978029533434,0.19342284580819868
0.4059020856236157,0.0507859326230354,0.00913867914732176,0.0030313478581125604,0.1893066113176876
0.794896658631476,0.09566998686555162,0.05113366589735392,0.0045753975908671965,0.18965755233253181
0.6878893510406159,0.12323096143273678,0.06867020590889117,0.006481726998866028,0.1941872123068329
3.1880357340558385,0.04572585382980231,0.0107530806763316,0.0036824832882256238,0.19076530636947703
0.592417108811133,0.04517539093005956,0.002907805415032088,0.005203336715287796,0.19886828978514345
0.45695767009012256,0.05904241917272788,0.01213672479428704,0.008138545313742342,0.17472706109934735
0.5694343813928695,0.08536845403445817,0.02978258170209528,0.011240001308001372,0.17161767370337783
0.349280718201923,0.05584540647338308,0.0036934196021738384,0.011974742863002857,0.15251313400776523
0.3544312224286997,0.07284550736024574,0.022451327019518595,0.008584692748081896,0.16344436231245024
0.5270045595643564,0.09625431194984266,0.04444784844949748,0.010719827694970777,0.17596004582933544
0.39023092602192977,0.14907112000289663,0.09273414156579246,0.009996835491754287,0.19633531234924423
0.5412723353296242,0.10729856558670872,0.053192132680279204,0.008029696634974513,0.2110313117134949
0.5796302710481185,0.14283297726736754,0.09268290565133255,0.00540457789381687,0.20526803065481886
0.8263530897329051,0.07352740436555208,0.02746261377070787,0.0079177837314985,0.20595864254918064
0.7225450686657144,0.06165582510362504,0.008762373013938514,0.009799857447305237,0.1866492433693528
1.3890035201178492,0.06362810036900021,0.016372492028390483,0.011406341702708723,0.1759254038827732
4.050623655564286,0.15248491491711033,0.10161062164977129,0.012424596526954601,0.17695736246038588
0.5411038744167233,0.13248718345398827,0.0746123302791361,0.009553500930279778,0.169136395224579
0.37913004887312535,0.13592882442632856,0.07927607955831764,0.011372715219934774,0.16821058152543655
1.3544187191882635,0.1224559156381816,0.06949882204730859,0.012432087753886214,0.14430433191301043
0.40734466463770347,0.14831697576963035,0.0917591451157869,0.010403559627791856,0.14705785492953954
1.6415424595580812,0.18414970581522674,0.12928261581606354,0.009335463242636156,0.15411406801202066
2.6392796893494093,0.2057802058528779,0.15031260017725212,0.009677386288353086,0.1618084908712591
3.2591467677244395,0.25734393138120903,0.19709339564285128,0.009873645899703886,0.17236225023279292
1.3565389195458728,0.4078582993416875,0.31989948610735164,0.007680404447898066,0.15983024779438815
2.2995012549095413,0.4654867976313526,0.3728082832463425,0.006020398788215731,0.17018567595969558
1.2506028550349622,0.3969251476051131,0.31606405216018474,0.0047005896200843075,0.1652383474826976
0.628346236770861,0.312846479172846,0.24341077878611866,0.0018823238814269917,0.16811961264018166
0.8038590306113412,0.32669566845402076,0.2569866793269509,0.0041975092003521,0.1686597420406982
1.9518596097332606,0.34169111182288386,0.262774721900471,0.003726129890802502,0.20478612745297506
1.1178020238904824,0.38526344060536744,0.30637646794914625,0.001776794106474628,0.18894843101670483
2.2182486610088086,0.363988117082388,0.29660885096922324,0.0006537155497250602,0.1878643827289949
0.6021917298311696,0.32462152708523534,0.257463093005338,1.611324221783791e-05,0.19881815303667705
0.8264004587087723,0.352317207183556,0.2793205625945903,0.0005103589210093086,0.18867036075353696
0.8485186322406538,0.3327762016840247,0.2647556360349287,0.0016903188264108175,0.14892065122782872
0.9405700724660992,0.32976328105566294,0.2614863748769875,0.00292565894183334,0.14168388270172846
1.755324618177145,0.40818811627558244,0.3202635073548796,0.005333849752693305,0.11541868967179078
0.5814351319656532,0.28096088174181044,0.21484391103243317,0.006183003258228601,0.1192235402560142
1.0852904351192092,0.24478289453708463,0.18376652714039046,0.007581700211358294,0.12001715274307537
0.376211890333329,0.11682458514674704,0.06258109554562018,0.008314636344738058,0.11493852222512302
0.3422742426095506,0.07724433500003403,0.024533250138504173,0.011367088507618365,0.12318915166037087
1.8261899553043617,0.09932370964591793,0.05234538327820899,0.00936948406239806,0.14658075764342401
1.7632094276338706,0.06826279024357623,0.026003820141182597,0.006881063402788979,0.14592807934963617
3.2427023370883576,0.10053991161628531,0.05858797994693992,0.006691313874018733,0.15147020898910374
4.826515082639631,0.05009600234110148,0.013152787562375493,0.007633538507829953,0.1598283555556978
0.30673132822581406,0.14376554451510454,0.09029653910990859,0.006482163372082887,0.13013682425381373
1.510081300628875,0.15960530517144886,0.1003562140408891,0.005726316095539446,0.13496667565143075
0.6897461483462672,0.15956896023007622,0.10248852224358886,0.00556433329793666,0.12787341389605875
1.6593114010239092,0.0944338489643702,0.04998558500844504,0.0068620689311202805,0.11816141932249599
0.3472666327685923,0.08463583640375212,0.035972646846469364,0.006967480009025951,0.12284316942657492
0.3493290506416948,0.05163526673084366,0.006783117843137586,0.004974470547373749,0.10520815662179023
0.34524225817009185,0.13299282764908837,0.08220082296501788,0.005377872963695557,0.11465395968873737
0.6288645925916735,0.05935885083975323,0.009577114732740574,0.007183979732652819,0.10656056994415629
0.85817677606227,0.1373736072105714,0.08081329150493465,0.006638271272374259,0.10234217798256591
1.9351718341798485,0.2712472657051232,0.21381471883675213,0.0028639966190328976,0.12414368188690202
1.6439236760436313,0.37329541388013115,0.2916027745993379,0.003339700368801598,0.11888145635811206
1.173332267409266,0.3942956312267256,0.3105735724727847,0.0058096132644731265,0.10304870463193927
1.6103688309621327,0.3801042834633984,0.29535115619845886,0.005730827140532931,0.11213511925109956
0.5946765277159904,0.31561882989658074,0.24295338681848427,0.005175109907650853,0.13548139554806204
0.31207174144736405,0.22943166439846735,0.16890202759512624,0.004572256394564838,0.14384708276947406
0.6813110070275751,0.3271760585630396,0.25821244400708343,0.0024603899724375297,0.1506371106810764
0.43293316473901966,0.2868583092301985,0.22251195021915363,0.0012742698914665668,0.1473380831563351
0.5184176125293554,0.3070903693937927,0.24212629799850086,0.00015952825698841702,0.1454306701667623
0.882039630868033,0.3628264103104772,0.2905681870398596,0.00029826238389557227,0.15053148774719416
2.672989352678686,0.4223550717263673,0.34490021904815243,0.0020615336706226632,0.17781479155510618
3.5804686597036977,0.4976820718980763,0.3973717916478023,0.0029620958856630937,0.16802044159942633
2.9954565871605987,0.48492584917298087,0.39414261077929186,0.0028776209636691375,0.171131975620024
2.227352799565232,0.4530941608740581,0.36078812842994257,0.003850940037120607,0.16961248967702094
3.235442254802784,0.49487401119640995,0.39487942456330116,0.004242857141906205,0.18846487060819295
4.2410475417285385,0.5387165800783985,0.4295675513527875,0.0076329297832113995,0.18854764636563898
4.016192928408866,0.48750143176352334,0.38144524109772726,0.008502288611911003,0.17060004080147978
2.0374740747204916,0.4215661805400908,0.3362247888444416,0.008321942135633769,0.1672928385767498
2.110800505208329,0.34677049822944933,0.26155502435880795,0.009151573669604928,0.16643884082834376
1.1133240609702664,0.3848993543615856,0.29744365424169594,0.01031491992500517,0.1539849666649897
2.80524798910904,0.3643086484771242,0.290090921168468,0.00893573018790487,0.14819384519800793
2.5376969382730925,0.4138326446968712,0.3299629911316097,0.00991198898322952,0.15181661417407766
5.249455117613631,0.3108140395942656,0.25056306325746475,0.006246354384765979,0.15705117285796627
4.814107107809248,0.335233888980955,0.268931054303592,0.008531975439167947,0.15375348783072437
2.0261822982117503,0.33943136685921343,0.2536397107380165,0.0108506865506918,0.17217710381974552
2.3158051486344022,0.34473106198354225,0.27096752620315523,0.010406038055762647,0.1898145647209133
3.2067434167197866,0.3223921265843515,0.2537205508778284,0.010141988021104685,0.19722475083411825
3.9148030529702553,0.3244019544998807,0.25851065967951553,0.008221791141917663,0.19175592897490046
1.1265367217955249,0.3926235862661651,0.30937708432245176,0.006394687376214761,0.1800768193834269
2.7315837563489582,0.48718546428872084,0.39067611574139643,0.005093722673013959,0.18331029637127078
4.795298857686995,0.47295962406338965,0.37348859856088,0.0021373412099521512,0.19338710884000718
4.209402704861715,0.48598980825427895,0.38532289260443314,0.0028030304234425386,0.1991787509461314
1.7423965720659587,0.4300726434659842,0.34249937648884105,0.003336764125716981,0.2060539594905438
1.5391127775296287,0.3561603785915267,0.28623914975799863,0.0026341900905852474,0.2000314295957913
1.3258077703895772,0.33017311264853705,0.25554815068381104,0.0022954816835139345,0.19599190881150524
3.717593496173445,0.29111152239452065,0.23638461600043398,0.0008846310879525483,0.2074090447239126
0.32334290379228275,0.23538083600102136,0.1754121393032615,0.0036500340208926213,0.18939256949310818
0.49974446013083823,0.2674825313243193,0.20714572546076415,0.001646566666009974,0.1938674981142926
1.839539714690854,0.17416556117330145,0.1184773858058946,7.716048553260799e-05,0.197212212374103
0.936850899239949,0.1766934950093727,0.1210513274469165,0.0016481153818172654,0.21251192068516125
0.5081313762850556,0.1800339125524364,0.13106049289417382,0.00033821444522437786,0.2169830826985727
0.368262959717785,0.1546728368923788,0.10405913924836617,0.0011103398314171193,0.21855284419919144
0.309250639648464,0.22289632325972425,0.1664848968042677,0.0013465061951533368,0.22756149603667164
0.7463187798060192,0.32190951473874974,0.2566979773498747,1.3581523509489154e-05,0.21926712873678075
0.9463183404836937,0.36241158625514325,0.2845246731649799,0.0036344002444425286,0.239057566928831
0.45244322681915633,0.2868979974577819,0.22081259120528057,0.004175385119204886,0.24105015237805202
0.6044254264773464,0.32466881290866023,0.2504909518610129,0.005958105396710978,0.23100770479666702
0.5143630293155648,0.24128624301627455,0.17732618926391341,0.004660870101010375,0.2407522816543441
0.30547114496691563,0.2052623085117145,0.14835512767654072,0.0040083582162068546,0.25446529822738007
0.776888244160375,0.3290516372973353,0.25953713518981963,0.0034561409451798917,0.2792600792439914
0.47439728322309377,0.21565100916185143,0.16222192113671657,0.0008830741590358979,0.2798515542763523
0.5049437562104008,0.15193615624404863,0.10180681246097782,4.465883121267675e-05,0.27840108789618173
0.6342911523226412,0.12167154214761007,0.07893639914226777,1.8583627441791714e-05,0.2626944510887703
0.5045707610970952,0.1906445850709242,0.13582726635294484,0.0008749623323500529,0.2800724856771212
0.5941762340379775,0.14858517019195158,0.09634751682580299,0.0021122303042017086,0.27639727823460647
1.4984697085044925,0.11392710246622781,0.061316652316079266,0.0033395173457587256,0.2703006002062569
0.4040272016588622,0.07630641836752791,0.030346674591280844,0.005553633626486839,0.2683746988582324
0.8575435282329998,0.11987536517602182,0.06621064561001716,0.005347763183115868,0.2564511436594566
0.8970215340147316,0.1671979629807148,0.11731884713268181,0.004045012049041646,0.2692107294581849
0.3013272562763112,0.14788585814687596,0.09629885266704027,0.004015548233127052,0.27572193469032535
